1659.0263982000001,1377.1145656499998,1121.88356295,918.5995002,715.7416935,569.3140827,458.983428,352.65400245,259.0611783,211.77394755,171.1295505,135.73871535,
4308.60421695,3672.4499055000006,3000.8083719,2449.5757743,2071.2486861,1714.93661715,1390.3833402,1186.6390071,965.5827641999999,757.9789557,545.2002582,414.37144485,
898.2905346,750.1722559499999,659.5407043499999,550.4289225,444.13725135000004,375.36265860000003,314.589282,256.29401355000005,199.53471465,162.55780905,127.64270535,95.69233424999999,
35.39437425,28.13751585,22.48819425,18.0904179,14.835217799999999,12.50490285,10.0211514,8.17049655,5.8812567,4.550892,3.2410962000000003,2.53206255,
526.22126025,429.17067255,346.8419295,278.75622104999997,234.26823585,197.46623505,172.1001594,142.12234335,105.8737683,76.3783593,58.78184505,45.13743255,
1042.3436603999999,898.32028335,696.27257775,610.30178445,481.54030094999996,405.39863865000007,344.24071125,272.64450480000005,222.16439805,171.60171015,125.77630289999999,96.8157477,
924.4958991,739.8929835,616.92621075,509.3055054,430.1615289,380.29996785000003,302.3214462,249.35372339999998,213.73412205,178.955991,131.7106389,110.40069105,
431.0927655,358.20792765,300.10209915,259.4544456,211.75217414999997,181.30492425,150.02851575,124.7608089,101.49258945,81.3312321,62.80269704999999,49.756929299999996,
1743.0551835,1357.82491785,1135.1587947,989.2346784,810.9154551,662.0997481500001,547.3076733,445.04324925,335.15274645,270.36750825,204.45734894999998,154.918566,
334.81289835,282.32799435,240.21131865,208.32414615,172.7540019,138.43984185,112.4125773,90.06143295,72.13343685,56.39051925,43.8331032,32.9053809,
879.201702,687.6195468,535.6154523,435.00860805,368.48006369999996,309.0895935,260.1181494,210.72684644999998,161.65080705,134.0606046,102.87847439999999,81.1429392,
1008.7332342,806.0281164,627.57256275,511.9729701,423.15626640000005,356.4037788,291.63150825,231.89826734999997,185.1302436,156.9554181,118.85682059999999,91.74791115,
1311.22795005,1047.6738531,877.0818874500001,718.3827565500001,583.96422135,461.0133051,382.57471875,316.83837855,245.48115015,197.6534388,157.89735015000002,111.2339187,
1929.5886216,1556.42963715,1271.94641895,1037.78365665,839.04401385,726.36757395,593.21553765,472.848657,373.57200795,307.75725345,235.55325419999997,192.8678781,
1832.57570085,1531.7605093500001,1253.81257665,1033.46060325,885.2260061999999,711.784536,601.6859325,499.46608169999996,387.59465775,306.47361555000003,245.46007724999998,188.76877245,
5287.07357745,4596.6189183,3703.06259955,3118.9911039,2663.2104615,2204.6448507,1826.8248784500001,1502.8033896,1235.04696975,1015.6915878,819.89925915,655.6702419000001,
3207.06924825,2687.0688489,2258.28652125,1889.12189385,1566.282315,1295.07817725,1078.38762555,897.7533654000001,697.7208339,541.65047655,405.14192385,307.18370355,
1705.4770689,1334.59234995,1087.3755618,855.8006508000001,730.55163555,582.9782077499999,476.66411519999997,365.1092373,305.47692059999997,239.8410531,197.49113384999998,148.24480455,
188.13793635,150.5631093,117.05609580000001,95.77138049999999,77.0516622,62.717138850000005,50.53953015,38.37329295,30.9849066,24.534348899999998,19.72331325,15.0820641,
117.46836945,98.02229804999999,82.0270977,64.34543264999999,54.007804650000004,43.497638699999996,36.3329823,29.84158995,26.622108600000004,19.00118955,15.110303100000001,12.844705650000002,
1682.9210482499998,1424.64661095,1233.67263645,1055.3791208999999,917.04311115,779.39153475,635.77858275,503.7526407,420.06352695,334.43803665,263.26718325,189.3603717,
2402.5270579499997,1943.4711111000001,1631.1164079,1426.4728713,1166.3548432500002,1011.61215255,835.62869325,701.5449528,551.3766163500001,423.0435372,331.27012545,246.27120840000003,
26.8248426,22.3014678,17.86052955,13.827428549999999,11.2791156,8.4963096,6.5228499,4.820641200000001,3.7837791000000003,2.742357,1.857396,1.24956465,
1057.7627773499999,877.4032104,749.71811895,610.9678965,483.85321965,390.56944725000005,322.48199669999997,277.03995675,211.9151853,163.0620978,122.82418095,91.3476471,
1224.167892,990.4198371,824.5018671,656.12215875,527.4958974,433.3587333,350.32103715,288.2691459,237.6482901,189.13347945,144.51816509999998,113.89864424999999,
1328.9405471999999,1070.1127755,902.5799073000001,760.0088571,623.8703502000001,503.99918489999993,413.76734534999997,332.5907475,256.5854769,217.9692108,166.8410793,123.77585355,
128.60735849999998,102.58072154999999,83.65158315,71.1694179,59.890218899999994,49.9470597,39.69823695,31.1640132,24.06635715,18.568090650000002,15.0039735,11.319853049999999,
2366.8028196,2020.72588515,1708.4547294,1344.03620265,1123.7684199,931.5870813,784.3982634000001,611.28089925,495.48754005,419.2771227,301.2372345,233.11919205,
1257.6165864,1047.38240745,880.9635099,750.9131733,587.0360110500001,507.17686979999996,404.66013449999997,310.38700785,270.38937749999997,197.24908845000002,165.48279615,116.72579745,
557.2364745,455.55110985,374.37194654999996,306.78139995,259.95281715,209.971518,169.87221585,130.33337715,103.06030995,82.28747205,58.82248935,42.7998633,
2015.9074708499998,1711.9540917,1430.74472835,1124.46325575,938.14006485,800.82183255,666.8818311,556.55254245,450.33929355,367.2711693,284.9294835,219.51560415,
1743.25218705,1444.7780985,1216.3608777,999.5271996000001,812.0800194,679.61074305,536.7785448,429.90460965,345.7173027,264.20873655,203.6604147,158.88535904999998,
203.17113405,163.4990403,139.19862975,115.22968755,93.806193,77.5726155,65.8873932,54.48038145,43.1049174,34.66984875,25.8734847,19.46198295,
97.43721914999999,78.7905837,63.48865635,49.874086500000004,37.5618969,30.976004699999997,25.27303155,19.56660615,14.5814874,11.25179655,7.998979949999999,5.924133299999999,
1589.3134575,1286.5932240000002,1062.1962426,909.6898849500001,770.8779547500001,641.16976125,538.92701145,442.62053190000006,334.0305564,264.62521035000003,191.09534685,148.55867025,
1605.43455,1252.8683181,1077.5474985,929.5532131499999,799.8334262999999,657.1505166,549.9965685,461.05544505,364.7729619,286.3076304,194.90439525,135.9257442,
468.9711951,394.76818875,346.3007712,291.46537815,236.16857535000003,192.07594695,165.24190395,138.28572885,106.687893,86.8520439,69.1300161,48.03677265,
3672.2893824,2898.4701198000002,2393.1262343999997,2085.0524454,1784.5277478,1508.8235152500001,1211.26710525,987.89378895,818.1295648500001,650.4306741,514.55546925,384.52825815000006,
3876.6328227,3330.6144030000005,2733.63661155,2256.66786645,1861.4329805999998,1615.36017255,1404.0351537000001,1108.90178385,922.5309354000001,706.7923489499999,514.5977109,403.6152672,
3290.6894649000005,2727.1065066,2274.42018495,1861.7456678999997,1555.9331376,1313.74142775,1056.30977025,826.6000707000001,675.9568205999999,520.60556835,359.1406512,287.57164395,
2568.7719339,2063.0127048,1698.9505119,1428.13106805,1151.3836587,914.9477483999999,724.9622911499999,616.9843137,494.36828805000005,375.70522934999997,303.0125709,243.6055818,
487.7658897,389.4868809,307.66891035000003,252.64174755000002,212.14807845,176.7245505,143.39223255,125.41239089999999,97.05965700000002,78.21261375,62.497936949999996,48.0450354,
6115.5267768,5117.14234725,4461.345160049999,3617.5132444499995,2970.60417915,2596.5324804,2089.11155955,1800.2930136,1437.12538845,1083.38949645,818.7255044999999,687.3113839499999,
794.01332745,662.3521776,550.0783801499999,465.4439808,393.3336852,326.79454995000003,267.04888185000004,208.87598655,167.4395169,122.2160682,92.78976105,69.38353065000001,
1103.2215,927.4944529499999,800.42634495,673.2661952999999,579.83258835,477.53704125,387.0658863,309.39899535,253.07663250000002,208.44308535,157.72475219999998,124.17764369999999,
1011.8817888000001,822.46735875,696.60295305,603.36238875,502.26943275,427.7806569,367.1313165,304.16256045,241.44073995,192.41881109999997,158.2653843,118.24357380000001,
196.4213679,162.82096695,137.21865194999998,112.59710759999999,91.2245769,75.79389645,61.9512351,49.24420875,37.806730650000006,30.336957899999998,23.51650755,17.1968205,
1859.8944652500002,1475.726115,1170.3267675,956.02942245,830.8620867000001,728.83861065,603.4732191,494.11180709999996,405.09013965,320.97937275,236.90629754999998,200.8190727,
240.0604953,204.38344949999998,170.9052909,146.9390919,122.80643760000001,100.0220328,76.5517965,63.745653600000004,50.20428285,41.8330311,32.49534075,24.796239749999998,
2270.99627085,1848.0212420999999,1512.98940795,1289.7202341,1030.14228495,804.8350425,670.7552068499999,512.5672089,418.19916779999994,342.1939836,279.71649165,203.17580145,
184.66552230000002,150.47491035,119.6135016,98.55117105,82.60552200000001,65.21720565,51.50797800000001,41.8306599,33.56906745,26.839246950000003,19.837715850000002,14.619003450000001,
1156.56648045,933.364476,771.5510045999999,624.8449792499999,529.65562275,429.18395940000005,359.02342605,291.73729785,240.90526665,181.79658405,152.37779025,106.8863757,
3701.9556996,3088.8162949499997,2650.37545125,2170.56699585,1780.38346215,1511.8950291,1212.1754295,1062.66289815,807.7718481,645.2288109,495.4700943,367.06684695,
2516.8319607000003,2067.3841872,1782.7500051,1518.8133263999998,1268.14644735,1043.5965428999998,885.22502325,739.2899883,618.5999241000001,495.60075314999995,355.69288589999996,271.57035915,
2662.57260915,2238.3543741,1902.392538,1582.6599783000001,1333.94943885,1110.1660596000002,950.3257267500001,768.14650065,620.0392401,495.3124239,387.55952520000005,308.02029825,
115.23067470000001,96.55051830000001,80.03025375,65.7569043,52.98929940000001,42.0870195,33.9989223,27.780907799999998,22.19056875,17.569154100000002,13.766840850000001,10.34527995,
67.09826175,53.69595645,42.805876500000004,34.5159813,27.603412499999997,21.79223415,17.2335945,13.27782435,9.6373461,7.485748350000001,5.64601575,4.0808278499999995,
109.2736731,92.98426065,79.25543264999999,67.6106178,57.119710350000005,45.984412199999994,37.8679098,30.57666765,24.196680750000002,19.62058785,14.139597900000002,10.79685465,
360.6015852,310.3387803,263.31718904999997,229.54695795000003,196.93817909999999,165.50653125,139.9624521,113.78599739999999,93.06335025,71.098875,52.377817650000004,41.6472918,
1014.0979956,836.7057789,710.8696810499999,588.4379248500001,485.31349904999996,409.22143065,346.44711315,282.35158064999996,220.61265735,187.33567995,150.96061215,113.82476295000001,
533.7224505,431.54198205,370.5407328,308.29777965,258.13020704999997,224.58116429999998,182.19519105,145.12254854999998,114.2972763,89.1325686,65.7284193,47.9685669,
1743.11302185,1421.9594406,1190.1316921500002,979.4997862499999,812.87121015,671.39034315,543.0192393,453.8381256,373.4852487,297.655167,242.48248335,188.35887344999998,
1844.74435335,1505.3241174,1286.2699149,1099.8581924999999,886.07344725,732.3550842,566.57627385,486.0887589,410.68856880000004,346.40397945,264.0760953,208.95401505,
3125.46843,2635.2182344499997,2180.2791337500003,1836.57100965,1536.2274700499997,1273.1051952,1052.2425408,833.23518315,696.3595668,579.16270665,462.19555619999994,344.28050325,
3541.9732022999997,2870.5471464,2361.39780765,1956.1215169500001,1633.30539675,1341.2904257999999,1120.6750272,857.99985,718.6517679000001,555.7545387,451.49396235000006,341.7129222,
1117.94438325,929.2280557500001,811.3200254999999,659.1135385499999,545.36459745,453.15630524999995,364.13721435,311.1997725,252.59201865,206.07605159999997,168.0866886,128.40767955,
2898.9036158999997,2336.42600085,1880.29808535,1634.1436427999997,1431.1025145,1185.4170961500001,977.283003,742.5169421999999,582.0479691,488.32348695,365.72051655,288.2233644,
428.59085070000003,346.61384025,289.26985485,245.73807615,204.98085915000001,164.88160875,131.70139185,102.29250644999999,78.09003584999999,62.05560405,46.29204315,34.55825445,
340.34145045,297.33130515000005,261.04665405,221.28743475,185.6384028,147.60650295,119.29408005,95.62513755,78.2641989,61.50507105,46.482942449999996,36.27435975,
4431.7711278,3415.1433743999996,2765.68228185,2314.6379346000003,1853.75513145,1590.15509955,1352.75870115,1107.1351335,940.3372752,741.0927936,588.80573895,475.3763262,
2091.2022468,1471.5387329999999,1147.0878199499998,932.4983656499999,738.0005995500001,591.9211992,516.21306885,414.99719369999997,308.9039388,251.89156485,214.07624550000003,162.97540995,
492.6508842,404.20602495,332.32992840000003,282.38712705,240.06366630000002,195.02625870000003,159.98585444999998,132.32509485,106.7403213,81.23294565,60.37298175,42.1359282,
276.18479955,228.03472815,189.19470015,163.01586465,138.7054728,115.35626595,93.84212025,78.89218875,62.7198762,50.50337205,38.787012000000004,29.27623095,
655.0618884,551.98532145,478.32212415000004,392.23362885000006,322.07382540000003,274.21207484999996,222.35025659999997,185.46791025,146.899569,113.17087649999999,87.01989345,60.2074671,
1608.4210044000001,1360.704246,1117.3252023,931.406523,752.94325935,609.1759626,505.96321155,398.07146624999996,311.01779085,237.14458259999998,178.92065939999998,133.45663335,
951.9237707999999,765.0802836,671.8842285000001,552.64221165,490.7883162,385.33830075000003,313.9052535,261.7701093,210.3904458,165.00568800000002,126.35573009999999,98.38479255,
977.3996642999999,820.27805085,693.3213532499999,561.7722756000001,478.17509505000004,381.89431185,322.50456435,277.62190484999996,223.1340048,187.64888729999998,162.2942463,126.95552070000001,
1909.50955605,1587.11892945,1292.46452265,1109.1919323,896.8655211,716.98575915,607.98716985,487.30904250000003,403.90625294999995,307.93453575,239.31762179999998,180.71613195,
2271.12474465,1842.7960610999999,1525.9754595,1274.8798133999999,1045.1912112,891.7525690499999,725.13598155,574.32201735,442.46299680000004,356.2837641,292.88397015,200.58804944999997,
2933.4804664499998,2479.1190558,2030.3363858999999,1643.1743775,1377.382341,1117.5147691500001,942.74630355,764.7705078,562.0461012000001,453.5106843,362.96753655,265.1899179,
79.29354165000001,66.83285520000001,54.736530599999995,44.87950875,37.03585455,30.520020449999997,25.3722912,20.80267935,16.64693625,12.844098749999999,9.248167200000001,6.6975986999999995,
905.6188353,767.2137801,633.5116123500001,522.86379675,450.40034355,388.19015849999994,325.1723913,271.35333990000004,216.49143345,166.05590805,138.5099664,105.36929535,
2284.6659870000003,1810.8405949500002,1542.68023365,1350.1879405500001,1113.2459505,930.815787,804.1579338,659.88740835,521.42847555,423.79555859999994,316.9694298,253.01093025,
2311.0503559500003,1920.6953988,1608.7753792500002,1346.4134428500001,1143.0301559999998,983.4934518,815.99103855,667.35702495,544.2910605,465.24324915,376.1334,298.42675740000004,
757.2129111,614.06504625,507.67633650000005,416.4259683,343.09733595,287.695404,238.00063980000002,191.7527523,157.66226625,122.64428535,93.5279712,70.2000849,
640.3726524,516.8402573999999,425.60234955000004,351.8072406,280.11789584999997,227.55977324999998,184.82265389999998,151.01215545000002,119.33626905,90.20862105,69.9446661,53.44147935,
1058.25495885,851.7130944,707.93601825,591.20422635,502.40327879999995,418.85704530000004,344.5603557,276.93153915,228.2395008,178.12423875000002,144.2823207,110.12240249999999,
1370.6551779000001,1107.65049,906.4010182500001,755.0162241,648.0812154,573.18605355,483.8231343,389.89958805000003,302.6544231,242.7414468,183.15482250000002,143.15239425,
2743.9998520500003,2233.16870295,1951.9309761,1622.1153826500001,1361.95311765,1075.47913785,891.1255945500001,751.3298932499999,610.63378635,482.4827937,375.099372,251.17547385,
1208.88321345,978.8557483499999,819.49423095,707.91378075,597.95909745,507.3246681,395.41809915,328.45151955,267.32864175000003,226.49607584999998,163.9006431,125.28154785,
1310.291358,1051.89748575,890.96702655,748.39595745,623.35400835,530.02627395,436.02390794999997,352.82078895,275.14819245,221.21280765,180.9040356,140.03711385,
4596.0186093,3765.39932115,3108.738888,2701.68643635,2154.4971501,1786.3763050500002,1499.9197449,1176.11205045,1003.8648705,836.970624,646.23318765,552.60985755,
806.2649764500001,670.4403915,552.9952425,453.7277517,382.8593718,311.9352786,260.5352841,206.82420135,165.28932645,128.9468469,98.83615155,79.04820675,
310.3653375,269.5782663,225.99898785,182.09919674999998,144.3996237,117.08969354999999,98.1257607,81.97385055000001,64.7082768,47.8639293,33.7208673,26.1635523,
995.0925367499999,820.9567677,680.44220265,553.8014688000001,461.40010800000005,379.86809625,309.44327880000003,241.8440226,191.4952599,154.82995275,120.9346074,88.9156086,
575.3349648,466.08965715,395.69813955,338.25380490000003,281.54249415,238.037367,183.04120335,149.37641235,117.04011750000001,95.14385775,70.0040367,49.0049829,
1185.11978955,993.1287276,795.0278557500001,668.3491305,550.96517805,447.68676975000005,363.3609621,294.5220282,225.77780865,178.69071495,134.514609,108.45401025,
1795.66352985,1464.53469675,1229.23975245,1034.8754544,844.5160515,686.89550295,574.4021754,467.08887315000004,380.8185828,295.5464931,230.6541333,181.5120858,
650.3943042000001,535.5230451,467.39728004999995,399.13916400000005,330.36057945000005,271.84315664999997,221.15889719999998,177.8731998,148.5049539,124.63272930000001,95.14786275,73.30419465,
479.27560604999996,395.61496665000004,339.0751449,286.64736525,243.78912855000002,201.75560009999998,169.59247485,136.5731391,108.1471152,88.60355415,65.4591513,49.4226948,
4416.08951475,3607.1787084,3087.25087515,2538.40549215,2089.1572074,1761.8099994000002,1484.8650951,1242.67268175,952.76681835,799.237395,635.89395525,472.18854555,
1554.5426593500001,1282.3105935,1082.4582915,898.3313835000001,772.6732104,587.8124985,486.650619,399.4366119,324.0160476,251.00563139999997,185.54785005,143.50193565,
150.3058416,125.32258289999999,104.56847189999999,89.16449745,73.9564761,59.107755,47.943858000000006,38.3356287,31.5393129,25.64529255,18.4194789,14.3321601,
1047.4585382999999,837.3236228999999,696.47733285,584.37485445,503.82236685000004,414.9084486,343.32974025,258.0978576,206.1262359,149.66719845,121.29468525,89.76766334999999,
106.9007493,89.6402919,76.17162225,62.182403550000004,50.8250163,41.459981549999995,33.2425089,27.2330571,21.9997215,17.76199125,14.842672799999999,11.534290500000001,
462.50952330000007,364.99895295,297.3300306,244.69980195,200.8635903,172.5519003,141.6233592,110.6392473,88.81388774999999,68.32212075,50.4552219,37.0974726,
1896.62020635,1554.92865915,1308.89638095,1052.8163935500002,893.726394,757.00436265,635.3692293,537.2010978000001,406.91895675,330.69646290000003,270.29169,213.17652990000002,
3564.1336358999997,2257.0734648,1470.6786026999998,1124.6087745,879.4099734000001,735.78706215,551.44350675,475.07542979999994,388.05882165,325.24541385,246.0808986,226.04758544999999,
225.10702755,194.95762215000002,161.81958915,137.2683216,115.79893320000001,95.10503220000001,76.0959459,62.27522625,50.239658399999996,39.2651751,30.964428,23.657767500000002,
1603.2362842500002,1271.1699773999999,1081.3628991,873.45815595,719.1145482,612.20400075,515.2847946,417.1558419,328.9563144,256.93470360000003,186.651492,142.60156454999998,
333.58578615,273.48875625,230.91062220000003,197.86722465,165.26743919999998,137.7243915,114.88673444999999,95.2373685,73.5561522,58.192341,45.2679888,35.5197051,
40.7211306,32.5127247,26.42216055,22.5077382,18.0631122,14.1389703,11.2344858,9.44164425,7.56632505,5.8628271,4.0375185,2.8236054,
1483.8109313999998,1251.4312040999998,1008.50606595,840.5394654,700.9521873,586.61756745,469.4642331,362.3525049,289.28135295,235.50381975,182.10803805,134.54223059999998,
1177.0393431,972.4111281,830.5531821,689.61032565,575.642289,481.56384585,392.3375286,320.75781855,253.0214721,184.31818695,165.3740175,118.96616879999999,
1432.22484345,1175.0288386500001,987.9918688500001,816.9499284000001,674.3370006,557.0065122,450.4104714,374.27202900000003,298.36327620000003,254.97956340000002,193.78982939999997,143.72450565,
403.10602560000007,346.6109709,298.32307380000003,259.2944427,215.12192204999997,177.6644832,149.83116795,120.77472764999999,98.2481736,77.48289855,67.2429606,48.676000200000004,
537.5761509,432.47871209999994,365.15516295,299.75556735,254.9706855,217.50767925000002,173.5009887,129.99713144999998,105.3114501,87.83689844999999,69.9242373,55.7558499,
718.33597035,595.6953156,498.3053979,419.54358749999994,343.6746465,268.86891615,235.54456485,191.63891265,147.77350065000002,124.74211935,89.82989415,66.5499969,
333.90659625,275.92903485,230.13682035,195.3766503,152.09699940000002,137.21541165000002,106.73247795,83.33860905,66.5906571,52.660838999999996,44.716314749999995,30.3808065,
156.12037784999998,126.63904215,104.8414074,86.57192565,73.56197535,60.695733000000004,49.755017699999996,40.731917700000004,30.553413749999997,25.288165650000003,20.48212155,15.67550895,
873.37661865,753.9583896,610.0486806,491.14551674999996,380.79768225,306.14612445,241.44372015,179.4079599,144.76148325,115.44412245000001,84.56064855,62.27074365,
210.75612435,179.68745654999998,146.0691948,122.66405790000002,102.43515359999999,84.64310775,66.832086,52.94979465,41.07131235,31.78889295,26.02143825,19.59613185,
946.9468204499999,739.2889425,624.3564555,532.3208922,441.05973000000006,369.23231205,295.1528277,246.89626035000003,209.26048845000003,176.1316761,137.32053435,108.08669565,
232.98050895,190.2172776,156.1644153,133.7280861,116.83518525,98.49054149999999,79.27677600000001,64.3861119,50.3561808,41.3298711,31.471471200000003,23.5777941,
1720.6336932,1334.2396134,1093.5159066,906.6274329,726.6012819,592.99040025,487.31251199999997,383.94689295,303.01230269999996,242.03683739999997,186.12098055,127.94060145,
1194.98382255,948.20685015,782.985129,660.7569732,547.6018749,456.617259,367.63347569999996,312.48957659999996,240.58973279999998,184.34066835,141.6479634,105.5694402,
1525.5056922,1289.7151900499998,1073.49023895,902.26699515,749.3935887,625.15804485,507.7970541,417.97453185,319.96639035,253.5433116,208.34904254999998,161.55786075,
3301.5138291,2630.43773775,2189.3798127,1819.3636443,1539.0757501499997,1316.3949536999999,997.3189201499999,836.20967115,642.34634535,531.60827865,456.44088285,346.80414015,
1844.84707875,1524.72647115,1235.75931225,1043.0267133,879.6557151,750.2446425,605.3391713999999,506.94325530000003,403.9788234,324.5678115,281.72093340000004,219.26285685000002,
387.35952435,309.2040513,245.88436425,198.42779265000001,164.1240381,136.5652215,115.1318535,93.3596769,75.8701914,61.02475455,49.79861115,39.13672455,
970.82089245,803.75289045,655.66253535,525.3918246000001,439.8944007,366.7291923,303.17263545,246.63394035000002,201.11435310000002,153.46405335,117.96872295,89.3877777,
513.37839495,431.4597324,351.0809547,299.70954495,242.25587595000002,194.3389845,159.58036965,132.68749365,104.62003049999998,82.50229725,65.88513015000001,47.61669945,
905.1832777500001,749.7620469000001,632.0708127,519.63445695,442.62640170000003,366.03166695,292.0332972,252.77305440000004,205.86603780000002,155.22275085,118.1981643,89.97735345000001,
637.4803257,548.07779625,478.22938364999993,402.2706849,327.7560618,265.81391640000004,224.27869020000003,188.58329295,153.6666447,125.252835,103.53619950000001,79.597632,
488.6814084,409.9362561,353.62929225,298.76123295,252.04599389999998,207.5728335,170.03094675,136.1944857,112.31614365,83.78266155,58.93977495,43.98993255,
850.14936315,698.63671305,581.8206699,487.4822559,417.24806955,333.6341205,264.2988258,211.32742665,171.77903415,132.31030005000002,103.2260259,76.02973245,
1768.9428891000002,1470.0170558999998,1143.38344545,926.4845361,763.02780705,668.74601175,520.18168365,446.63484299999993,392.4170142,299.34676335,232.97585355,172.32071100000002,
4555.7388486,3832.2701833499996,3094.96506015,2614.56163665,2213.1266568,1790.7031566,1512.16563945,1230.8588547,1104.25006425,882.1431541500001,697.9033780499999,545.6068419000001,
3338.6615292,2680.2452961,2158.4189022,1789.16651955,1509.14803635,1250.2803116999999,999.2627252999999,872.2246695,711.67341885,556.24861275,432.89721615,333.4568301,
388.54320225,315.40195365,259.44563385,207.21552344999998,169.9911315,141.29862405,115.35729645,95.5706568,76.03923225,59.747505000000004,43.02669225,33.2242734,
389.2701039,308.12025225,246.37259640000002,205.62472155,176.76608565,150.23121179999998,116.56665645000001,91.63342335,72.02836755,61.07470814999999,46.1320731,36.67364385,
95.625225,79.081161,67.02169275,54.363349199999995,43.407260550000004,35.032175099999996,28.67920005,23.15049495,17.791383,13.829190449999999,10.32949215,7.22379915,
2768.7038694,2229.0734589000003,1939.8086808,1688.69512215,1353.73347975,1138.67079675,928.8274664999999,792.32018415,669.6870384,567.1044852,415.21575974999996,328.7332053,
488.21436345000006,408.21735509999996,342.9910347,286.62709395,239.67025425,195.24541155,162.72125535,128.4782256,100.72575330000001,78.7946829,59.7783555,47.21096535,
1399.292115,1117.91535015,935.55935835,800.0869467,637.4637009,549.3597675,431.4416448,347.77718415000004,272.99571765,219.4127919,166.11835995,126.66179550000001,
693.17559405,581.72780445,490.62940289999995,404.25464339999996,327.7816923,274.7180679,213.41233215,171.2466003,137.42656110000001,109.830777,88.3431237,69.82483605,
146.4336123,123.19399005,104.256162,87.71370734999999,72.4673865,58.396248,49.629517500000006,39.724661100000006,30.929422349999996,23.9899767,18.769736100000003,14.2443438,
1273.392855,1000.5407859000001,805.16096775,657.74340435,546.23259885,466.31095574999995,369.1193949,312.18800535,234.96235710000002,178.2302637,139.54883505,95.83365465,
1762.1542656,1481.04383865,1292.5605914999999,1074.43149075,878.7703806000001,693.7902515999999,573.48515475,483.01071195,399.4120371,298.18421775,230.3423487,182.5758768,
3588.34239765,2916.66997815,2464.2595557,2037.0541173000001,1689.7805299499998,1417.3644261,1173.64259175,968.1844764,858.750012,673.1150577,547.8279612,442.0330371,
111.8186331,93.30907545,74.6255883,72.53285055,48.438554849999996,33.81855315,33.83744955,25.820900549999998,21.97420785,12.999980099999998,10.9257177,13.7192343,
2602.14450705,2182.5023757,1758.2016227999998,1520.04889845,1270.3027818,1070.44140015,882.18324495,732.3727599,572.6930446499999,480.1965996,398.6620629,323.33694645,
3428.3457423,2681.89855995,2259.3277024500003,1950.3229690499998,1618.83168015,1335.0423889499998,1131.61394925,895.6354359,767.2798239,580.7329331999999,454.2625911,323.6897622,
3580.4995326000003,2996.4563550000003,2550.83950485,2257.3551828,1906.5477279,1539.2647945499998,1255.9883278500001,1007.935041,811.4294537999999,650.43023595,507.89429010000003,384.6394419,
954.5014750500001,748.9539238499999,636.90068925,546.5389116,459.4529328,383.5169913,322.46280464999995,261.03766035,202.47414150000003,161.8344672,132.61661579999998,99.74221605,
236.74303559999998,198.1086279,162.91118895,132.5615148,101.56183935000001,83.45649209999999,72.01316955,59.02713824999999,46.37656995,35.5428453,25.303467599999998,19.006286099999997,
795.0346754999999,664.311954,529.81341045,427.95373125,359.11693560000003,318.07203914999997,253.65878220000002,206.61857744999998,164.17201995,123.11933025,101.30456054999999,78.9753219,
962.1430377,755.84132775,635.0772514500001,517.8371742,436.48857870000006,360.87049365,287.75833320000004,236.38872225,189.00865575,142.98373515,106.88274779999999,82.97506095,
1837.8374861999998,1491.0692599499998,1257.1119231,1047.77625705,884.1290473500001,723.54946425,572.0581533,475.8359625,394.40435759999997,338.2815984,278.255181,203.53160714999999,
2200.88611995,1809.25103535,1482.1272764999999,1218.81627885,1047.30482835,896.93389155,746.0565951000001,609.85278435,513.3462675,407.7618495,319.28967420000004,270.1217628,
764.20026645,619.76004795,511.64359979999995,426.90272429999993,351.312705,289.52080815,236.40746925000002,191.33106945,150.52623795,116.8760508,88.7352714,66.07160535,
3721.95192795,3021.7077054,2387.05497285,1957.40060055,1566.0184006499999,1305.3962895,1075.35414075,797.0251096500001,612.8661036,534.1566111,388.06653885,320.46419505,
958.1932989,800.7087104999999,686.9961021,579.58036605,496.77024315000006,415.82376765000004,348.73427100000004,290.7962022,228.23833635,183.0607392,144.34614495,107.33930025000001,
1762.6754406,1449.59952285,1238.4597187499999,1018.6846647,853.67287545,654.9158196,529.8303126,421.07703525,317.7243354,251.53673879999997,196.72973174999998,160.17674685,
16.825938299999997,13.4954595,11.1636753,8.6949486,7.166992049999999,5.90296875,4.53015195,3.49113555,2.7948393,2.0421675,1.55235885,1.17679515,
767.3611491,617.8454679,513.1035525,441.47765985,367.65745560000005,307.01709315,244.67208315,202.2112419,156.1823895,118.97522760000001,98.35263344999998,74.55166335,
118.90685895000001,97.04784255,80.89083675,69.6193179,57.365878050000006,45.6785523,38.055965099999995,30.46035345,24.44022915,18.5238057,13.184146349999999,9.826966650000001,
2855.7234489,2404.4453151,2055.5296765499997,1689.7908426,1461.8245554,1249.70909805,970.5161197499999,761.53859715,621.1380696,544.4061258,411.09714149999996,322.0394415,
1022.553813,823.8261302999999,698.31180165,602.0609616,495.03973365,403.9361091,335.29234560000003,274.2253602,224.4131148,176.39512380000002,131.8936185,99.3533022,
2125.9537665000003,1714.9522599000002,1407.6046285500001,1174.01737065,963.8649589500001,770.0002759500001,612.87407535,532.0532052,405.3645834,322.4951793,247.62728009999998,190.3683294,
2506.0970814,2047.8408459,1687.6381959,1419.0506524500001,1158.1419079500001,960.62749155,814.8051605999999,638.8183971,512.9525607,417.58180500000003,349.87546994999997,256.3598937,
1364.8806309000001,1102.3222294500001,941.4113697,806.1206215500001,686.98211355,556.2915696,443.98008765,355.1081784,280.09501950000003,221.894136,155.43503280000002,109.1028627,
2641.5219486,2243.08747095,1902.6037092,1494.71785845,1236.3344433,1087.25653725,882.43476345,725.2375671,524.8179558,406.90736445,317.6965152,259.71619275,
34.642111650000004,28.6160688,24.161313,20.53715565,16.16878395,13.04390775,10.412927400000001,8.58915645,6.6016371000000005,4.9120647,3.9840195000000005,2.91384615,
254.83961250000002,212.72658060000003,175.7904018,144.29988029999998,121.7558913,97.6111602,80.72439059999999,65.07756375,52.14969705,38.2258044,29.323390800000002,22.50631155,
698.63989515,576.0689667,481.5406167,398.8655268,322.35526185,253.80382515,211.64499494999998,159.65222685,130.298796,99.06057299999999,74.21690025,56.228436,
1353.45173415,1113.573816,929.23584345,737.3370687,615.968064,479.6141391,394.92361815,315.54436454999995,248.72918475,200.72747685000002,168.23672445,122.5976862,
593.57861385,489.2503974,402.89237189999994,346.4726994,289.34239245000003,235.81441365,207.75520575,170.4579948,136.41580725,110.2013049,79.9351614,64.2945318,
1664.19494205,1407.6992991000002,1149.1905732,981.27868935,840.9124444500001,670.2877446,553.1271495000001,441.90664260000005,384.40215405,310.94964885,234.67751235,173.39539965,
474.6244608,380.0043183,283.97175495,243.72534210000003,199.00110345,165.50842875,130.843986,100.7457057,81.0093261,59.311075349999996,44.585508600000004,31.358326650000002,
459.26777459999994,379.57758359999997,313.52913915,262.10094015,220.61282205,193.42416285000002,160.3862394,130.06591245,97.17243225,74.9401854,58.0062279,48.315077099999996,
798.7790016000001,635.53747995,516.13537995,422.16294,343.4146512,286.69379205,250.87876515,208.0723863,162.67143195,123.00727785000001,99.42605445,74.8973931,
4566.826872899999,3796.3667689500003,3221.51010705,2759.59002135,2288.15426385,1825.65220215,1530.3518525999998,1344.62669775,1125.52142895,935.8456812000001,711.7958529,585.95649435,
1666.8393705,1370.6122266,1142.9664375,975.2492414999999,804.1181336999999,698.2894827,582.2452716,456.6316008,351.94999529999996,272.9009397,212.54816115,157.12416975000002,
754.6081260000001,627.03815145,530.1466815,431.14817715000004,367.56399225,297.62510445,237.36026189999998,184.81720815,146.3819088,112.18633335,82.02557745,58.5576261,
62.144186399999995,51.5903325,44.287315650000004,36.6559722,30.1353606,24.564755249999997,20.45927205,16.64311095,13.042212899999999,9.99365835,7.71209565,5.9557249500000005,
13.9303446,11.362238099999999,9.2564562,7.4409555,6.116954099999999,4.8341385,3.7907272499999998,3.0666545999999997,2.39353935,1.7393518500000003,1.3202265,0.93507555,
2539.6514778,2035.3176968999999,1702.2826062,1421.47733025,1166.22826305,955.50302835,806.7968776499999,663.76359015,544.58394615,445.2258336,345.6736125,270.337017,
1851.37006215,1498.1041722,1226.8994476500002,1047.30182205,879.43587285,709.59774945,594.54371265,475.49126279999996,378.5229264,309.0467241,233.24939595,184.22540865,
522.65347005,423.67671359999997,360.3115224,310.03755975,262.61864490000005,218.45012805,175.2987138,142.5018696,115.43818679999998,88.1638689,70.93398885,55.0291908,
703.2344124,589.37151255,493.76076915,411.37778280000003,338.4560142,279.0939474,231.0886716,193.41148814999997,160.0794531,121.48629525000001,92.69883645,70.12296570000001,
2051.1849336,1656.3379093499998,1435.8847852499998,1210.84361685,1035.04735665,896.92118685,728.05501395,594.4959381,483.56450235,382.55737995000004,296.92238325,241.1263314,
1772.2117492500001,1428.0337637999999,1178.39245515,983.32372785,811.21264305,657.3069386999999,544.3196373000001,438.58088054999996,373.48594935,301.08774059999996,224.51349869999999,185.09681565,
1517.91236685,1257.0729696,1054.8679299,857.3659513499999,708.58245885,568.52174085,453.7563675,379.75572165,305.19984675,243.25698989999998,189.62748134999998,143.1481431,
4940.059506,4194.7405434,3471.54049005,2887.9621783499997,2414.8783941,1971.8921319,1703.1973659,1332.7543554,1108.4154537,861.28838475,690.3252214500001,524.85614745,
837.6117789,672.40718565,549.3251679,446.69956755,361.5110952,280.36826609999997,226.4287617,176.42508375,134.258676,102.93949934999999,74.7373344,50.28791925,
164.7460863,138.36388785,112.56471825,94.0796574,77.07976875,63.6340701,52.8075525,42.7349331,33.7429512,26.8921299,21.28421715,16.3711986,
950.98521885,772.1705316,640.32442815,544.04347275,451.10979000000003,366.5930925,301.6170879,242.11120695,192.1932018,147.33869385,111.22603815,82.4240604,
1001.59431375,830.21697885,693.78283695,580.4243286000001,472.49350185000003,387.94432484999993,314.0204466,254.5540137,204.95507579999997,154.17764835,120.91555514999999,91.65507735,
4406.58462075,3720.5097312,3123.1135668,2651.6024623499998,2199.81942315,1727.2392479999999,1417.2785943000001,1113.9077928000002,875.9333052,690.55599525,510.28640700000005,407.19612675,
463.35728174999997,380.00503964999996,321.6089571,267.7385109,223.86233864999997,186.87800385,153.1924032,125.17749825000001,100.26221460000001,75.4940454,57.07388999999999,43.11718905,
1037.67757185,877.6067268,741.9394875,635.9325249000001,528.8205384,446.04058050000003,375.87335955000003,304.70051385,251.32896015,201.3896319,152.52475049999998,115.88723385,
1177.10496,941.9693087999999,785.9938131000001,646.48390785,525.58529145,448.5614868,367.81410359999995,297.5142726,232.75080210000002,190.24138829999998,144.6835725,106.89250905,
642.43114755,538.8945261,452.62972709999997,379.5724332,319.479945,266.0025816,217.64916225000002,179.3984334,147.57158505,123.1451892,95.01405030000001,72.97138530000001,
2661.83300085,2183.0619918,1794.6410293499998,1509.6152622,1216.87092975,1035.5516444999998,832.9865382,662.6813769,538.9588294499999,442.5174102,366.25918395,279.23505435,
1639.2621381,1342.5057190500002,1086.54178695,902.53512195,773.96643075,640.31709735,534.15317775,419.48313254999994,341.0150577,280.7771064,218.58489329999998,172.9893132,
909.0178824000001,734.82968235,609.48440145,499.54886895000004,428.17250445,353.75241285,301.3734924,243.03636240000003,198.54274379999998,158.9809041,125.41770299999999,96.54919845,
55.572765000000004,46.4480736,38.14356975,31.43949,25.824879600000003,21.267224249999998,17.68883685,13.8789819,11.0912181,8.8510077,6.75404475,5.2163406000000005,
516.9377331,436.76774745,362.65736055,310.7227746,259.901349,217.7361906,182.11944525,146.9235783,119.14409535,94.40301585,72.16064175,54.712635750000004,
2210.3179578,1818.27817035,1544.5196985,1304.64681615,1105.053972,907.6756422000001,765.672072,637.1499787500001,515.81217825,418.52371935,318.64105545,250.00416615,
629.32126365,516.19976445,419.04743684999994,339.1972161,282.8370372,226.33504649999998,173.74463745,140.97998295,116.64742770000001,91.63095045,70.09829325000001,50.3457063,
95.12234145,82.0392912,72.24460335,57.3782703,43.571259,33.384918,24.23749935,22.35094515,15.9576621,15.353944649999999,10.352321100000001,8.39334525,
1489.58112465,1191.08719365,997.64524815,812.1908371499999,670.60414365,554.2008096,473.2014579,386.2219341,307.2408459,239.066178,189.05628315,144.4771605,
471.90136755,376.91391615,312.5971467,263.11606305,210.44468685,172.26883335000002,142.3660533,119.66083814999999,96.5694732,74.07831164999999,58.4718948,46.1635737,
627.1770306,533.94721095,441.5193792,372.0390834,315.84661725,253.59779534999998,203.74322535,163.78759424999998,128.5250004,102.26639535,79.63627815,59.94755355,
2088.1330374,1688.5917901500002,1401.3346917000001,1166.2976631000001,957.2093715000001,795.9973074,642.6952905,514.5099534,423.0538941,324.399111,252.77989440000002,206.59930214999997,
2481.9841746,2008.6814279999999,1648.1941819500003,1349.58285135,1076.01342675,877.9125680999999,726.62020725,606.48918105,490.94660054999997,387.05925315,299.01367245,234.6174042,
686.94871425,571.06862175,488.79335504999995,401.9766663,338.17866705,282.6785916,233.9564022,187.08449190000002,148.22755545,122.011557,98.35738949999998,72.90207794999999,
5021.9844708,4147.03246785,3466.9218265500003,2757.54824925,2343.6462864,1957.4273667,1709.9218854,1468.0138059,1219.9039548,961.22094045,754.48290705,555.91152825,
380.0891145,327.7205823,279.3488868,234.92540325000002,194.328111,154.95332745000002,127.2705852,102.43753755,83.21331479999999,63.93284025,49.5855042,37.594881900000004,
1165.15080825,950.7419007,791.1649691999999,655.8781893,545.38274385,466.9357704,388.2973338,324.31554465,251.95856204999998,204.27913095,157.675374,124.84323735000001,
1388.52920895,1160.0317407,960.0905697,811.42918755,680.0208285,581.0425434,487.05878985000004,415.17960615000004,345.711708,273.24032355,225.27656775000003,169.79885025000002,
2147.6167239,1754.9828860500002,1425.4244802,1201.6056717000001,994.8027064500001,841.6325466000001,688.90955325,567.7683033,440.6371404,362.91337875,270.59981865,202.75255005000002,
562.8754872,474.00386625,402.09676935000005,323.60760945000004,267.17145465,223.90270005000002,179.4431889,147.3093642,116.11538955,90.1677024,68.21801535,52.72407915,
1173.5010915,977.2523052000001,819.7257109499999,683.41829895,560.7391959,462.79953885,374.46884895,293.69404635,237.082938,180.2124711,141.61279770000002,109.18502415,
430.21350959999995,348.3100416,290.61463649999996,246.39808035000001,210.53312865,178.2800709,145.3818846,117.10144905000001,94.81419465,74.56282005,58.5562086,46.04123265,
1099.60777575,922.7330287500001,746.13859875,628.45289625,517.4347171500001,429.6171678,344.9210367,276.73654485,216.32941125,166.60228229999998,126.3463734,96.74578484999999,
2156.0860806,1814.54330415,1456.7087348999999,1208.11889595,985.4938248,831.8652728999999,662.2807137,559.3684337999999,443.09671829999996,353.03990054999997,289.06405875,212.92865369999998,
2181.5248296,1835.8348727999999,1523.5780249499999,1269.72466635,1024.8025628999999,827.21578845,669.80156505,521.6869965000001,419.33705115,339.10595115,267.1553667,200.03126955,
82.51928235,68.51449844999999,57.601806599999996,48.74911395000001,40.5707898,33.5191461,27.735421799999997,21.778458,17.49138195,13.5146022,11.09881485,8.6864823,
215.01853545,180.1418559,150.46778775,125.0909004,101.43803310000001,79.67781464999999,64.03966185,52.6385808,39.3642465,30.8848275,23.5417767,17.44102395,
858.2657676,704.1539112,576.9204171,476.6518989,401.42459535,330.60324345,270.0016278,212.51277225,165.92590605,132.26177654999998,97.29399585,74.6373711,
3120.9500292000002,2540.4297891,2090.53924605,1701.8692595999999,1400.37558345,1165.23155115,927.7471383,768.2661054,602.1281108999999,487.83417165000003,371.94027585000003,289.02476985,
1767.0720428999998,1448.86337145,1204.69674975,1024.6062760500001,871.0876287,719.3058318,591.25546755,497.0026332,409.10120985000003,336.5090901,272.88015555,209.63365515,
345.44860875,284.1885183,238.58577510000003,198.63137865,165.9760287,134.6076051,113.66718600000002,92.204505,71.5377051,55.66084980000001,42.83579565,30.26591685,
4929.30313995,4368.3286608,3566.9913426,2969.66459265,2323.9439955,1883.2989174000002,1508.60815335,1213.53698205,1009.315998,778.07189955,627.81406575,503.5098495,
260.56316625,209.58475365,167.7769824,137.49957419999998,114.10161435,94.23429225000001,78.4785252,63.575161800000004,47.736816,38.349003,29.486742449999998,23.2585707,
1099.31037195,925.3778664000001,790.6745101500001,663.05299935,540.64063665,436.25180564999994,358.13896365,293.47580955,242.18030205000002,188.0229123,150.1175049,114.95523255,
1319.66311215,1078.01600835,870.0997302000001,716.5674771,587.7452706,475.66701105000004,391.2579126,321.47982,251.38793850000002,199.22012655,154.52072220000002,113.45526855,
603.41735745,516.26480925,433.5020019,369.65121150000004,303.52091205,258.51275295000005,212.60460165,175.9658586,145.3941159,117.46011390000001,92.8822482,70.363491,
2344.17978885,1932.3106264499997,1635.8677158,1347.9305031000001,1119.7607673,940.2578625,797.7454761,673.1287202999999,525.49740765,410.66961495,319.25150475,243.5867301,
2635.30071315,2166.91016445,1840.5191803500002,1514.1003636,1235.9908284,1027.09587435,861.7218459000001,699.44840805,573.9711258,458.13757334999997,357.23303925,274.0386174,
2966.5090224,2476.54928445,2014.92780915,1677.7285006500001,1453.78440765,1198.84496865,968.9804928000001,782.73980055,614.7866854499999,480.3028428,385.4303178,314.6274522,
1096.13748645,912.0640946999999,748.07738895,618.68494335,513.168594,420.5966052,345.7785609,279.7238946,220.86545895,174.76984305,134.95439520000002,103.86110835,
4842.39895545,4164.8608872,3448.9696270500003,2997.17412855,2538.3313476,2126.0592438000003,1788.5817948000001,1462.95148935,1277.55738765,1007.9915544,771.7269781499999,607.54101165,
467.45846025000003,384.43162259999997,314.66060655,272.08776045,221.24067689999998,183.0346797,139.66661955,116.37063645,90.7410678,74.03097435,58.2607053,42.497883449999996,
733.86321,581.73097695,483.30990195,409.42863525,327.94113525,277.98499035000003,224.87848875,184.57900755,150.98005095,127.98116474999999,96.17025795,76.6699473,
1872.3366061499999,1535.2037355,1290.72683475,1074.96058395,902.4717661500001,722.70066765,623.8662369,506.86408800000004,401.4799482,320.03239785,242.28333435000002,188.8400565,
119.31852735,100.46107545000001,83.0975259,69.41509814999999,58.8083649,47.4101244,38.3093784,30.52036665,24.274377299999998,19.358328750000002,14.803199850000002,10.71426225,
1576.58117955,1305.8628712500001,1077.8230488,878.43871545,751.65352215,625.6431783,510.61685280000006,416.58165914999995,344.8044699,269.9438232,214.65510030000002,166.17061875,
3339.5249382,2686.0468176,2170.0872675,1822.3125883500002,1535.05489125,1283.4177247500002,1057.2938683500001,848.6309122499999,697.4900733,560.6707845000001,434.47509704999993,335.2866546,
1703.6527827,1431.68490015,1182.52263495,975.9014854500001,812.1564466499999,686.4095973,543.05138925,458.27009534999996,357.61671015,276.0313284,212.42563695,157.32543615,
1253.0916918,1039.6255479000001,852.8965994999999,696.3784509,572.6180428499999,482.19588285,390.96368175,319.53214034999996,269.36347305,210.78677670000002,164.42477970000002,122.08833870000001,
1299.6966678,1047.99214005,860.49125655,709.1048049000001,582.8963943,477.78996824999996,390.08648055000003,324.59661405,265.09839465000005,203.65880880000003,156.36152175,114.35757480000001,
173.1800226,142.79863695,119.0350218,98.73536444999999,82.1102664,68.70613455,56.475194099999996,45.77178495,37.048098749999994,28.316910449999998,21.4425927,16.4479356,
231.56090340000003,190.99500195000002,156.8045697,130.0391739,108.3851559,89.78874975,73.29641745,61.035360600000004,49.797363000000004,38.6286795,30.5501298,24.483894,
1697.4207216,1411.6603344,1183.7810244,1018.072404,852.1816478999999,717.1964067,589.5719859,475.949112,388.04953950000004,323.31179655,245.72043810000002,191.40659145,
2180.66911875,1763.05950045,1466.45893785,1222.3340437499999,1029.5452656,844.6031667,702.5569533,571.530504,441.03623715000003,353.80622775,259.4101377,198.31306739999997,
2721.6570093,2254.27907115,1851.7657278,1525.3044246,1271.8040643,1056.67551465,874.32208515,727.53708525,601.1541624,455.52852705000004,355.7387808,282.3783906,
67.99614135,57.096259499999995,47.4397722,39.224699099999995,33.18160305,27.40979865,22.6282344,18.50294925,14.8740798,11.00335725,8.089512299999999,5.7120771,
1017.21791895,811.8983112000001,663.9465114,558.906882,476.11546695,391.74626355,341.94807375,269.8975185,225.77922255,176.4571194,138.05595405,106.01905274999999,
645.515133,532.2749475,449.9617884,385.35245234999996,319.4749398,262.15817115000004,213.55166430000003,173.07010875,144.71417385,114.41144025,90.1115424,69.84809835,
319.3946748,260.0390382,227.19383205,174.97183515,151.7974623,124.62582915,107.14122285,83.54267145,64.8688686,53.230206450000004,36.8480607,26.3379135,
626.6749490999999,523.9925680499999,449.73039389999997,374.66785035,314.33691195,263.94502335,216.16702349999997,173.50701945,140.1035172,109.2244191,82.88741085,70.34186595,
787.1450805,641.38164495,536.2344381,442.2421068,369.09565485,305.98715445,256.438011,210.1254414,164.10797835,126.97225155000001,96.82091355,68.55978195,
265.92212085,212.24230185,170.3002731,141.04213305,117.25441665,95.30514120000001,77.39038965,63.069907199999996,50.69384925,39.221821950000006,31.177802099999997,24.232515149999998,
35.955195599999996,29.23313985,24.106797899999997,19.7851332,16.3371828,13.54244025,10.9548885,8.685869100000001,6.829317,5.247302550000001,3.8895522,2.7933573,
163.9756602,132.59981355,110.06506124999999,91.0875492,75.7970184,63.5189046,52.123186350000005,43.875675599999994,34.50340965,26.702919299999998,20.0602953,15.8448858,
126.19292924999999,105.21861584999999,88.7672691,74.1520611,60.4821918,50.068999649999995,39.8661288,31.867137900000003,26.1546126,20.17277025,14.9303061,11.1170586,
1735.2649488000002,1431.8746632,1175.7037272,994.6223628,825.8634207,660.1959449999999,534.8038287,441.28824705,333.45764805,273.38583495,219.13595175,157.68097065,
3680.0210557500004,3096.316833,2629.26355365,2162.9500043999997,1856.70555045,1499.0388309,1249.48836105,1012.7263101000001,821.487066,676.1605242,547.02744945,416.60310195,
76.18706715,63.11755995,52.23962985,42.35508945,35.899590599999996,29.90520015,24.2867154,19.486108350000002,15.5003994,12.4950552,9.39088155,6.94634535,
622.3323803999999,502.54293240000004,422.6942493,345.0984603,285.67802190000003,237.01972439999997,192.39705345000002,154.44474885,125.24075625,95.7967518,73.610931,58.220492400000005,
121.1472459,60.963686849999995,50.24216115,41.93328645,37.1823423,35.6272719,23.3343669,20.64478905,15.311475600000001,9.3644775,7.48531785,5.973997499999999,
1618.3253591999999,1303.1820138,1065.6149475000002,893.7621699000001,745.073577,639.01900305,537.17146035,429.64170690000003,343.94168595,267.0439116,217.01008994999998,163.67304975,
2419.98105825,1961.8234757999999,1639.0639347000001,1374.7002498,1169.44508775,978.54441765,780.1752196499999,637.2875147999999,508.78376595,396.09654839999996,329.65669725,252.8995059,
1256.9807283,1053.91565565,874.7978552999999,719.722968,590.7403836,481.16658630000006,399.940476,330.48025635,258.16497990000005,208.58270069999998,153.34949385000002,109.62680415,
3166.3025737499997,2572.02666945,2168.84229975,1732.5163053,1438.06091715,1204.28738085,981.0621894000001,786.5188372499999,628.78349055,499.97288549999996,392.8155345,293.1810921,
600.4306416,494.74956345,417.30573045000006,353.47401945,286.3394811,239.17588095,190.0121844,158.268165,131.68850924999998,103.16004869999999,77.386137,59.4740181,
1142.42486595,934.4441907,753.49152435,606.6130152000001,500.20060739999997,411.13789575,343.72688625,283.89477525,221.47065615000002,167.9446362,134.00635575,102.46516125,
386.97364905,320.23956495000004,264.7766415,213.72301019999998,177.8722827,149.60801355,121.9608213,96.266763,78.37355595,62.0347608,48.9070641,37.277853449999995,
369.84748815,302.15788184999997,242.44178490000002,205.4035164,171.84618734999998,140.5995312,113.35509705000001,94.2280575,75.74451615000001,58.310504099999996,45.5632665,34.2537498,
1232.13726795,1008.1804902000001,810.642957,674.58969855,573.1125744,470.5007571,378.62505255,302.3684478,232.3246074,181.53045045,132.84291480000002,93.8273469,
973.7398543500001,797.348727,660.104415,548.78393625,449.27477669999996,372.533751,300.86544975,245.55542685,193.547532,151.84996769999998,117.92666955,89.8678848,
823.0959145499999,670.63553925,551.7712683,457.9428726,378.90893984999997,313.54741575,255.8037048,201.13846260000003,152.52775485,119.8857273,97.00052475000001,73.24746329999999,
2666.2320282,2285.5459998,1894.63712235,1600.8917049000001,1380.7214672999999,1156.97746455,929.84134455,783.9998914500001,639.1904793,517.05823095,420.3988008,322.5271809,
836.5630578,703.05999255,577.52086875,486.22025909999996,386.11207275000004,319.07052765,256.41657960000003,207.10963065,167.28271185,134.35090424999999,105.3682689,81.95675700000001,
1620.9770085,1347.1435677,1121.9163776999999,930.2843258999999,769.3635267,633.64218195,540.3140749500001,440.89068299999997,359.1489,287.5380258,220.94892675,169.4507838,
808.9079961,676.3490193,559.4311068,456.46445865000004,378.2361615,303.47079345000003,252.62875305,209.655081,170.38406835,134.3925471,103.0007526,80.84602215000001,
901.9115908499999,751.5600795,623.61810285,523.63977015,414.7602069,344.2032312,278.30026275,226.85483115,181.17424515,142.75027469999998,110.04180075,79.94835525,
679.58879685,561.2852628,450.11170830000003,363.813813,292.5552378,241.775532,195.80184075,149.18726055000002,112.04202075,79.9389246,59.6660451,42.1508022,
2614.7982075,2138.1992175,1772.7180184500003,1505.12326605,1275.46157955,1053.28708065,885.50302425,734.3912379000001,606.54487785,489.86588324999997,367.60076715,302.3298195,
2134.62944385,1782.7987777499998,1478.3815756499998,1214.790822,1027.3966644,829.951878,669.1920590999999,515.6472173999999,432.3091365,351.05321415000003,261.15435735,206.49438945000003,
2502.7739883,2017.1234194499998,1707.82549845,1420.96708635,1171.8250489499999,1021.20507615,839.7958861499999,678.429666,551.11424655,442.0086837,350.33821620000003,264.82724609999997,
143.05429125,117.6167556,98.60715465000001,82.29138345,68.12023995,55.39694850000001,45.5316744,36.9170925,28.9345401,22.12360245,17.0816334,12.487792050000001,
3439.0425147000005,2803.9067625000002,2330.1569888999998,1918.3709477999998,1580.4539046,1288.7649837000001,1094.2342167000002,917.8919943000001,702.9466488,578.81047185,457.2417909,362.3610375,
5146.9514049,4222.1240064,3477.4529991,3057.2470296,2587.6567413000002,2194.5559806,1823.2273597500002,1528.7876294999999,1218.41687355,974.9718721500001,729.15329835,558.1375954499999,
534.8224944,449.87684429999996,378.1352529,318.6923001,261.01885964999997,211.74649979999998,174.49780245,138.1853877,106.17767774999999,81.19140345,61.3892853,45.208593300000004,
2115.1179002999997,1765.4586993000003,1459.78873155,1234.2062509500001,1024.39216635,842.2791768000001,688.36269915,565.6993374,450.28026209999996,372.8581272,296.76967935,238.30004759999997,
94.5199419,79.28134305,63.0562377,53.50130385,45.5049522,41.892605700000004,33.549804,28.10425125,19.79512875,14.38099965,12.732914999999998,7.6755795,
3412.4232966,2717.53022565,2243.3745555,1903.70206485,1601.9773216499998,1368.8524756499999,1122.4022532,895.8194124,742.5188427,605.35101435,459.52443690000007,364.22721855,
370.7409798,307.43185665,264.8136147,221.7895578,184.32249135,154.15886085,127.48429095,102.97935600000001,81.55327245000001,64.1720004,50.61490785000001,39.00780675,
1303.5918687,1042.0580393999999,839.33761815,705.23379645,578.38386255,463.77726390000004,377.37659385,306.33251805000003,232.5847569,175.5276465,122.41657935,89.97845265000001,
2367.0438666,1958.7252436499998,1597.7145805500002,1340.58934845,1147.2132723,958.27580205,794.0059330500001,625.9129752,523.91141295,408.77524215,315.70885965,256.29777645,
2786.55605775,2345.9239810500003,1924.85432115,1596.06511575,1309.2734226,1056.2777853,859.7814114,713.4282327,578.2398942,451.79856314999995,364.68143895000003,272.53920195,
808.93843545,685.4724565500001,565.5047398500001,473.21923995,405.44542185,339.3326643,274.02734369999996,226.07253585,187.1582676,144.76680585,110.63233844999999,84.4207422,
1502.6784867,1244.2788906,1065.3329445,893.83412475,722.49845265,592.7133096,479.25291945,390.90723705,321.37925865,254.67910890000002,197.7368418,153.642948,
1173.5551515,936.5596162500001,756.7664090999999,636.6792189,525.51185415,431.57534400000003,362.0180496,294.74997105,248.68214025,201.60800369999998,157.02771195,120.3721122,
137.4371391,113.28042210000001,92.33648835,75.4267503,63.35310315,52.27357214999999,43.20804285,33.78835065,26.534412,19.569770400000003,14.2720704,11.340905549999999,
75.1358592,54.469052399999995,44.545383900000004,38.68299375,32.64931515,26.109946199999996,18.593596650000002,14.16417255,11.19657045,10.892601899999999,9.590728350000001,4.5264694500000004,
1590.7747494,1309.46781195,1062.07717125,894.0548925,752.29387305,626.97605055,512.3097342000001,414.74525955,337.07290995,264.48559785000003,205.50228749999997,154.54567815000001,
546.7450599,466.60341285000004,390.41410364999996,321.57307965,267.0663477,223.82012909999997,188.3434986,156.32740065000002,126.40186785,98.07212385,77.02183155,59.0654055,
3200.1791922,2549.78231775,2119.33727835,1733.5561897500002,1440.4318108500001,1196.60915325,952.65357735,785.5749516,640.70595255,525.5206795500001,412.34557424999997,327.54558855,
3267.3236244,2639.19229425,2219.1238887,1891.5017604,1603.3946320500002,1376.18137155,1166.67331005,961.2008688000001,783.7785775499999,620.54312595,495.92448494999996,403.31967735,
1865.93587305,1468.0021150500002,1226.52892245,1029.29280225,836.7544880999999,694.4276874,563.6685129,452.50950945,357.50625660000003,274.6522794,212.26281675,172.6211121,
527.0239582500001,436.21575974999996,364.6067037,298.98620235,247.77996315000001,206.34805545,173.02444485,139.30922745,113.3278044,92.63976345,74.60546565,57.149628449999994,
772.29551025,627.8475906,515.5067692499999,427.7820315,355.2967269,285.93664440000003,225.13210859999998,176.87666835,137.72004525,105.71968050000001,81.1058754,61.30689195,
1307.2406154,1061.25966,895.5923742,757.2229521,630.6264079499999,530.41523175,450.03425760000005,367.18245285,298.0006389,239.4464592,188.62499595,145.35097995,
460.62493905,386.60973824999996,328.2099951,274.7097672,229.27377405,187.52817975,151.7998848,119.06014364999999,89.66244795,70.72569014999999,52.45383555,39.9368304,
550.1623528499999,453.2591472,382.34585955,327.63683955,270.2715432,211.32633570000002,167.45028705,132.2330217,109.32278835,89.03926155,68.527302,52.4125155,
3757.6672934999997,3160.40048505,2576.4438924,2179.7158386,1780.7336802,1449.06390285,1175.37549195,941.1908277,764.5615332,597.4875342,463.31318279999994,358.42389645000003,
354.77271840000003,296.6307294,243.83494380000002,202.84491780000002,164.96736075,132.7106403,106.77139305,85.2420195,66.77938635,49.4625501,37.564044300000006,28.02265785,
275.91339705,230.67185265,194.13645765,164.93290770000002,138.54230175,115.6334706,96.21584385,79.38132195,63.37692645,50.70091875,38.70088845,28.885060350000003,
1009.0584001499999,846.1168968,708.99531495,577.4257554,494.85650025,409.66025129999997,330.121242,269.87880644999996,226.00471034999998,188.01002025,143.75761169999998,116.66426190000001,
538.33467135,447.83418825,370.3107285,307.57330665,245.00953725,200.15594564999998,159.94876365,135.5850648,105.52964775000001,82.5480051,62.466378000000006,46.1265255,
1503.9683776499999,1238.1153295499998,1027.3377309,859.5926757,735.10067415,594.0974997000001,485.76444825,406.6032849,323.96298225,249.52083885000002,189.85194795,142.9494279,
2745.0725638500003,2328.67035285,2005.62917115,1675.03289025,1381.1639754,1150.5719577,950.5580943,802.90248735,640.62060105,536.38385655,419.85727139999995,333.56269605,
972.5160834000001,799.33786515,647.7463218,524.71007445,434.12823255,349.97750685,282.93081555000003,225.95227770000002,175.7805474,138.6672756,110.36982119999999,78.1722252,
3334.2265436999996,2819.53079175,2353.63213275,1978.2983845500003,1739.1044274,1475.8870152,1256.4780645,1052.66643855,861.4515606,700.4304183,575.7705039,468.5056344,
780.31454355,680.33338725,573.119019,481.29626535,414.76822889999994,337.26815385000003,277.6758771,231.4765197,183.01819740000002,141.9425814,109.9107462,80.3840964,
1000.0612737,830.0391425999999,713.5139826,611.3641398,513.7967515500001,448.7317686,378.4460088,316.70558745,254.0989773,203.82717119999998,162.45548685,120.21918375000001,
556.9077147,460.0117878,379.7963388,314.6621784,260.5514322,219.73199340000002,184.67977455,152.86008959999998,124.74508845,100.42932929999999,81.09281100000001,62.2033875,
749.4375828,594.08220615,484.07548275,390.97248314999996,334.7858493,278.2255143,222.01436280000001,185.62841294999998,143.34702105,116.07249300000001,94.7983413,70.62724965,
1714.32346545,1378.68286575,1178.5853412,979.5256653000001,802.8029407500001,664.6640095500001,529.6701378,435.9895782,332.4699642,260.6094861,203.7243201,154.5016941,
818.4633213,676.13975355,563.5507389,470.69024895,395.32266119999997,338.9203125,275.57051145,224.06721855,184.04802840000002,146.06143275,122.26218945,93.67425795,
626.34400365,531.3727956,430.0614249,350.6639979,288.23393955,238.616076,195.8623776,162.3150252,133.64461035,106.86998325,83.33649255,64.40750415,
883.6386735,720.44868795,581.25345375,487.49031675,412.54330125,335.01292845,269.18172255,216.26054055,166.1796936,135.0695208,108.3127203,79.92359565,
4394.3141031,3599.8840551000003,2950.67335035,2444.96789235,2114.4985404,1733.6454497999998,1414.08295575,1152.9685791,942.2857506,765.4685064,618.2640915,442.62999479999996,
588.1127481,482.72563679999996,390.47734664999996,325.88154315,275.75521005,221.49185670000003,179.14501289999998,143.14041989999998,111.74801085,85.20795735,64.3942725,48.92329695,
1947.62024085,1644.19469535,1415.405832,1225.01664615,1058.96087175,890.8022110500001,744.69985275,611.38910775,506.8707759,394.2117948,302.33641305000003,237.766245,
1023.66009885,832.2112665,674.6259752999999,557.18301645,452.05690830000003,376.81312560000003,311.01313500000003,251.2740417,203.00928900000002,153.066522,118.60474485,91.6326384,
1009.0426898999999,848.30872665,714.57847365,587.7965108999999,480.6110949,404.3995464,339.867438,274.59413954999997,218.2736829,179.6739093,145.79038215,109.93135545,
2311.13321835,1868.46701325,1513.0663338,1255.4627439,1031.10277215,848.8350018000001,707.5128637500001,585.73217745,461.54240699999997,373.5079833,300.7742292,225.07357919999998,
3249.64166175,2742.6770142,2290.49031525,1948.2661114500002,1611.40887345,1369.1580498,1128.3841668,924.5274416999999,731.6549331,597.88961415,484.04234714999996,385.19833889999995,
1349.0464473,1125.4281607500002,954.6412105499999,802.0255983,657.54228525,527.5971726,438.1769307,355.1437968,271.9768947,208.41404565,160.192197,120.62413485,
865.7100928499999,713.70756495,590.5169679,486.50380995,404.29762545,328.41339615,262.6097808,216.60185355,167.31772905,136.69990275,102.47117835,74.37724874999999,
95.12169254999999,80.9184138,68.95339305,57.237558899999996,48.54345405,40.72395165,33.3123012,27.437495249999998,21.7782213,17.11960215,13.465702199999999,10.4698311,
203.2550877,171.45856755,145.46590229999998,120.96814575,98.4249738,81.18329969999999,64.9445931,52.318568850000005,40.367397000000004,31.869275549999998,24.388985849999997,18.215454,
3105.44128935,2443.8029469000003,2010.8964959999998,1621.06117095,1336.80593415,1140.95651955,937.3248705,756.0291282,600.0554647499999,483.26271345,356.64149100000003,265.5162732,
699.75958335,587.1556935000001,493.032426,425.8581246,343.707492,274.02546855,216.07545465,174.2096781,138.1716084,110.87836515000001,84.58354215,64.28002515,
1095.8755992000001,905.93265795,754.40028465,625.95205815,536.23924575,443.5357686,368.7973914,308.92052474999997,253.81336964999997,199.11815894999998,155.10102855,117.74400134999999,
1577.3300514,1311.6691329,1101.8955005999999,919.0960845,762.44542875,644.0538348,524.2759722000001,431.06728905,336.5202135,268.29425745,202.60093575000002,146.2110078,
522.37267095,429.40703505,362.2854243,301.33137450000004,257.01909164999995,219.81296475,179.59165529999999,145.52341454999998,116.37472589999999,94.0846185,72.23477355,56.2515408,
386.78473665,316.14015704999997,266.1056535,220.43954144999998,177.5816325,144.8247105,118.93128060000001,97.65232304999999,77.79632385,60.1860372,48.2657097,38.242417950000004,
660.11077305,532.91725425,441.715689,377.0287449,312.42173865,255.25415775000002,212.4011466,179.23478325000002,138.99868425,107.89456035,83.80880835,64.4156223,
1363.79276895,1132.48344675,937.76712555,769.9314906000001,634.99559745,524.29326795,428.81164635,343.59876045,277.3183728,224.20662825,176.15387805,125.8954884,
144.8802156,120.82899645,101.83461315000001,86.808408,70.71417285000001,56.72716725,48.21915,38.638455300000004,29.071756649999998,22.473821700000002,17.37722655,12.99648285,
1522.0530637499999,1259.56051005,1001.4555690000001,869.1217683,699.2463924,577.03535805,479.8146885,379.6640982,306.7756425,254.20771394999997,189.14595435,148.06788,
237.56288325000003,198.91706519999997,163.49557035,140.216625,118.2058596,96.11558715000001,79.3385532,65.3251281,51.888791250000004,40.66744545,31.1080983,23.953139999999998,
608.29972125,493.80034665,410.08050465,336.7670871,283.39690965,233.13910199999998,196.5537873,158.9088276,128.3844831,99.83726865,79.52073255,63.3044886,
3523.66421745,2862.66690045,2319.89692245,1940.5464753,1647.1251945,1383.0335988,1124.1315843,896.8020318000001,697.9343497499999,577.7558229,460.58306789999995,341.32686044999997,
1019.09581035,832.7070088500001,693.36302805,574.9903858499999,480.6362607,391.79472945,320.44081905,262.89334635,213.53290289999998,174.4957266,136.3760085,108.30199934999999,
172.3840194,140.81811134999998,116.04566595,96.30676455,76.51585890000001,61.46521080000001,49.68561629999999,39.84144795,31.7047365,25.1185251,19.3583424,14.22882525,
1093.4866548,897.7604769,757.25727795,629.6518490999999,509.14673504999996,413.6654322,337.0760586,267.27952755,208.97713484999997,163.718817,126.85300950000001,100.77682229999999,
1254.2682742499999,1046.07883425,867.5911291499999,712.5457929,596.4748627499999,482.69046045,391.65865245000003,310.97515455,253.8073779,204.87271605,158.336823,124.36131225,
293.9482206,244.05154695000002,204.3083844,168.6885576,142.5872433,118.30390605,96.78851879999999,76.09591365,62.48302124999999,48.77007435,37.259538750000004,27.724898700000004,
584.6154765,478.49305125,405.61782345,343.18054275,283.8238977,245.1707007,199.9927371,163.4225844,136.52649195,108.40911270000001,86.1818499,66.9325866,
2709.9850539,2255.8451980500004,1859.37181965,1559.01140025,1277.3324544000002,1063.1065056,905.80752045,750.2755715999999,601.8501609,473.47468245000005,373.32790905,291.70926015000003,
1386.52487745,1168.3810656,980.6602254,818.1074745000001,689.5399129499999,545.55425025,443.3579793,365.1238728,299.37865545,240.62298975,183.5787465,127.1732718,
105.34662975,90.01857675000001,75.8752284,64.21773975,53.45408625,44.2895223,36.7367688,29.077347600000003,22.80120465,17.582612100000002,13.743611399999999,10.07748015,
2593.721313,2186.2932624,1791.5667518999999,1447.8028324499999,1220.4818249999998,1020.1099284,814.75130205,672.11954685,525.6728053500001,432.7865769,340.98033855,247.5434403,
616.9674291,493.0240032,391.96205639999994,320.03251395,258.73315859999997,208.48265535000002,166.58791215,133.01861085000002,105.6280188,78.25818989999999,58.02247875,40.777426500000004,
1004.8556301000001,824.7702512999999,701.56629405,589.6923798,510.88452735,425.25265664999995,355.2969693,288.41232435,231.1118436,177.15398399999998,134.6100381,102.08318639999999,
3503.7599688,2867.68592145,2364.7579914000003,2009.0179064999998,1623.83394975,1367.03731905,1098.0022525499999,919.60749675,766.30978005,613.57791,457.3617279,340.45884315,
1912.8272307,1572.9866547000001,1318.42410315,1099.45913385,926.44590135,756.71428995,638.4212794499999,526.3025856,433.64175194999996,321.73454985,242.5789524,190.12926720000002,
1573.8804418500001,1272.9812079,1042.42426035,887.5478827500001,728.5820553000001,618.65086245,496.98307785000003,401.90639310000006,319.30432215,262.7210937,198.64916384999998,152.93782065,
2664.0701742,2192.0351046,1803.39162525,1438.5488232,1188.61831395,998.6323547999999,824.8077693,645.97486755,531.38394435,416.2462788,345.01420635,256.1130537,
534.1255212000001,428.72306745000003,339.070146,279.10464795,230.33171489999998,190.80506295,152.91678495,124.0873461,101.254584,79.7363562,62.7316263,47.91786045,
2752.8510622500003,2229.18657705,1857.6775742999998,1535.2248531,1310.5139367,1112.0612715,931.4330476499999,774.2899253999999,637.62745305,505.05390645,399.38344829999994,291.133755,
1227.3004959,996.33918015,791.3516980500001,683.24852475,561.3335982,464.18962515,365.86223595,312.69900210000003,242.56883190000002,196.94500245,146.15508045,115.586649,
290.0075988,244.00874475,203.5773837,164.01279585,133.7957082,109.29830655,92.42007989999999,74.27003984999999,60.713242199999996,47.60381655,37.8569835,30.0018999,
298.15977,255.86337104999998,219.2489541,182.45299215,156.33814395000002,130.26416369999998,108.82591124999999,88.700811,70.99912095,56.11258605,44.5546389,33.42825285,
1861.6385811,1532.9079619499998,1295.6024541,1083.3912338999999,920.01018285,741.63322275,623.0173010999999,511.5803001,412.5222198,328.63368464999996,262.0459515,198.9528918,
1120.2459012,939.3716898,786.1941528,634.9331286,537.4426242,442.79897070000004,358.85660325000003,287.64736155,226.91003865,183.74841885,140.1855369,108.3186963,
239.20637805,191.19135599999998,159.68919615000001,133.3964022,110.23878224999999,90.94996665,74.12793075,59.1787098,49.013691900000005,38.35799445,30.189682949999998,23.31683835,
2037.5284262999999,1657.0415934,1399.1143407,1159.65864525,956.2838798999999,792.52760895,661.45572255,517.13474145,430.66696005,346.9330866,266.35294275,195.555525,
504.71262915,420.67513335,349.52866515,283.98853710000003,232.09969769999998,193.96483905000002,157.92364709999998,128.9060676,105.76747995000001,83.7648291,63.285599850000004,47.7221514,
254.44120709999999,217.43946210000001,183.26748135,152.7944892,125.8082694,105.9418389,88.13322915,71.16813015,55.96176675,44.1346494,33.77294805,26.27485275,
1978.20826575,1638.6446277,1414.70384865,1192.14039435,1012.2186834,847.0617714,701.30695125,603.2413566,489.67438484999997,390.25406399999997,327.83666985,250.73593950000003,
210.21612525,177.410067,144.83485424999998,120.78751424999999,99.07212990000001,81.1508871,66.40658189999999,53.9131476,42.451660950000004,32.28540195,24.96986985,18.57995115,
1311.96314805,1091.83438065,919.56093495,768.9872949,642.1988466,546.6095538,454.15849065,372.0061848,295.03101345000005,242.36108265000001,188.9051286,143.40099014999998,
1915.5519798,1575.5149098000002,1298.783388,1072.5907713,882.7577437499999,736.04148705,599.11816545,486.3693594,392.9333418,323.19097424999995,249.46487580000002,195.18090180000002,
280.36565835,236.15311020000001,197.59053210000002,159.03198675000002,126.06395774999999,104.2040829,87.6384678,68.65086944999999,56.4509655,44.98197525,34.632083550000004,27.29176845,
1756.9870095,1432.26167775,1166.23597155,993.9228595499999,810.574329,663.54957255,551.83768995,466.43573955,367.05248625,287.2263996,212.03606055,165.23586344999998,
4694.7576093,3891.57095655,3257.5453587,2702.996904,2316.83156865,1862.91804945,1524.87299985,1257.1131453,1032.9783235500001,824.0764057499999,625.8872268,509.37017744999997,
145.7821911,119.05167585000001,100.64923365,83.6621136,68.72811975,55.9195659,45.10306485,36.36410955,28.01492355,22.02225165,17.0400798,12.3473868,
802.42957755,654.2093067000001,539.72506545,450.91756125000006,377.04272055,305.58551595,252.4830315,205.11259289999998,163.6513296,127.93877789999999,100.7039589,74.61272174999999,
2509.68232485,2027.4292951500001,1718.5748423999999,1431.58745295,1219.1824734000002,1019.8896525,821.8513628999999,668.47079205,530.4908484,435.33764535,332.85629685000004,254.13802694999998,
568.9419263999999,469.6914939,394.2859095,327.8538291,270.23327265,221.40162525,178.71764985000002,142.66711995,111.12881745000001,87.6950322,65.6612247,49.628054999999996,
768.4580115,633.2110000499999,512.6008353,423.63422295000004,356.520462,285.4100469,225.83873820000002,190.5775092,149.9051793,117.56408160000001,91.3745016,70.28430764999999,
2336.8803758999998,1862.50670115,1494.9161611499999,1239.2537268,1029.62128665,860.5994883000001,699.0310152,577.3513041,471.9182634,363.7625517,282.2768727,221.6981025,
365.3881602,304.07862645,255.4856583,210.7091442,176.20632015,140.100552,113.67665835,91.13138265,73.32778515000001,60.106572899999996,44.9003514,33.71591415,
873.0140759999999,702.3552348000001,588.09575595,480.9917958,399.23007269999994,324.58128495,267.5550399,210.61263674999998,167.42818605000002,136.8402921,99.77649104999999,76.6809078,
1376.76385695,1132.9082796,953.4335042999999,808.1803583999999,679.2874035,565.81074885,463.11395895,386.21349299999997,304.41435179999996,239.17424925,185.88596175,140.6442564,
2507.46109065,2104.45585815,1741.5552735,1419.2966511,1211.6557986,998.7969863999999,839.33652285,697.0426572,562.4325474,449.5025481,361.67064915,281.3730249,
829.9686703500001,689.1922198499999,587.8416793499999,486.13556804999996,408.3917559,343.44961005,276.57371775,231.20822070000003,179.28843615,147.03505619999999,112.02655949999999,87.13134345,
91.4793678,76.8341835,64.43844734999999,52.937509649999996,43.39986675,35.13568935,28.10097885,21.754104,16.88372925,12.963163949999998,9.6740376,6.974593499999999,
1497.9951876,1214.9562345,1007.39453565,838.3314351000001,697.1923959,579.07188645,469.25355119999995,388.04060159999995,309.93026399999997,244.43984640000002,185.46278985,145.6782942,
2564.9013507,2049.4184571,1709.62716915,1435.6029723,1178.676072,984.2455807499999,821.734764,647.3023866000001,545.45387025,440.0974146,352.39803390000003,273.02255325,
2802.1169680499997,2307.22347885,1936.4362368000002,1647.4070499,1388.63802465,1170.0081462,966.7991928,815.6326194000001,634.9694574,512.67896535,410.95305405,319.9884636,
936.3957655500001,776.3323929000001,634.4534188499999,523.72707135,441.83558174999996,362.19155925,307.50354075,245.9826918,205.71430185,166.45932570000002,135.3582369,99.81878054999999,
67.42551675,54.6724314,45.86401785,36.7656642,28.2808371,21.22257285,15.13054275,10.8530187,7.506008400000001,5.2515741,3.7477933500000002,2.64043065,
106.19810999999999,88.70586735,76.56021989999999,67.32312075,56.71492739999999,45.461211750000004,37.71286455,30.335349900000004,22.8534918,17.515914600000002,13.2812175,9.50235855,
162.7317525,138.74496015,112.90132665000002,95.93936475,79.74157755,65.3530521,52.976747700000004,41.59847085,32.13637785,25.9841976,19.7380182,14.24182605,
1513.03518195,1174.247226,935.9508337500001,751.8240816,622.8430584,514.9288582500001,396.24182565,302.68369635,224.8177122,156.07543035,117.0606918,88.62228855000001,
91.82575725,78.9438774,64.1314611,52.166336550000004,44.02675515,36.132319349999996,31.010203349999998,24.812359049999998,18.5427516,12.224183100000001,8.7812766,6.220936200000001,
905.13949695,723.5430384,595.1316888,483.86877165000004,396.7870398,324.74488305,256.46910765,206.0483871,153.668685,113.2666614,84.9098514,57.703685699999994,
1242.1563452999999,1005.4500636,814.8749022,685.34082675,546.7638234,439.78782060000003,345.35108085,274.1987142,194.98051725,128.3745966,93.52098810000001,69.5636706,
1341.36722565,1038.3670494,834.06785115,647.70804735,529.7458413,417.92018595,320.8831698,253.55484915,191.10912885,153.54652215,107.65819274999998,85.26169605,
