49.0790625,46.4665815,45.45965355,
104.86841565,101.90116379999999,101.65513695000001,
33.3397713,29.9414382,29.1848907,
2.5225058999999996,1.7858247,1.27495335,
16.4470905,14.11208325,12.887112600000002,
24.22576395,24.2742555,25.179998700000002,
36.8393229,35.32923,31.34753085,
19.41087225,15.824621999999998,15.147388500000002,
34.379832,37.5429723,32.520484950000004,
15.475975349999999,13.609606799999998,11.335244549999999,
21.70108005,20.01707295,18.73583265,
24.114196650000004,23.669736,20.3325951,
39.34449,37.08817875,36.38936205,
47.34613065,46.222472100000005,44.446916099999996,
66.57720690000001,59.988432599999996,52.21350435000001,
174.21993075,158.1562932,143.9048472,
86.1020511,83.15926920000001,80.54902709999999,
45.677553450000005,42.7933146,41.81795295,
6.5913273,5.60517345,4.96091475,
7.249812299999999,4.9259473499999995,4.0575729,
49.788199950000006,48.6389322,46.7249349,
67.7732271,61.90250865,57.7419843,
0.51184215,0.43636964999999994,0.36291945000000003,
27.297914249999998,25.1651862,22.98402225,
31.73125245,30.2345835,28.962219599999997,
44.1931101,39.3711141,37.2629553,
3.8718664499999997,3.66041475,3.2602281,
60.220910700000005,56.6079561,52.48056869999999,
32.71401075,31.163393550000002,27.2578995,
14.91864945,13.24251585,11.4694257,
50.267963249999994,52.6947126,50.197411200000005,
38.25528525,36.8709123,33.5700837,
12.89648025,10.78881015,9.46426965,
2.6188146,2.15856825,1.8772191,
44.78391645,43.65031365,40.59854235,
43.23693765,41.78776725,39.0008079,
21.42111585,17.85584655,16.17828825,
93.7576227,90.98154525000001,88.42975515,
102.15330765000002,104.94565635000001,95.2600899,
78.40951559999999,79.60581435,73.4900835,
66.76808475,65.81212305,64.27969665,
12.9589557,11.99017155,11.06495655,
210.4376439,203.46566460000003,192.78991109999998,
26.9257062,25.066617,22.569785850000002,
37.21220235,34.46433165,35.4419424,
35.54114145,34.8438486,32.3072112,
7.5070843499999995,6.057234750000001,5.132208,
65.8943979,61.5656358,60.95393250000001,
11.29767495,8.732508450000001,7.382820300000001,
62.77057035,54.65921265,50.5862121,
6.833083349999999,5.6904717,5.1638451,
33.4193928,32.3910519,30.6261291,
96.91884915,92.0467338,87.1237428,
60.105078899999995,56.82059955,56.36647725,
95.5805214,95.60502045000001,89.2646652,
6.7673916,4.86139185,3.9121109999999994,
1.9187313000000001,1.5366555000000002,1.3146689999999999,
5.3505117,4.04988075,3.43420425,
18.0604479,15.761505,13.61828445,
28.48790745,25.378516649999998,25.614494099999998,
16.7938023,14.787797849999999,13.1586006,
44.009269200000006,42.208492500000006,39.83230365,
46.15469265,44.17656015,39.4554657,
81.0525171,82.48709505000001,77.79885525,
92.41724205,90.14529495000001,89.76888645,
36.77041935,34.09660185,32.9513124,
60.3940071,58.6003662,57.172468200000004,
13.985575050000001,11.98269495,11.2885443,
15.0834789,12.633693899999999,10.74537855,
126.06356745,123.71890259999999,114.15290565000001,
71.09293845,73.45402425,65.7767691,
17.3294253,15.9602562,14.97644805,
13.4527575,11.77451175,9.565893299999999,
27.392300249999998,27.60801975,24.624224549999997,
45.9290007,44.976414000000005,41.16500175,
25.2832443,24.0849615,23.9568018,
55.2669375,48.4859601,46.19669295,
47.0485938,44.446977600000004,44.30689245,
52.029459599999996,50.42354924999999,53.40116055,
83.73936255,81.75919845,79.10352900000001,
3.37685325,2.7641655000000003,2.3308998,
32.63002005,30.6438495,27.1068924,
53.61913665,51.09001335,50.1593898,
109.07670569999999,104.8606599,91.3263042,
17.0040594,18.34333965,14.802254399999999,
17.1391704,15.809567099999999,14.163427949999999,
35.3866722,29.715396,30.87058575,
34.80766665,34.22665875,31.7598147,
60.870682650000006,55.95081615000001,56.13274395,
32.1971094,28.788406199999997,28.858308299999997,
40.2449805,36.8413104,34.95199065,
125.24175135000002,117.4802805,114.249489,
32.39965575,30.36512655,26.856792,
13.269976499999999,10.286314350000001,9.50421465,
25.49685075,24.764599500000003,23.13584085,
24.2286438,22.75991535,17.4291066,
36.1299063,32.21125365,30.96005055,
55.044343649999995,48.407027400000004,49.98187305,
24.899714550000002,23.38612965,22.121833799999997,
18.216738,16.6047513,15.5037588,
118.7615538,119.2716255,117.73980180000001,
39.08754795,38.628823049999994,38.03327205,
6.48642555,5.5188663,4.73179425,
30.41740095,27.629138100000002,25.459508550000002,
4.1285676,3.37813125,2.9311435500000003,
14.0760951,12.882718200000001,11.604759900000001,
54.199179,55.06952805,56.2143801,
138.3949332,130.7090613,124.08585194999999,
7.8568341,7.020015900000001,6.36645375,
61.65919724999999,47.25382065,42.0140886,
9.55967955,9.3064905,9.13953195,
1.3748751000000001,1.1566849499999998,0.96885135,
34.49032455,33.74246895,32.69536185,
28.588200450000002,26.7175854,26.784856499999997,
35.530200300000004,35.26422945,32.8905243,
18.247927349999998,16.7522658,13.4680833,
22.765050000000002,20.76635805,17.76918225,
25.523359799999998,24.12715515,21.63737715,
16.45492455,11.68025205,9.7428105,
5.16993405,4.221102,3.6987294000000004,
21.2868579,19.0117035,17.0887341,
9.53055945,7.814194950000001,7.14214905,
29.617053,24.57098925,22.71533685,
7.2895605,6.4805727,5.7559284,
34.53880815,33.0233385,31.219140000000003,
33.8006568,32.6544879,28.748598899999998,
39.779006100000004,38.1284298,36.18143385,
77.64177855,82.2219417,78.47564655,
45.471604049999996,39.05298825,43.1260899,
12.77085645,11.8053417,11.72555805,
28.358241149999998,26.6689464,24.628755,
20.458780949999998,18.525946949999998,16.7198697,
27.89670255,26.19482715,24.4747761,
16.691009400000002,15.97965615,14.731905300000001,
18.0075474,16.547766449999997,14.7183432,
26.193410699999998,25.03974135,22.3586397,
46.6477266,48.2747949,47.726194050000004,
105.84403125,108.8107767,108.67336665,
70.79407094999999,78.45214455,72.20202330000001,
13.8935055,11.947757849999999,10.761193200000001,
12.247214999999999,10.603544549999999,9.53432235,
3.4954599,2.9926287,2.4680176499999997,
56.321723850000005,60.587947650000004,57.1528074,
17.56171575,16.40766885,14.2154877,
36.97916535,35.24895,32.64763035,
38.980836000000004,32.166917999999995,26.9089488,
5.69359455,4.97892255,4.3591668,
28.6446993,27.157233750000003,25.214664300000003,
59.8946889,57.07190084999999,55.05290535,
97.42162545,86.9665401,92.53667655,
8.8894095,5.3814516,2.79065625,
91.12225275,87.7894419,88.27527555,
79.42747274999999,82.0961652,72.20298030000001,
101.9220879,93.87350384999999,89.6949456,
29.4241698,26.932753050000002,27.628068300000002,
8.058207900000001,7.000083,6.4637145,
25.002608249999998,22.45447455,17.55677715,
28.156258949999998,25.1009925,23.446615350000002,
53.48968305,51.7894182,50.3240844,
64.19453085,61.28483655000001,56.03081805000001,
26.68748985,24.4473639,22.428971400000002,
98.83184474999999,95.49943455,91.2223836,
37.33786515,33.57019965,31.4460312,
44.129690849999996,44.71791375,41.348355149999996,
0.8676981,0.74188605,0.5331876,
25.017729,23.2620783,20.42032455,
3.98280435,3.4274760000000004,2.98623405,
78.56161304999999,76.169187,73.7885667,
26.9820798,26.36648745,24.60101685,
56.091411449999995,52.360385099999995,49.247509949999994,
75.85865595,71.22680625000001,69.0089835,
32.8622697,31.751223,30.51723885,
75.52185465000001,75.0429822,72.14599065,
1.49035125,1.26925665,1.05481125,
7.499905200000001,6.9758016,6.253506,
22.199290650000002,21.21087555,18.9387618,
36.9670851,34.9938375,34.58615865,
22.368111,18.9642153,16.36422735,
40.16923455,40.7353827,37.5832941,
14.22415995,12.035166,10.898999700000001,
17.68410825,16.72670325,13.849196849999998,
22.8408042,21.330708299999998,19.7940567,
176.3159583,170.73422265,151.92872445,
46.56176985,42.504365699999994,41.39784435,
24.3022215,23.7372288,21.2510076,
3.10126935,2.4680757,2.0342604,
0.54474915,0.43806015000000004,0.31152555,
60.46502985,57.432560249999995,57.3889158,
39.940674599999994,40.03318125,38.6092602,
16.90721235,14.866257300000001,12.610951349999999,
26.031072899999998,22.364420850000002,21.1414365,
65.09670360000001,57.34017060000001,57.486118350000005,
42.34417545,39.8143473,39.494365349999995,
41.9771382,40.42392165,36.17240265,
119.8545714,128.96324370000002,121.39586564999999,
18.8221407,16.5611574,14.652782550000001,
5.319179849999999,4.90682835,4.4249259,
23.80395975,22.39804005,21.221726099999998,
26.352255899999996,24.017764800000002,23.5011402,
103.41999915,100.27541805000001,93.38308665,
18.1142436,15.902674949999998,14.457348450000001,
29.766820350000003,30.00794055,29.425531649999996,
33.6819846,33.129763499999996,30.66391695,
28.988161050000002,28.23648,25.047661499999997,
76.0059369,73.07668815,70.37734365,
42.20678085,35.718123,38.1145995,
33.12972225,29.814819900000003,29.24081115,
2.1939319499999996,1.8547852500000002,1.58184315,
21.8809992,20.38058085,17.62678695,
63.16650525,61.91334809999999,55.33084425,
21.200266799999998,18.8430684,17.2796139,
3.6918877500000002,4.88169285,3.5337012,
44.310796350000004,37.707417899999996,37.011663150000004,
13.430171699999999,12.8928048,11.1370656,
26.2154175,23.80532415,21.5662332,
60.42568305,57.02883015,50.290086599999995,
57.006960750000005,55.90550160000001,51.89304825,
22.455333,23.18250015,20.3488584,
132.3407622,128.44230165,125.36694075,
15.18026115,12.347166600000001,11.24666115,
32.0758248,33.83151855,30.6479331,
50.6955816,50.996982450000004,47.626407,
46.6712049,43.0969344,46.739477550000004,
19.8670134,17.9960745,16.10466525,
42.1609302,39.51962025,35.92902735,
18.17349135,15.96154485,14.04214395,
28.986307800000002,28.773851399999998,26.7482079,
50.0403129,49.4802873,47.6251836,
53.22447015,52.160392949999995,51.219353250000005,
7.49799555,5.1251263499999995,3.7474411499999998,
9.316103250000001,8.9129526,6.5251700999999995,
21.66343545,22.17650925,20.55733455,
84.4693731,84.06870585,80.5902735,
69.7256409,68.38930995,60.348995099999996,
9.3009174,8.79296145,7.556646150000001,
155.35812525,143.29534395000002,135.60777405,
8.3094729,7.4772096,7.4365209,
34.7978127,33.676802099999996,30.75061575,
37.2915963,35.798319750000005,32.399691,
27.830144400000002,25.102158600000003,22.07346525,
64.0914102,63.236916300000004,59.33953785,
56.1986103,54.548879850000006,52.640999699999995,
93.48249375,89.27732519999999,89.1150144,
39.3719793,37.4627745,33.206261250000004,
164.50262835,156.2507889,156.5800629,
15.5136264,13.035902400000001,13.4095935,
25.22192655,23.597564249999998,23.0035668,
51.133789199999995,47.797931399999996,45.25200975,
4.3399632,3.75547275,3.2819199,
48.4025886,47.3149353,45.9391803,
80.7455712,78.7181781,74.390781,
50.4964569,49.8044556,48.762281099999996,
38.20263885,38.648954700000004,37.1728689,
31.9637502,30.7038993,29.240283899999998,
6.6230291999999995,5.99164005,5.3495496000000005,
11.98198695,9.04200555,7.959698100000001,
51.69563655,49.474985700000005,47.2863201,
51.046124850000005,49.08392775,44.8294329,
57.79501485,58.6016202,58.15884525,
2.97054315,2.3843128499999997,1.9568058,
30.89747715,26.897886300000003,26.643466500000002,
22.2400119,21.180135,17.5061112,
19.014033150000003,13.76906835,10.5967023,
26.73835845,24.327081,20.98709145,
22.3641732,20.659701599999998,18.52712025,
8.36391045,7.01341995,6.5975230499999995,
1.2936462,1.0061454,0.8360223,
6.42707145,5.3371149,4.7419416000000005,
5.0970597,4.41643245,3.7148124,
45.954976200000004,45.135325949999995,43.13972565,
95.51654475000001,97.432659,94.7008533,
2.6599941,2.3830125,1.8841622999999998,
18.11257185,16.16204625,16.33342455,
9.006618450000001,0.97818,2.38913625,
37.3948914,37.42373205,35.32545315,
68.71332345,64.19566665,63.5702862,
32.95803225,30.418265399999996,30.38481255,
67.35604845,69.4764816,67.4321946,
21.8831589,20.654607900000002,18.4134786,
35.4657285,35.7179673,32.0519577,
14.68594725,11.8818867,10.624119,
11.97700425,10.7164566,8.93432565,
29.5317708,29.1606483,25.7033718,
23.57904555,23.2010106,19.11876525,
22.406656650000002,21.13201515,19.7800128,
80.96816505,80.84994555,75.809814,
27.08262495,25.170756600000004,23.78389785,
45.613441800000004,45.20225445,41.9236656,
25.7406219,24.844601100000002,21.849740699999998,
22.267583700000003,20.7292668,18.0265152,
15.8777193,15.10887105,12.02666565,
59.314628850000005,61.203984,58.9404543,
50.63320590000001,48.63524235,43.024930499999996,
86.174493,81.74938424999999,74.36535285000001,
5.51999235,4.59520515,3.9342954,
80.12307945,86.05899554999999,79.89021615,
120.52170585,126.1260327,118.29660255,
18.565893,17.5369374,15.20818185,
75.01270785,74.33933415,64.18164855,
8.71383,3.3310986000000002,2.5439884499999996,
98.5427691,87.47954595,81.12961245,
13.7506254,12.5161263,11.203437899999999,
33.35296905,31.22206995,28.9652349,
52.73396895,51.69021119999999,51.86972505,
67.34893919999999,66.50899005,63.375391650000005,
26.333938500000002,24.226097550000002,22.58840265,
40.44294075,38.62141875,39.157012200000004,
33.65529495,28.49004225,26.58262485,
5.7106148999999995,4.9764481499999995,4.04725935,
4.45082235,2.23337235,1.8075502500000002,
44.29723545,43.31167725,41.0372889,
17.58454245,15.9207012,14.569580850000001,
76.86755475,73.74771135,71.59526625000001,
93.15074235,92.8620837,89.79613515,
43.42470675,42.85003725,38.695464900000005,
21.5486988,20.37876315,18.1708188,
18.8793543,17.1503826,15.6625659,
44.8685658,42.93412935,39.9512412,
17.79393345,15.591791700000002,13.406631,
20.3699355,18.232201500000002,16.956837,
91.90409775,91.72154685,89.72923035,
11.0624781,9.52690245,8.31155355,
12.31695855,11.1234483,9.8229063,
34.31218755,30.244238850000002,28.0089543,
17.430301800000002,17.033292600000003,14.853904799999999,
31.05784965,29.59003245,27.57249765,
98.8588044,95.04419205,90.01284195,
23.13624975,20.53678725,18.805635449999997,
148.09499820000002,134.97317235,125.3175204,
28.7803302,27.22265385,24.0173124,
38.578186349999996,36.152295,34.6290855,
19.06510965,17.39733495,15.929868449999999,
22.349780250000002,19.3813551,17.810434800000003,
39.339312299999996,33.98933475,36.1179021,
35.18903115,30.272515650000003,28.410422849999996,
25.650890249999996,23.28124275,22.62352455,
24.7444554,23.95874685,22.9799181,
119.50244144999999,113.37843989999999,112.36837799999999,
19.71370095,18.43154085,16.42233495,
89.8826079,81.3053826,74.70629235,
31.3747251,30.3803865,28.0980117,
27.1468584,25.82945925,24.8588961,
55.5397848,52.50467114999999,53.22149039999999,
93.98234624999999,88.27229655,87.35201534999999,
34.3349868,33.813062099999996,30.483962400000003,
22.34928585,21.277819049999998,19.03037895,
5.437117949999999,4.40506515,3.6098383499999995,
9.907236300000001,8.266119,6.99600525,
99.42705089999998,85.0394457,83.45240295,
72.48483300000001,26.819237549999997,23.57668275,
34.88423865,29.8494585,28.82369895,
33.966901050000004,34.0639818,32.6696568,
17.164308300000002,16.26464295,14.856199649999999,
13.6013631,12.4686093,10.9513065,
19.2599163,18.60444795,16.2843369,
39.41390655,35.892795,35.3694021,
6.7048779,5.4596967,4.73707935,
35.597274750000004,38.1348912,35.338299,
8.92173495,7.693925849999999,7.0184602499999995,
18.40753125,16.8591126,14.13377235,
84.6242904,80.8919751,78.0232032,
32.4627396,29.669964450000002,28.2888249,
7.69373925,6.2478234,5.1018375,
25.956646199999998,24.38295945,22.4182359,
33.291297,31.9033047,30.341840400000002,
12.074664899999998,10.97373705,9.2017881,
21.8015121,20.7488754,18.2786442,
63.90781365000001,65.10428639999999,60.46217865,
39.241923299999996,41.04929295,35.8889883,
4.91240775,4.15096995,3.62919735,
56.735467050000004,57.81983054999999,56.412015,
14.972928,13.53064125,12.1288794,
31.9368798,29.829199799999998,26.6143074,
88.72472085,85.8843597,83.38454039999999,
52.152858300000005,50.69252445,48.3941997,
38.64476595,41.94206325,38.141650049999996,
66.86850975,72.17182890000001,65.40224265,
16.158987,14.8133583,13.485231749999999,
78.30232515,78.95031540000001,74.869557,
33.188448449999996,31.324289399999998,28.2445965,
11.86452045,9.88847295,9.2074185,
16.055995499999998,14.317396800000001,11.2491033,
57.11108055,56.727265349999996,50.832989250000004,
35.227744799999996,33.17534475,30.738401850000002,
7.27793655,6.5426553,5.64667725,
53.37960105,51.368299650000004,53.72348715,
15.19047285,12.5949603,12.63407775,
10.09732635,8.88042765,7.407578099999999,
51.4490115,49.8283185,50.997006150000004,
9.491749500000001,7.7406129,6.4112076,
38.528870250000004,35.98576995,34.78364295,
62.0282715,62.50635749999999,58.6859085,
9.6406515,7.69493265,7.298502149999999,
41.5003224,40.60683855,36.53812845,
146.24090205,133.8662997,129.2641365,
7.080792,5.95884765,4.9720986,
20.8436907,19.39234665,18.098905350000003,
56.72942985,58.3026744,55.28609519999999,
23.834623649999997,18.6702351,16.98579735,
22.31444475,20.0070885,19.39510095,
74.92663755,69.70427775,66.9556281,
13.1901768,11.61466245,9.95009655,
24.9665325,22.44080805,20.63668725,
42.91212855,42.61378755,39.216690899999996,
73.30502385,69.3891549,68.5698924,
30.39173925,29.20814655,26.399749650000004,
4.18372965,3.2337515999999997,2.62085865,
44.33476935,41.79301845,40.385463599999994,
67.4597145,69.3044604,65.33820615,
83.1314139,80.1331788,77.8334202,
27.4023975,29.5673328,24.4611534,
2.4182691,2.0252767499999997,1.7937423,
3.67087275,3.06605025,2.7920637,
7.03661655,5.7943923,5.06748915,
34.02519945,33.70921275,31.30568865,
4.21875255,3.56922855,2.9862183,
28.719713399999996,27.095539950000003,24.709557150000002,
35.1444819,32.8649733,30.5580291,
35.18318535,33.67528395,29.38140525,
