1.394746323480071,1.3816115393146164,1.3515760729207593,1.3286206207593232,1.2646634205936091,1.1983104117864642,1.0992877685277695,1.046053849580261,0.9762073121766686,0.8917401887281796,0.8378416030315362,
1.77556728413832,1.7575620157662675,1.7108000048690328,1.6746634809393108,1.6224654947100596,1.5464751156484113,1.4817690476596312,1.3485024713737044,1.2329332974929648,1.1472663088585575,1.0477093485189155,
1.19703873991545,1.180334865545079,1.1710662361891564,1.154477008390202,1.113260118396799,1.0733726332940126,1.0170941277514574,0.9579166364464238,0.8914922788991482,0.8260245907928474,0.7663876258585878,
0.5470279041830937,0.5416958999902978,0.537699848733831,0.5325836649691724,0.5290412734551145,0.5231879746661323,0.5202440666006598,0.5190326587931335,0.5205622545514091,0.5211271326618415,0.5215953167854435,
1.1058241383654512,1.0840995359537011,1.0626799536757876,1.033944252761452,1.0070408856199824,0.9724248328454331,0.8962579237203375,0.8478296733710513,0.7799966175910664,0.7320386791808252,0.7034896362667423,
1.2346855400226044,1.2339481118607345,1.2042708726657867,1.1868946704794885,1.1433121955025127,1.1060782136053753,1.0478227599574643,0.9636750731269466,0.9028496514751408,0.8482148919897172,0.7635617683680049,
1.0753059733669432,1.0499419288065694,1.0418792016931198,1.0139249975999722,0.9875538056414026,0.9420094918988472,0.9058143900786395,0.8453430720391101,0.7923944818438229,0.7366704305523776,0.6713877444131855,
1.0024002662040004,0.9916060414746576,0.97776192040331,0.9664692915641239,0.9460719686395606,0.9140247176652022,0.8860333375483216,0.8458194128473531,0.8008954246253142,0.7655776452881355,0.7215257773614143,
1.332341217584696,1.3018928168388393,1.2750056266862522,1.2645466239737482,1.2302553120066986,1.1721032003886929,1.101485890464249,1.034720595002203,0.9738439051604192,0.9130345231115359,0.8822905167020163,
0.8868969665465776,0.8783496310121329,0.8658149339322677,0.8559202151056289,0.8311634318820373,0.7976338360092871,0.7594363635436387,0.7185226325461154,0.6835582379865763,0.6456340704563149,0.6111180173517732,
1.23904209895758,1.213436335160085,1.1875722885549986,1.1643987865314327,1.1372762860463248,1.0982526027604151,1.0240422926222716,0.9656635023198733,0.907724926924567,0.851482084496178,0.7824755386621941,
1.1920159361850535,1.164991343317389,1.125734295712946,1.101206451419637,1.073497321833515,1.0162705388834241,0.9550864972578554,0.8957320929585318,0.839431180516757,0.7805648169360939,0.7412950610968767,
1.2183441205712298,1.1877989651433676,1.1692334695573237,1.1515582939167552,1.104627929066968,1.0507657468093465,0.9934057688878238,0.9349361599223626,0.878628802830327,0.8138390516270736,0.7683745097479172,
1.4463394753071022,1.4114425333352585,1.3904197304879744,1.3541989284394071,1.3079507940597754,1.2466015797564995,1.1655603244585118,1.1045420323539605,1.0092375958752973,0.9202346943504153,0.8639715255459278,
1.5148055469618251,1.50896746243373,1.4874127066667258,1.4599709626641324,1.4297899220948522,1.3956956623064214,1.3334532128704801,1.2904529759066905,1.2519528922248069,1.2354620551167337,1.2333853699221122,
1.7854737196149784,1.770331875460716,1.720280540240534,1.6891745091975405,1.6281199937890125,1.5378487155983152,1.4416161208656397,1.3564405031547266,1.254656275144535,1.1218917508148403,1.0132480354063556,
1.676837203597464,1.674505260912545,1.6498118357412543,1.6166366259468674,1.5717266215942616,1.514779039855701,1.4469226361958103,1.3652603703942385,1.2790144695955192,1.2235949484583346,1.2119855587810369,
1.3886883131889212,1.3545367235870753,1.3424590359467448,1.2943452429587208,1.2572939996444075,1.1807896703606586,1.1138347482753719,1.0438429809278063,0.9673947773807283,0.8906690895424324,0.8287345861462831,
0.7890857992053633,0.7758060000787307,0.7560977037782824,0.7426180309127138,0.7212350440788334,0.6930010178152676,0.6644921938961984,0.6419974030553033,0.6188886612982706,0.5949461411677555,0.5770293533429953,
0.722034798589383,0.7157661643814791,0.7098353613038042,0.6910005287539215,0.6803964589499035,0.666395721951636,0.6485936546318182,0.6278664376421582,0.6009881738874316,0.5829665320371699,0.5636117031124938,
1.5343419073293525,1.515586950165767,1.5063233200824984,1.486079456146011,1.4651363750531985,1.4022145348845279,1.3434282865768121,1.2654922360530239,1.1818594662974824,1.1099688431053452,1.0668353671313324,
1.4964674388944508,1.4710049321818284,1.4432383862048774,1.434272308621235,1.382252790328216,1.3367890396586681,1.2649196430454992,1.180983137522096,1.0991588717726348,1.0305931016319163,0.9559594792116002,
0.5876088898635027,0.583084677616962,0.5775903838222705,0.5728585602844779,0.5654312749680922,0.5536461324655334,0.5461363936071258,0.5365925665570451,0.5305612606891484,0.5251700257940021,0.5212135464307617,
1.2701937525114286,1.2540674681362762,1.2451988485771996,1.2230373238748522,1.1726778336264692,1.1250045171776695,1.0573298580816248,0.9904495722234573,0.9345438220406633,0.8941963963342193,0.8424423255999334,
1.430722410614314,1.4109752358676717,1.4060232594548385,1.3855207227349358,1.3571684031610751,1.311174879179091,1.2769537460403024,1.2269577384265453,1.1926630108789606,1.1887006265132782,1.1582346374734558,
1.2993678159808715,1.2664064397972947,1.2503385935490319,1.2217904614460326,1.1794463816180958,1.1104449033153365,1.0509813527221135,0.9859067204856745,0.9061637545397362,0.8450091497005449,0.7924130664446607,
0.7069593760194889,0.6936787574240725,0.684683132798117,0.6782213609447701,0.6619963608118532,0.6386876535507662,0.6132668148714607,0.596584758380065,0.5799964307852671,0.5697005016834805,0.5570178346230812,
1.5440377493319892,1.524058055438541,1.4991993227044274,1.4598261617138288,1.4178863528393089,1.338742630375287,1.2722098219101763,1.1758350028336206,1.0803124729318876,1.0063484101111362,0.8787568878543863,
1.2853182851816256,1.2741955600578434,1.2499208126200767,1.2401585921471554,1.1935036594744393,1.1375427979587978,1.0897155063186867,1.0250375126829445,0.946972811952507,0.9033287227064856,0.8634097205155209,
1.1994293946779433,1.1763162091516757,1.1569070653776221,1.1375047532820652,1.1235719261390351,1.0740938918157072,1.0190477729922067,0.937112908813737,0.8788282027406121,0.8292553230830361,0.789518698534796,
1.4721631894933058,1.4555559054221725,1.4359032843129953,1.413171386986522,1.3796736580933933,1.3266065786078935,1.276895048190881,1.1998677775696258,1.105062586838325,1.034974902229352,0.9955966294467267,
1.4106153555867404,1.3955710084712578,1.3733099137730556,1.3465428628332852,1.3040080002948073,1.236828236888701,1.1627249277523093,1.094791466939757,1.0316364636123945,0.9726296432880908,0.9739188410977533,
0.8702563554925625,0.8515509861497487,0.8526345485335513,0.8400584147408834,0.8300188338757684,0.8131591249387231,0.7999465777210858,0.784379970602112,0.8043192064690642,0.7962645724459235,0.8195534844631696,
0.761156903799386,0.7528939980688957,0.743825841604849,0.7325780523195083,0.7146650788919641,0.6940389117221204,0.6683763696446074,0.6449500518458655,0.6246383241010381,0.605378653269838,0.5929522815311663,
1.3426270783279426,1.3140046549258368,1.2900949499561871,1.2725726691741663,1.2338924790425048,1.1909483610062546,1.1183651266929215,1.0404704940283591,0.971870452302162,0.9166686485536105,0.8639983777759599,
1.2635520115810048,1.2269530488937492,1.2058719281311168,1.1851165952076583,1.1511796786407391,1.0913859850337004,1.022928088603337,0.9166616772878199,0.8405308269837947,0.7801649841396792,0.6974392166422951,
1.042702592495449,1.033718957707931,1.0282162383443605,1.023703739733135,0.9983715364524456,0.9734613992787954,0.9332046987269645,0.8916014411321116,0.864983527926279,0.8436680234152929,0.7920089272145912,
1.5647302353258439,1.520490092639925,1.4874728166276951,1.464193774722869,1.4207488384803877,1.3314293951599052,1.2505422096410466,1.1569237374974328,1.0600259680381334,0.9862954485006195,0.8828418606415275,
1.525570204148464,1.50358981198475,1.4727183746667416,1.4264633237612299,1.3763652563963624,1.3204590101807088,1.2368097960865556,1.1110291909624326,0.9927341211629349,0.8989385537855397,0.8214268261199399,
1.6708655667649561,1.6484334047737765,1.6224292464041004,1.5811595014268562,1.5374253720863984,1.46616280391564,1.3767105932273807,1.2718684497018649,1.1881154336460236,1.1074411866734901,1.0394057672735686,
1.3810293277129297,1.3469476105348068,1.3133130028553535,1.2869833708796705,1.2258762564686887,1.1492977129652766,1.0711113026789314,0.9970528991607351,0.9271015143164426,0.8355014377175349,0.7691231676584255,
0.9261023749911067,0.9047842248933554,0.8812534833321216,0.8619700231548229,0.8379862856156298,0.8031320894934918,0.7614704892983867,0.720339368886439,0.6821601136386528,0.6486097267309167,0.615855645909954,
2.0016099558087523,1.9658913825102036,1.9442883803887512,1.8885479243333234,1.8329494255646628,1.742800112649157,1.6480457112837754,1.5274766203887735,1.4284182306297675,1.3260565138623877,1.2289498828607495,
1.1027195742555496,1.0897996502359377,1.0786860316134232,1.0486080627820775,1.0277043976058267,0.9743650706747453,0.9312040687639109,0.8578743122996942,0.8045108568906384,0.749976322555052,0.6983420847958454,
1.1443345970660543,1.1232697811793924,1.1058692469496216,1.086025876834601,1.0507902158237508,0.994958186924447,0.9418863834806429,0.8759569649298817,0.811873194622299,0.7492117313627322,0.6959149283503581,
1.1518491466751317,1.132001869436561,1.1125620030337464,1.1006915854455237,1.0630010155510177,1.022074776215403,0.9624353388949215,0.9030512102479302,0.8322814403121912,0.7565012802144235,0.6898463255716102,
0.8914755101585514,0.8865646438498187,0.8749657973203038,0.869147576513079,0.8559023542140928,0.8291360464110695,0.7975621704818564,0.7746671621510467,0.7429305379614753,0.7124654120765846,0.6786651254679392,
1.3486390417123297,1.3224856568497818,1.287800955373654,1.2536881630373928,1.2320166785001303,1.1760763344681637,1.1127785165466446,1.0277224842561241,0.9641837795809047,0.9010044208731064,0.8434545888655476,
0.8547852007921893,0.8488450835987361,0.8401085760498896,0.8291088979489737,0.8164362056277589,0.7911363458157413,0.7634380566854327,0.7397974140992772,0.7077529953324542,0.6801213430418823,0.6489471357452697,
1.5537257970114957,1.5308126905983164,1.4979080954202555,1.4781537521927413,1.4171930128961348,1.3445795032655683,1.2667278793758687,1.1979425234902215,1.130837716958608,1.0219892325331357,0.969818566886758,
0.8937827720572077,0.8821594492359105,0.8825172815609739,0.8755266809298151,0.8649818442789905,0.8457891944051201,0.8378192093261851,0.8303273808243191,0.831002674149765,0.8445194947691728,0.8618875320957902,
1.3132974559647963,1.2942136624288318,1.2718486363066812,1.2493689294544885,1.228722491609003,1.1715336050416703,1.119301469273323,1.0691528873263534,0.9992116835314429,0.962336187263298,0.9265551755970408,
1.6660511388634887,1.6493299376834802,1.6243090481261464,1.5822323629409123,1.5444415230854054,1.4746925903475028,1.3887475843703065,1.2981565826351933,1.228293590683507,1.1899438898794612,1.1276922255367237,
1.5048459711167896,1.476600022527172,1.4541398334700313,1.4330003248271568,1.3876599579429907,1.3256941188947262,1.2655445967969141,1.161775667094462,1.0372275617087108,0.9667336059713226,0.8819746228142736,
1.5003776209610755,1.4738239678464662,1.4519914869866744,1.4247413949675654,1.3874489537881334,1.3212269856966412,1.2412459644116127,1.1713020753271253,1.0968480935127363,1.012818604687931,0.9531793744494115,
0.7509408787877588,0.7408020089749707,0.7353580146574324,0.7222796580133234,0.7073355834403683,0.6826621574146149,0.6552889923749523,0.6350579503311502,0.6127783959156096,0.5963241967945113,0.5664695971898358,
0.7303705637329347,0.7244860370528025,0.7149777954310438,0.7042551656547086,0.6900992657270162,0.666056896520792,0.6433266502348726,0.6143589697741143,0.58899561876547,0.5617304506809017,0.5454320793390649,
0.7819225224060335,0.7761833878020257,0.773309346908121,0.7709084089713635,0.7593624044367726,0.7491554652858635,0.7311005963325632,0.705236522472759,0.6853990987744626,0.6584093350147958,0.6307398288373512,
0.9606852181211504,0.9606697511142342,0.9587092830332272,0.9542479054657512,0.9335840831884656,0.907601061808201,0.8766719972375189,0.8464458843593121,0.8085142672775364,0.7670468277141462,0.7224647377717199,
1.1425763656399006,1.118143996237039,1.0981742319867018,1.073689859305351,1.03960004805376,0.9914978106061605,0.9368611998511512,0.8852064155100893,0.8202314603527916,0.771916418015113,0.7095794302895677,
1.0265898139415168,1.0079508505125736,0.9964214388517941,0.967299616061732,0.9433051545563534,0.8974156005765268,0.8461082982449115,0.7817136955469254,0.7312130046810219,0.6795796002863528,0.6328617645460531,
1.3578737727530963,1.3376840107765027,1.3220829275889294,1.292251831926782,1.2527767886078467,1.1923532136425687,1.130491910770969,1.0667518070807183,0.9830123704895871,0.890317298051791,0.810042472105597,
1.523098329114424,1.5033310386247505,1.4995667337442793,1.4802590343600306,1.4290519993967974,1.3560206850436534,1.3189788664296307,1.2295914276081015,1.1528645659266643,1.04975363421968,0.9269154669470022,
1.4633251345712839,1.438747300433928,1.414502911912487,1.3853995720350125,1.334175340873651,1.2594001259342857,1.197419675376177,1.1179368476401983,1.0495098766509607,0.9586636761898897,0.880065415508043,
1.496839866209089,1.4585751440934678,1.4186689517110238,1.386457155967212,1.336121503679052,1.26043332069568,1.174903155650572,1.099405669140787,1.0021642453550712,0.9296137449120423,0.8430685118319616,
1.1664303148876844,1.1484067103499322,1.1360946726935657,1.1096103671234974,1.0737685071351928,1.022836134648631,0.9653084096445879,0.917560460873368,0.8660615779911752,0.8214760115456416,0.749545601067995,
1.6108601182215732,1.585120415008167,1.5434053126060123,1.530970063639376,1.4981229592136083,1.4202146562471256,1.3370353879498251,1.2717075305267402,1.1827765015216982,1.1385064362641861,1.1105879059687862,
0.9416297621671434,0.9203344046434546,0.9047714066738021,0.8862462488189317,0.8651386267640948,0.8221993503067836,0.7840344197761414,0.7423705544612881,0.7121418052370321,0.6861461781360539,0.6547709368010537,
1.058042652882458,1.0662925455049816,1.0556628126752665,1.052023570249576,1.0409844523548164,1.027804923903631,1.0023812042449833,0.9737423090130669,0.9663687533807507,0.9544724137019467,0.9359714188841982,
1.774092762987853,1.7363338818973248,1.6851491485837202,1.6675556130945166,1.5934913431491287,1.534197924527774,1.4539077800033777,1.36151940831063,1.2503686398446163,1.1668457419534939,1.081865037428714,
1.538442402135653,1.4979612915378078,1.4507853164261288,1.406617158455123,1.3639568777502862,1.3098321947347094,1.2103214121702826,1.1674506805902958,1.0266884022423202,0.974486117730461,0.8781375977481645,
0.938040461846095,0.9153342531023207,0.901227415716397,0.8860297936472578,0.8539730570780197,0.8119389618965712,0.7629580348984244,0.694181435218739,0.6428182337551634,0.5997668000719442,0.5614349066312626,
0.9132756193864526,0.9010562883204016,0.8832247537782525,0.8711469267146629,0.8601919730115966,0.8204742997054615,0.7884843340737931,0.7498984343541386,0.7028822577912986,0.6538859807760325,0.6099744524949762,
0.9854134451831064,0.9767433312027725,0.9650239495869408,0.9446378533137986,0.9139523536149148,0.8788181223484666,0.8297203645865724,0.7694694299556187,0.7113971034894021,0.6647017228444462,0.595856620947906,
1.537878428331313,1.5251348677858403,1.5092526397153407,1.486604887458032,1.4522188060087775,1.4014734618115428,1.3399102484631307,1.2536113952284602,1.1827658278492044,1.1373874157258672,1.0746202899530204,
1.2599565979948655,1.2388570891376107,1.235711517747874,1.2018014383550988,1.1890297489792638,1.134913369904176,1.0867529970415681,1.0339193672437128,0.9859941036697388,0.9434443730109434,0.8866013648567636,
1.2829498370600942,1.2789377746139474,1.2695229252415359,1.2506130107593685,1.2400657228460967,1.2091587454083121,1.1644517916344437,1.129145562224244,1.0688493188973387,1.0470852867687095,0.9410727172891512,
1.4148997795331228,1.3960385693911816,1.3705196436502218,1.353979022981891,1.3054111755553888,1.2521785473168596,1.1844205703324364,1.122359654293436,1.0549194185151367,0.9969330061891983,0.9580463691982924,
1.5184010932883851,1.4894248350873975,1.469105770319155,1.4407458080648226,1.3938329173715092,1.3313481646957412,1.248628872676628,1.1662603057131369,1.0913214813260312,1.00137339141057,0.9366727593761993,
1.62601134624757,1.6113606977690362,1.5906076452813767,1.5589649290095318,1.517153990040387,1.4626240490668512,1.3639485398983138,1.2757896956271404,1.215115325794221,1.1296939982834744,1.0855376745483964,
0.6328813550253063,0.6288727437863052,0.620719699725868,0.6135587004253115,0.604361129723933,0.5913624299417873,0.5770766998983793,0.5623105200540975,0.5514700570457862,0.5414013568878058,0.5327509322931312,
1.1353658429183608,1.120025201912401,1.098242097031224,1.0762654386785135,1.0540911882021238,1.0131864987103962,0.9625494569616231,0.9109827945483967,0.843842008661541,0.7607062630212272,0.699779810099251,
1.564745512071134,1.53713462260112,1.5233252912650397,1.5049678747059247,1.465923074449798,1.4149990713341454,1.3355839841759256,1.2610949652878476,1.1532498673680687,1.0723174649701808,0.9981527991807656,
1.4681960135815475,1.4513212053306095,1.426707043899712,1.4054878428072686,1.3848988299018616,1.3358741110141772,1.28487935006234,1.2271519865403107,1.162411613016448,1.0902081934629984,1.0214828150254658,
1.126332427567294,1.1073855873707115,1.0929794171491372,1.075708364339851,1.0439402050849977,0.9960611385539194,0.9540117418371495,0.8904385721057032,0.8451193507443592,0.7788921747200799,0.7311849890299837,
1.0451254409757746,1.0249767347948542,1.0066939159828145,0.9900631923636939,0.9610746279276641,0.9180493709699287,0.8797997018309797,0.8441204700067837,0.8027683532830986,0.7575635904695915,0.746791986121524,
1.1945999687998987,1.1746811631256127,1.1554110781386,1.126705115379956,1.1048997593844656,1.0546357123857135,0.9940811769124961,0.948366833339785,0.8844375143992846,0.8359216776595552,0.7984434087109893,
1.381602092408935,1.3561209175172961,1.3288734448326829,1.3096379874876225,1.2766064965579524,1.2356984772815252,1.1620458596777992,1.0834481635886366,1.0005868636819253,0.9262575259385956,0.8572093750085644,
1.6399345896935362,1.6164858650992278,1.6084687021088055,1.5667248638044735,1.52908782414983,1.4692975879657562,1.3899055576349555,1.295127788299211,1.2038300259765162,1.106536155653546,1.0052248582295216,
1.2162848227608103,1.1881151374987244,1.1646617616420891,1.1444562886975604,1.1087380204918258,1.0503154848903264,0.9948459204113452,0.922545351342083,0.8513925216553712,0.7756194153105774,0.7021231851234238,
1.551821252572114,1.5544550968025173,1.5423881158176196,1.5314031296729347,1.5074761719166645,1.4791614076523558,1.4440242345908985,1.4055956763018074,1.39880225636117,1.4167855590292722,1.480352568691668,
1.7862773335432576,1.761981450142759,1.7251312988756426,1.712288739488927,1.6505979040305583,1.56954127995275,1.5105580750679428,1.4289604045071551,1.3153691230131317,1.2199873594887953,1.155104180950626,
1.0514552179040029,1.0319496223679987,1.0123867862593199,0.9887643667686085,0.9538588723834178,0.9090936868348202,0.8549238805317477,0.8054388135266999,0.7524051493795781,0.7019664062601647,0.6480633837183805,
0.8806641097102486,0.8743657882022514,0.8571740914634371,0.8400573202600996,0.8145224485470877,0.7855189918118596,0.7527405063806023,0.7136310219222517,0.6729010409034896,0.643045493422173,0.6040298130424052,
1.2278343430675918,1.2051546000591014,1.1876141279004784,1.1612540787960985,1.1280271260154544,1.0768464060440757,1.0201078921874942,0.9581801328777133,0.9083998479641927,0.8709466545754131,0.8382343703339847,
0.9730987802185507,0.946309521035717,0.933428248130221,0.9154469046147821,0.8838911460161634,0.8314944091655659,0.7839123913358129,0.7169295408564504,0.6667789101258449,0.6302846236990294,0.5838047930062458,
1.3606269060950553,1.3512754164242757,1.3180483410850365,1.3001718063192633,1.2610961218545107,1.1996395389537609,1.1341319582907057,1.0606198381173635,0.9909501807891452,0.9358359177432264,0.8750258582562445,
1.4391388545159844,1.4157204023084027,1.39967805559122,1.387792135625487,1.338551452661387,1.286238288151867,1.2187076724744481,1.1374160903240316,1.0569296294646304,1.0111350290625762,0.9476580644340472,
1.1187430504157707,1.1087845943017685,1.1081937956735934,1.09757983354137,1.0743654533462579,1.0370019023668344,1.0181354379283722,0.9830237019000295,0.9532362054156351,0.939618565428065,0.9571722401593135,
1.003491283700852,0.9853180287042245,0.965646341836664,0.9608767035300436,0.9362600359981087,0.9034767657518076,0.8646155730577627,0.8038747194826019,0.7532016745132882,0.7043950690198055,0.6642330969801323,
1.781020381828432,1.7474861235386396,1.7171165572867213,1.6811144004966496,1.6280073291158659,1.5621025546375678,1.4679268225438524,1.3696326035448454,1.2789673478316148,1.2102677591734339,1.163559461760423,
1.4588545710458745,1.4376451679706292,1.4201488745137645,1.3840864507661295,1.3462598284008087,1.2624160152950532,1.1897661735580056,1.0906759184016916,1.0111659327103555,0.9184624966119299,0.8232016043729995,
0.7299961121920074,0.7245412420044471,0.7165055622859411,0.7081140030421335,0.6919381952419903,0.661633356640213,0.637218309878057,0.6050185790132748,0.5780459209490679,0.5524989675746134,0.5335531147913363,
1.3226375241244899,1.29950153228004,1.2773683087342211,1.2532920108535157,1.2203112555908318,1.148950426851845,1.0717659711517444,0.9936195585084313,0.888542527782735,0.8289840686774088,0.7494704639268225,
0.7026570527741679,0.6940197132438612,0.685365402437097,0.6781196489386844,0.6633533404365083,0.6447023260572854,0.6276060117809152,0.6104486815324971,0.588964939196864,0.5673036763416425,0.546787870203176,
1.0821444105932574,1.0691997343255537,1.058453072301746,1.0502593638789746,1.0210860564818243,0.9864462381855311,0.9446941834544068,0.9125440661306812,0.8786389848894122,0.8728394448742001,0.8870459139238547,
1.6668468199888473,1.6701298748588786,1.6706477317194002,1.6570218900760223,1.638702406486422,1.6256176134660527,1.5885155835739522,1.5390440858873264,1.531603567394579,1.5115857199024505,1.5503095878676745,
1.5747992584693846,1.4993214142635363,1.397984107048094,1.3322587042698273,1.2749175423000703,1.1720265287108913,1.1042695143808305,1.0458180552382388,0.95577788128002,0.8944755694212468,0.7968412666152619,
0.7886690406957274,0.7761093101799817,0.7667673670008744,0.7520639015971448,0.7338027906591277,0.705395057146642,0.6719221341151048,0.6404367896460658,0.6119537535944093,0.5889827225833114,0.5731939038283866,
1.5068395595735842,1.4878643068177746,1.4706988000769412,1.4469649945561396,1.3986500750839324,1.3590993552483694,1.2923195472455498,1.2251195876329328,1.1540560755410028,1.100917785572337,1.0922287018507293,
0.9380855137930827,0.9275263581078189,0.9197758485874822,0.91354095075915,0.8966575690517411,0.8743409456524813,0.8487625144414884,0.8314054297473947,0.8138970819336988,0.8141082700332873,0.8025160093144363,
0.584667309043834,0.5791079972165929,0.572715622854607,0.5693789949810216,0.5582918923622949,0.5485742890976183,0.539816842030445,0.5290183411403316,0.5212861548076059,0.5140035623841994,0.5090130610362983,
1.353686521736793,1.3373977786058802,1.314759713335236,1.2877485362758556,1.248157758984051,1.193834170168777,1.1268734414370423,1.0642982844176903,0.9805581990714733,0.9143805636135645,0.8616892599665004,
1.3016272237607938,1.2861475313111603,1.2708082256705058,1.2509634369128981,1.2243072530109538,1.1775004476614839,1.1171889213050827,1.083525032837137,1.0112982354781703,0.9724221958186656,0.9490275634110787,
1.3243087187342397,1.3002810856441205,1.2849892630746726,1.256936669340325,1.223243323618145,1.1627583895284246,1.1166594795025355,1.0339959468300088,0.9700653618406031,0.908838425560202,0.8870051275430753,
0.9340532572102367,0.9252936758572115,0.910453429953976,0.900520319560331,0.8696777686032127,0.8336370412584623,0.7892036927364453,0.7568079711664528,0.6967136653023607,0.6524807728640676,0.6302326695913572,
1.0217726344488003,1.0033880530287431,0.9975693775021538,0.9736893904638761,0.951296202939346,0.9086897829367254,0.8672527677931198,0.8494114396251656,0.8001843034731562,0.7447169975370159,0.6982793126137529,
1.190100553679454,1.1806137933708236,1.1635492334817734,1.147199146898781,1.1200271461821965,1.0738234644181421,1.0176028065742309,0.9623281166050676,0.9101282808125483,0.8655430611432735,0.8390177859574038,
0.8960200022712629,0.8916269235706593,0.8670293007242983,0.8572360101307311,0.8346632380886168,0.7863867519154581,0.7512755042717977,0.7187308830933884,0.671476519138352,0.6349749962800382,0.6015297269298988,
0.7427796796861457,0.7321438473454732,0.7197587421298873,0.7065657664497184,0.695148353041047,0.6693080705513602,0.6377097764240329,0.6238177626564431,0.5887351737332583,0.5684772629499083,0.5479816360513964,
1.326264091248527,1.3192429199015347,1.2841105009648395,1.2740499040570652,1.2122981604333225,1.1437794919947355,1.0792716820482768,1.0090651318673094,0.9269307991225904,0.8421196960284071,0.7890808698478741,
0.8737848221028616,0.867222038596468,0.8624952817814086,0.849832362041079,0.8366531221021442,0.8144448152645385,0.7908667853430795,0.7732354979810928,0.7603253251406209,0.7585152581475856,0.7386309108092547,
1.1531156443207449,1.1349520099157362,1.118416369273682,1.1080288458090204,1.0787542099558491,1.0312260782511695,0.9991429634657537,0.939922553898311,0.8795307000784165,0.8299965381567999,0.7594961952169439,
0.8496943560579281,0.8349923143212525,0.8251396677822038,0.8180154508308637,0.8042344485238652,0.7736947593342711,0.7450442485939324,0.7129497447643385,0.6878774384256329,0.6539188520641652,0.6342557588527641,
1.410355758933629,1.3739628279483964,1.3466628072661662,1.3261808480426405,1.2623972167430484,1.1892946939028841,1.1103030246854393,1.0168887078213058,0.8995879001118675,0.8292333634280271,0.7576821101785155,
1.3005519078439065,1.28179388977733,1.2529638772030465,1.2342935351422428,1.2020070024514946,1.1573578834796567,1.0877780154047172,1.0160065985866995,0.9484997750898484,0.9022470840527359,0.8208850647281265,
1.6191818497769328,1.6139533847920162,1.6045103433974404,1.5948032558417238,1.5648526890694674,1.525575964683565,1.4490284103171054,1.414688126603865,1.3391990837053134,1.284895469524709,1.3198933337353154,
1.6244303159402123,1.5908056925316014,1.5668854885332046,1.5230086892529047,1.4802609526489168,1.389033944137157,1.287438234089932,1.2205788999586076,1.1107712971010943,1.0052010714454016,0.9205992775339489,
1.2991567330953646,1.2676709184402675,1.23496805004881,1.2156174024141355,1.1793812455654662,1.1146945567186812,1.05021444133621,1.0027737756527342,0.9257815365013892,0.8533962590990206,0.7898221334605733,
0.8691690386177174,0.8456019555765749,0.8322346887949266,0.8147735865550793,0.791628634205456,0.763926747158667,0.7293736443105786,0.7077243616899868,0.6784126714292412,0.6469350771277739,0.6220968542782335,
1.116377605098366,1.0959893141618313,1.0715157779944553,1.0419646270990794,1.0138195656964706,0.9564385146245252,0.8959881891738829,0.8313491239149121,0.7611785573856841,0.6891024638890864,0.6325427551740146,
1.0388904901942901,1.0323854784379396,1.0099934567270683,0.9931129819213814,0.9621647756397663,0.9230564367805757,0.8729095080730497,0.8338541487291483,0.7915525757795319,0.7634655425698335,0.7358062768315178,
1.1107661763830468,1.0925546898917116,1.0768005723203675,1.0545994227341502,1.0226742869874492,0.9717255978659272,0.9238186507257535,0.8537515411126675,0.7989138917899791,0.7441169365832533,0.707261743291131,
1.1328691358742982,1.117190591683666,1.109597028361943,1.091505501814115,1.0630874694819985,1.029365595030583,0.9893956731245508,0.9467065887334417,0.883761464986909,0.8381531939219192,0.8215168451164229,
1.1148095470369037,1.1092500092898947,1.0997960434983003,1.0859037051942113,1.065481624803303,1.0300462180506902,0.9857533054733838,0.9227085548058144,0.8710818667225884,0.8180017179219604,0.7662657738912468,
1.2570335217148518,1.2442247679659983,1.2210245507001576,1.2072340221723237,1.183384878422421,1.1199349316773366,1.070427446584934,0.9984627868617875,0.9429840754887885,0.8876241468736886,0.8449297459153736,
1.4694428936076152,1.4569454817505745,1.4211058226882862,1.4019525162339947,1.3701391008011528,1.312443626688023,1.2832135390779604,1.2243324261309336,1.1781668211756327,1.1276120407057446,1.085384008546704,
1.5619111924094415,1.5283278949809218,1.4839210722152822,1.4513173263581507,1.3956298820470292,1.314826994392084,1.2484787199696237,1.1442283746611048,1.0210591534577709,0.8883495800069429,0.7874147938859701,
1.6154068262847108,1.5920086038950487,1.5489147593341777,1.519346224777097,1.4854880861448816,1.4104045648205814,1.340478924103301,1.2582024634157045,1.162493127628915,1.087461101927556,1.014776468719099,
0.905989986297612,0.8826671090675519,0.8723671124637365,0.8512662151427156,0.8188011687050293,0.7867109295665932,0.7506112061670684,0.7041729569139932,0.6619920570291181,0.6305628475065823,0.6012611980165736,
0.9851141523842366,0.971303101621515,0.9576130791187526,0.9463820405882368,0.9345425134540206,0.9105763796530182,0.8911210272707416,0.8868517337127435,0.8956665977911309,0.907059799216869,0.9146294022442658,
0.6993392005102418,0.6910008025628831,0.6831286690021596,0.6777379026119058,0.6621604147943289,0.6432708651855471,0.6216659245607111,0.6010305762140726,0.5823707864906633,0.565208565853386,0.5478317657447093,
1.5167780135085642,1.4814473765210079,1.461173827566164,1.4354656319422863,1.3786652791330167,1.3174918379819596,1.2680849714271287,1.1693511630849376,1.0727993128899225,0.9801654297442813,0.8931487690550337,
0.9030689142515934,0.8860652931597961,0.8736747875466463,0.8543570395553918,0.8277815288351322,0.7829997301351119,0.7386754128267137,0.6912108267291222,0.6495594520876529,0.6077778517857676,0.582959204164468,
1.5433154031263372,1.529647517164511,1.520244210620377,1.5217643891796548,1.485291627776658,1.4385590709982712,1.3971035949019106,1.3217286583987045,1.259924439998617,1.2458895494252156,1.2447729556986233,
1.0875336076788493,1.0761454005269993,1.0607226229361426,1.0369250066384066,1.0039671508596861,0.9414235479093239,0.8904709656562726,0.8357191477080471,0.7820825363233601,0.7318359036532812,0.6475543326553614,
0.751887041521186,0.7449106624303824,0.735699272332616,0.7276044191040394,0.7138175619640165,0.6936739283120774,0.6687758108003946,0.6453558178668085,0.6249281899867555,0.6014571710770706,0.5847870069926785,
1.364155538226326,1.3439816454443674,1.3174563869595042,1.2771971752517264,1.2469722802506478,1.1849436162039069,1.089435856989546,1.0203634687812626,0.9204429132533459,0.8271468730692373,0.758793679284576,
1.336792471891045,1.3148183963807363,1.3046214413443884,1.2741322733006162,1.2330871058923043,1.171151041919216,1.1095204254745834,1.0291118147067242,0.9467840300504832,0.8541497003451715,0.7790036071769737,
1.523054148535726,1.4906273214395935,1.4633236279244957,1.4271611533428468,1.3774730905975046,1.3058907313208292,1.247241999542868,1.1763697480718351,1.1014824200156135,0.9737290120822019,0.9004133098296586,
0.7938813157458597,0.7714600100249668,0.7596734848826359,0.7697970693419657,0.6960945718443179,0.682270844968277,0.6435358159821896,0.628078242849172,0.5949316634680889,0.563644668535858,0.531436593408178,
1.7484198788748506,1.7391965082822378,1.7066409928757262,1.6994238327554683,1.6634113068040246,1.6070954081369946,1.5242207466048752,1.4930731761698732,1.4216381349317664,1.3676547156569099,1.3671719688070203,
1.7554685855754273,1.7216008204000537,1.6859450455867204,1.6721925800893893,1.5979375677143859,1.5286614191436947,1.4308916088220345,1.3097926074669795,1.1992945711970655,1.0920444154553979,0.9862641434473723,
1.5388436867254602,1.5119297286768167,1.4862906993835157,1.4667436633619633,1.4148498286660185,1.3448953966564323,1.263885147947729,1.1887792258618508,1.1063673346963971,1.0427137973954987,1.0027680088963629,
1.1100437309038405,1.0900143156575643,1.0643999487540612,1.0498573162996723,1.0225830911226887,0.9819121562976347,0.9239177548988561,0.8791144082685001,0.8327566031723063,0.782370736126576,0.7312234031260264,
0.8507326816457925,0.8401048860252976,0.8259070190010019,0.8133832820446898,0.7851001964664904,0.7648651630348947,0.7226435946347395,0.6871337022092547,0.655087505325728,0.6259308396724335,0.5936089311557179,
1.2352646029734027,1.2316172633195581,1.1996128019177925,1.1824286486007298,1.1574062699469165,1.105964627777434,1.0506035072306252,0.9908943041130664,0.9078375851063777,0.8460105118112375,0.7831195469743311,
1.4044467713639228,1.3910151969214386,1.3873222872441835,1.3632004341957653,1.3368315282990808,1.2934662853369618,1.2334365945874373,1.1831158100343255,1.118698932582298,1.1095328783687863,1.1187684687797745,
1.3022202957850346,1.2806696986571953,1.2483230632134021,1.2211153820940976,1.1858016503663684,1.114643569195003,1.055160599597897,1.00392386312145,0.9132678455057284,0.829041290888561,0.75635230351158,
1.4169329329333749,1.3902367563365758,1.3636364732143311,1.3336599056581544,1.2998005586542531,1.2421681439543917,1.1896147572185984,1.0991634911791388,1.0223471584690904,0.9201074712709452,0.82083188914365,
1.1083892444662304,1.078366936604315,1.0546566221847187,1.0373517944298583,0.9953774776754336,0.941616922192994,0.879570695822501,0.8102059479693203,0.7375169558723235,0.6894173598407761,0.6290180842789651,
1.6987118586705716,1.672514334578833,1.632414352920488,1.5916683410241188,1.5361516205137773,1.452876373029729,1.3520997066073637,1.2677828179661348,1.1915277042170151,1.0976602582335497,1.045742769392451,
1.1946314910006248,1.1788014133212197,1.1640847132090728,1.1542889846894104,1.1308037303774525,1.0932297616245765,1.0307508776692256,0.9769317999508469,0.9071581460499077,0.8557231870508464,0.7997742309546404,
1.321768609475602,1.2966810757005311,1.2752091320820638,1.2540607198909353,1.1987107249615387,1.1314536333633882,1.0543763710343173,0.9868293161928658,0.9214297041887971,0.8438937005562817,0.7744657372100137,
0.5647917600000566,0.5633309755585628,0.5632396205387343,0.5610170822639621,0.5575836890710449,0.5535299308312202,0.5487195368371984,0.5458593984430335,0.5384939532216574,0.5307124660421103,0.5241574074572941,
1.244252407299348,1.2349358967926745,1.2187075005113965,1.2201760124020204,1.191788050668738,1.1524721230960666,1.10360394048747,1.073007950938951,1.0409739100754263,1.0172237595621034,1.0100380239831037,
0.79659172241089,0.7834537445572708,0.7793166207931294,0.7783582837445757,0.7672709622000162,0.7541245638836974,0.7495211698669226,0.7343498395574215,0.7336438689543179,0.7410525813694357,0.7457949183620052,
1.4275803637981341,1.4017350848146484,1.387858548316193,1.3374994106439249,1.3031869405221432,1.2214934661623915,1.1509458232457224,1.078889066844121,0.9924041761276513,0.9141670935161245,0.8177414334432878,
1.3051179087252747,1.295592086398291,1.2790876085417964,1.2713965201484598,1.2395431159220223,1.1953700221347667,1.1494814136389746,1.0883813168657728,1.0275824410453098,0.9698302763130864,0.9466001505533728,
1.352246688036997,1.323231634261435,1.2862068129595037,1.2720205671040252,1.21496150605088,1.1454957395918208,1.0710112762150799,0.9869738411241912,0.9066622856092099,0.8413666480102855,0.7707475905764223,
1.7326518133220974,1.7206391595775654,1.6974328666741065,1.6830350354841954,1.6262974394271985,1.5667053157099613,1.4916571192623085,1.426562735016903,1.358955280975576,1.216759965443734,1.188938152317456,
1.2694122167697963,1.2448189058638082,1.223296337169706,1.204199152638704,1.1678153339428585,1.0862208279056105,1.0315238446325057,0.9315317463967996,0.8618243157047537,0.78767158465431,0.7374044929188043,
1.432607928100159,1.4041832501321903,1.3832240857683007,1.3461044378891285,1.2968130602032766,1.2365819894698424,1.1414765924651593,1.0831902448206654,1.0131821187155672,0.9457217748451868,0.8881639395364084,
0.6530967254759148,0.6526087520305432,0.6499769150142987,0.648163930618021,0.6414466651016494,0.6344054109988728,0.6265362802682437,0.6162856455132406,0.6072531156034441,0.6000090037151345,0.5902146382871857,
0.8097291993194146,0.7984014127433853,0.7876498602797318,0.7720119130678414,0.7528917526416236,0.7271382970842036,0.6986801301952472,0.6698457608683995,0.6429827929038451,0.6247663376723109,0.6047187793651022,
1.2008909913707588,1.192770358981661,1.1721741674133532,1.1572696861969147,1.1120189104544727,1.068912647042342,1.0147087947932976,0.947223570289445,0.9236205259334813,0.8737986350930084,0.8124956862753862,
1.2749612283321692,1.2547932168242317,1.2306961543284134,1.203824946222729,1.1549536128959423,1.0891089364212672,1.0108112001753913,0.9676102076933057,0.8846911393984611,0.8067266826231668,0.7424480626406116,
1.1602723503117096,1.1510096634551528,1.1319442584256951,1.120283243067861,1.1049684324915015,1.0734962313363015,1.044021056753339,1.005188344305137,0.9722827496627882,0.9557066356885581,0.9667951588251443,
1.541710435648039,1.5275472244459134,1.508452194115799,1.5013534582844117,1.475112887717573,1.4053973731474427,1.367701543138209,1.3005198089669932,1.217174206199833,1.153582009955917,1.143681014377008,
1.0309656411726447,1.0049837015451806,0.9694332350711243,0.961299920519998,0.9270688546657624,0.8777754647203204,0.8298184397515138,0.7766904636922675,0.7175159511070586,0.6683479257546885,0.6248498456163477,
0.9609359277257633,0.9445115174538063,0.9305019251312839,0.9192702206759166,0.9015526539431372,0.8704479519088989,0.8195857362895648,0.7855720680117821,0.7528596535346094,0.7265859172206403,0.6581125256606325,
1.2890156385816827,1.2706914590830538,1.2657206455114727,1.2538126070419102,1.2060124695684797,1.1780503359944907,1.117901655557438,1.0696806613991572,1.0194130035381326,0.9858307319962264,0.9754068197629623,
1.7006947452792949,1.6629069003648522,1.6319299988720324,1.60118786357725,1.5317627018009219,1.4672924899781499,1.3894856267977862,1.2927544513077285,1.1829512643624855,1.0747054941119334,0.990855063055603,
1.5535595741611425,1.5398678069697802,1.526475240133334,1.50303527467351,1.4797867441066985,1.4284579155791046,1.360746246434417,1.2901449205599667,1.2144090635420786,1.156860490137151,1.1526013373678692,
1.0758409032521579,1.0523338134400195,1.037504884431994,1.0101414012579928,0.9843404709431711,0.9308513007118384,0.8701457642257633,0.8119824092851293,0.7660873523550161,0.7171331010510711,0.6699099237475065,
0.6721976130789852,0.6677526580001721,0.6637694588558045,0.6590923003468091,0.6514085290922372,0.6388332702695615,0.6255065317894825,0.6104213047735074,0.5954660737239178,0.5809420721631331,0.5667449846933748,
0.5994575436097592,0.5964099071256947,0.5929214111796541,0.5898506054427187,0.5848010000069668,0.5774004569300497,0.5683645355296164,0.5586950765653856,0.5469546623398415,0.5315700803645965,0.5014487076508595,
1.5925241459570194,1.5641975808520119,1.552278564630332,1.5308420623181502,1.4917456045388018,1.4407540382901598,1.3890537510549168,1.3063785429299808,1.2379365701027745,1.1433434256893482,1.0885530028006556,
1.4201330306526132,1.399013445607086,1.3681428980590638,1.3468368564755577,1.3087713172267137,1.2395374604936946,1.1617404539883556,1.0845541258726037,1.002983800130749,0.9173275867803434,0.8468313174592698,
1.0178312824942846,0.9987082985938954,0.9885416914971329,0.9727534093964291,0.9515366218562402,0.9175556606103565,0.8774149151354982,0.8385754925731586,0.7937960961851058,0.7567971365349084,0.7068206226614346,
0.9894016829271701,0.9740773766592833,0.9568552554585017,0.9377841168397691,0.9054551205562577,0.8637711334216541,0.8243487774419936,0.7724452930570406,0.7222834537559683,0.6875496770260182,0.6469678838625942,
1.582389365030326,1.5643580821120264,1.5534007371728982,1.5294197976572896,1.5048480861422076,1.449535157527211,1.3928257972653577,1.3280427155198904,1.2401540368991635,1.1214628245651084,1.0728654633509116,
1.3689518546103259,1.345483463049944,1.3209753554783492,1.2995860563569972,1.254445848171858,1.1882805239120993,1.1383307530612168,1.0579685278501525,0.975799005105539,0.9051398853917456,0.8252206370732789,
1.3276928305152202,1.306626789082971,1.2840049068586181,1.2544305350198608,1.2145345167839074,1.1434378939301149,1.0830464194937366,1.0143031145698014,0.9348564928725328,0.8768322413299507,0.8128329594378536,
1.8010191529868116,1.785156575040855,1.7384013314532445,1.712029811399789,1.6513306154486478,1.5712376656922566,1.4784345348164232,1.3867954686995245,1.3038520116288326,1.23593152915147,1.189602196490603,
1.0811977041652423,1.0544827157697763,1.0226390866739747,0.9964972665628804,0.9483504075385956,0.8825457377340576,0.8099274409730787,0.7346317596424171,0.6648956939324382,0.6133675533093064,0.5729151964205195,
0.8852809940578746,0.8819323597571535,0.8741242135187747,0.8692964740100865,0.8547541834673273,0.8319401864143878,0.8078870347985677,0.7780410371718001,0.756542683275989,0.7317705956335726,0.701535912389805,
1.1857665560082462,1.1637322122538853,1.1456492891780017,1.1263684953627555,1.0916349826005285,1.0421017910822155,0.9848094520564139,0.9241448351153336,0.8727060634324484,0.8343249494434243,0.7994770369808083,
1.0933757591028865,1.0734186669024772,1.0489110115330418,1.0279107336155278,0.9864587843811283,0.9329658335773313,0.8718523588724107,0.8127330502958271,0.7504736981957635,0.6880699641675914,0.6378448311580638,
1.6627985420177247,1.6366600366551765,1.5981909926438949,1.5676300052794576,1.501564021518068,1.4025705545545777,1.2987166913825734,1.1808478622545118,1.0774569118045405,0.9715084986546373,0.8680147516399874,
1.0322268423687146,1.0209379897845137,1.0052550984751787,0.9966496886095125,0.9730376640068434,0.9399756801805353,0.8999071575204157,0.859641746613832,0.8256567563035961,0.8089205656479109,0.7975755831159774,
1.161596339431342,1.1460946151069529,1.123592310740004,1.1090509853549069,1.066913990726714,1.017201203889547,0.9596512045391589,0.8957240910206645,0.8164099573186537,0.749266479548011,0.6931582682772132,
1.3215874521160333,1.2944900149320937,1.2753673622382737,1.257146572485919,1.2192695500205055,1.17602233649991,1.115615530430722,1.057257598651629,1.0001599161944732,0.9552901561091534,0.9271919941182039,
1.1560348139222083,1.1468575574404074,1.1407106311625201,1.1326461116932849,1.1178136138019432,1.0871694003030465,1.0598171802843555,1.0258631512981524,0.9969445835248529,0.9810632720961612,0.9732250646925903,
1.728313415422304,1.7096186727199887,1.6942218750901172,1.660604807048676,1.613342985440973,1.5507638417237966,1.4818499330302066,1.4194453020375588,1.322331373366939,1.2593887807136703,1.1931956629557607,
1.4019225246658684,1.381257603625864,1.363151644952486,1.3386996638948467,1.3050860009439513,1.2549700215513087,1.2043254526150533,1.1328353250869154,1.0759710034931391,1.0284300446671446,1.003829629670285,
1.2898430999150199,1.2759712568303738,1.2654752613371847,1.2465261850404288,1.224398343341527,1.1954542692316135,1.1516197348246926,1.1131567687850625,1.0630108628540702,1.0251551142741306,0.9977280176464872,
0.648368216266638,0.6444823140607187,0.6362281586376014,0.6339144917227253,0.6228399585633272,0.6108185384970869,0.5984962983593753,0.5852350354350528,0.5712563203489539,0.5571054966544475,0.5460767167399009,
1.0406756625663633,1.0334175974395337,1.0200211467756186,1.004894530886454,0.9806162629968194,0.943934118904575,0.904693700532838,0.8510276673049054,0.8038239314656391,0.7537710468580661,0.6871771429103705,
1.7004742833103001,1.6929090740948767,1.6769089216530046,1.6534330655031368,1.618555875625056,1.5682085045132275,1.5156640442884164,1.432228936626841,1.3337517857493906,1.2517686521313092,1.16783241310056,
1.014907469587499,1.00019938471312,0.9766127313747571,0.9530778859108241,0.9243568267612801,0.8715949954966499,0.8320045971649694,0.7870410595254081,0.7429801200222569,0.7101927370374681,0.6649709149551323,
0.7497192889308687,0.7433273406410492,0.7491930843912343,0.729970805307266,0.7005294127491711,0.6821762357062952,0.6711467325622388,0.6603343406824557,0.6490077044417353,0.6379452842864629,0.6178221359795365,
1.2421941901835583,1.2177310803305668,1.1988363019130042,1.1648206733930846,1.125145757557145,1.0754963513044042,1.0100208755533562,0.937471497691155,0.8686244935174721,0.7935047554154832,0.7393800726098249,
1.0576146449215538,1.0449353622362927,1.0338422547108022,1.021398095558389,0.9955094077043718,0.965004001741408,0.9301388156846335,0.8984573434405723,0.8616213589053445,0.8303377422627871,0.8130380822834784,
1.0181395059882883,1.0035997462776862,0.985328278233386,0.9692674252465446,0.9425235129211457,0.8947903832602727,0.8437837977615474,0.794858377488885,0.7457451976259116,0.6971676876306258,0.6524754258095887,
1.4267146503783432,1.396766136285338,1.3707030021786704,1.3436264941217384,1.306218496756404,1.247527989338746,1.1818730124357109,1.1171957403134503,1.0473130100631698,1.0004299776647618,0.9557514813804853,
1.519555553072684,1.4904033593405868,1.4607942338148465,1.4304701061909062,1.3746900896219347,1.3076725002411917,1.2362777233598337,1.1584806710325104,1.0858385610681092,1.0186066099208975,0.9907668152789815,
1.1562223151155435,1.1421209534676073,1.1379885777306966,1.1244607842338294,1.108189552698618,1.0886868448818778,1.0601158596556959,1.046573236864176,1.0327317393923494,1.0271992646442845,1.024687183930061,
1.6566878481278544,1.6172048730968325,1.5860629689864636,1.5311561251680654,1.477352828150302,1.4116287817750268,1.3303116771045178,1.2121063977469604,1.1121163480089087,1.0183985316515682,0.8993798140784823,
0.9655790955936816,0.9589758230873129,0.9422651199511394,0.9306141139442778,0.9036136117798569,0.8656809224663508,0.8246725449359789,0.7838473194534418,0.7414066227454559,0.7102790141981051,0.6770866602822508,
1.237400004394576,1.2160991905765905,1.1977730650808878,1.1714266629818788,1.1378684851683456,1.0921168878892655,1.0288425293386307,0.9597640985766275,0.8992803771287291,0.8397815886984454,0.7963390549585991,
1.2620732541616986,1.2425566539744313,1.2218904965695108,1.203413907808703,1.1695742558944764,1.1210849377746788,1.074002370345751,1.0157389637145744,0.9430977293886573,0.8784435017441602,0.7857012726187201,
1.581092923202031,1.5638070367220573,1.5374069667120291,1.5219934475971495,1.4850784763623284,1.4296508351746655,1.3546993276832766,1.2655325872816001,1.1801570275620286,1.128898854441915,1.027293086615109,
0.987272837226912,0.9718219607009316,0.9615892648648887,0.9359975409465666,0.910442234354711,0.8673776042127752,0.8225622166935894,0.7759721581979558,0.72736800803023,0.6878217220508849,0.648581063340934,
1.3263675808296096,1.3042174703480267,1.2852901435644475,1.2692193347940268,1.2338487140371692,1.1718730941547755,1.108573050299582,1.0334258626236854,0.9642030908029317,0.898729400978336,0.8267032746479808,
0.8883755620458714,0.8728849926731623,0.8595180457622535,0.8475633259025889,0.8271228246411622,0.7960636991345685,0.7627354160934278,0.7268203468756225,0.6914569349118955,0.657385777573215,0.6203743194492317,
1.1675770665274219,1.1542036587695919,1.1203577656822057,1.1025556981027065,1.069020863877287,1.0135587470150724,0.9568814625660156,0.8907271027336867,0.8337209964721769,0.7840374980922675,0.7259704317863555,
1.583408564085129,1.5685977529818804,1.5356797638187967,1.5065578131354518,1.4579695380659587,1.3910404491652348,1.308758217332028,1.2404963491937198,1.126971450901093,1.054548173557877,0.9452748819069174,
1.4769523272143323,1.4602347803767715,1.434904058799253,1.4078510447490118,1.3541465853927717,1.2771581398398828,1.20328516603182,1.1143127930615002,1.0367092206881219,0.9441167003540211,0.8924106337367537,
0.6343490939428362,0.6282653146043016,0.6222541517787448,0.6167861868232064,0.6066878121269877,0.5909655153359827,0.5745409858711823,0.563716665712308,0.5534469661198572,0.5409489741088699,0.527467225557287,
0.8623880589896643,0.8499404461471425,0.8357635030834053,0.8238883969601777,0.8014889797105411,0.7722468856272273,0.7391898868278014,0.7183810170255496,0.6905979650025775,0.6676347258424202,0.6417589913990839,
1.2555323244527772,1.2436150079675932,1.2244848549088085,1.208749781399242,1.1857313971874581,1.1485055579170558,1.1003267868397377,1.0304451155645662,1.002801054277578,0.9682197539944374,0.9135549417968724,
1.7478080176771014,1.7206644979677757,1.688209002971878,1.6583964023452376,1.6122461662299197,1.5348666874737236,1.4560721532931502,1.3756309258783164,1.3158288533739173,1.2634278089906956,1.2604782467809,
1.2576077699941983,1.2276691066561853,1.2053512679809273,1.183698245809897,1.1466100333369984,1.0899945920486291,1.0421395064141472,0.9719981633276851,0.8948478660238028,0.8046022075675875,0.740370855060112,
0.8824651787826281,0.8682171484954785,0.8531377234554214,0.8400130105255996,0.8154430702278286,0.7832752637193221,0.7427747886793823,0.7014734189455484,0.6646460979716484,0.6280691045401049,0.6017476886893067,
1.693145227152891,1.6784646733028203,1.6333142999743926,1.598217263204698,1.519877753810712,1.4236432927276674,1.3353405561049605,1.2409782275649388,1.1433639015862216,1.0373169418039696,0.9385331891853854,
0.8941574674774561,0.8816340972998731,0.8691241931020909,0.8584774076314957,0.8405707146958354,0.8192646142493326,0.7843281150875021,0.7578103169244227,0.7291368354745773,0.6916420590792471,0.6415198185477082,
1.2725893162838446,1.256948212700618,1.24312693550266,1.2213726265386862,1.1779280661224067,1.1279650964279184,1.069512577128768,1.006592945920571,0.94701608100288,0.9007889168717157,0.8600798859371502,
1.186623081225503,1.1623525683074185,1.1352385944430825,1.1093164967174223,1.0665745227318186,1.011417495612131,0.9478879464596164,0.8827286409436417,0.8091409181339118,0.7561168006036413,0.6977711133591858,
1.0544017423423169,1.042431561948623,1.0347517460578697,1.0227818628919456,0.9889370639174803,0.9492757330892693,0.9067185000514063,0.8602432707365687,0.8006111928746753,0.741712264434534,0.6786118258394267,
1.3839192817469137,1.364523691386225,1.3397195171813292,1.311257678377019,1.2684825644300206,1.2147445793901732,1.1300678479918922,1.0520477938069486,0.9587199848846457,0.8683509326531541,0.785483218607104,
1.5170247216635384,1.4929924178637046,1.4727061922045375,1.4370710205620678,1.3871151091145044,1.323803872316385,1.245600273635921,1.1555905745003145,1.0500501398585302,0.9540646669094566,0.8628781952821715,
1.605683607306488,1.5792591566123981,1.5456029703918592,1.5116036937356283,1.4751505909573268,1.4020347606085768,1.3079577920869871,1.2405271641627684,1.1417920959237957,1.078772161424353,1.01475682248526,
1.2175606824506822,1.196886877311904,1.1795922080452723,1.15529746374553,1.1210390737667721,1.0741506448912148,1.014061551528869,0.9537949836814936,0.9113357254124266,0.8794091415847036,0.8623507540793081,
1.8188781110760752,1.7958563159251997,1.7637798933031692,1.741247186547365,1.6910100978172733,1.617283449635645,1.5472297070554208,1.447411868963414,1.3589863726262337,1.2610122522932357,1.1637799415920356,
1.0301311653083507,1.0235388859042194,0.9996985244735903,0.9955767850257118,0.9688981253230727,0.9266707992015629,0.892657412016517,0.8533395713475291,0.81511614878659,0.771055235317785,0.7227497609904076,
1.152270612103175,1.1352501161840527,1.116543107789613,1.1098957701542156,1.077435765503026,1.0403201186908129,1.009192258550269,0.9752000645694937,0.9382411006003761,0.9128102932490934,0.8812833621031696,
1.4092473592198127,1.3872324690757334,1.36462449427091,1.3398879313780716,1.298722836894415,1.2540429885217494,1.18570289474445,1.1106890492297157,1.038061056492302,0.9885976482119678,0.9374159178083125,
0.7132103046086637,0.7054261491700459,0.6948478319161748,0.6879614998004694,0.6722461550206577,0.6504654064665649,0.6262840421110478,0.6027167239274887,0.5784072130255064,0.559738887968278,0.5430063327286186,
1.4576403989578106,1.4477914672386916,1.4294651863988077,1.406151630683758,1.3740901114554982,1.3082718368554043,1.2480918543927508,1.1840991128291605,1.0928354024093325,1.0381554713905357,0.9765116876782824,
1.6569594618615315,1.6258198769926968,1.5840752353733907,1.5518293663445437,1.507890891863462,1.432799933694252,1.354967338157181,1.2645532411449274,1.1709259284344844,1.0845387477226238,1.0043623670609036,
1.3090609809422524,1.292598551504192,1.267921659387103,1.2386407124233956,1.2022431170936867,1.145072663015682,1.0771046206341386,0.9936657350079889,0.9406760868996737,0.8815275875558517,0.8297194892739578,
1.1775036130146164,1.1540532627036384,1.1260197526225673,1.1021496219287998,1.0675380362288773,1.0085232059287665,0.9593971567716216,0.8880127590140515,0.8271343497018799,0.7663914308304242,0.7019226558022202,
1.4046654734014266,1.383241774320196,1.3624092989463148,1.3348625324963725,1.3001578849222004,1.2476760660038326,1.1833837616169867,1.1129600049773547,1.0553019555454923,0.999064438884854,0.9872302960511329,
0.8317124797709026,0.8215625359882041,0.8138359660083436,0.8040782400035111,0.7912805737520623,0.7754233769173928,0.7600583986488181,0.7469096043136646,0.7388585011309384,0.7323138185038797,0.7217644300128911,
0.857490659987495,0.8521435653266408,0.8409494379437923,0.8366644735999873,0.8264625420908859,0.8112489203508538,0.7959993137271988,0.7877502117871993,0.7854060399441908,0.7764939967749727,0.7579794213063537,
1.3416318073419196,1.317698505263245,1.2928300813157434,1.269819974307893,1.2320180644840975,1.17064354328059,1.103309448328461,1.0250423752446707,0.941444644325372,0.869008649913371,0.7966947123627951,
1.390949666400649,1.3659668654217747,1.3372690326077157,1.3045090715765966,1.2620505064850938,1.1965751975142702,1.1136218924678767,1.021711992859749,0.9347271911771253,0.8499040090577801,0.7788522437248844,
1.4372493754355908,1.4073906481083887,1.3778822781956643,1.3443840988749278,1.2965402075186505,1.2284595252519794,1.1488171664416467,1.0521075991605335,0.9633295297336182,0.8633314049035082,0.7610709145577835,
0.6244659531844434,0.6204998295601591,0.6149233923249633,0.6106307675482521,0.6029131854840949,0.5929690415298309,0.5804001384784039,0.5671373867694723,0.5542495001224859,0.5453700634279416,0.5375687582509053,
1.2222978023269657,1.1963783206059677,1.1709661161947138,1.1587156194160912,1.1192841464623349,1.0767080999861336,1.024339562466801,0.9704581363159136,0.9132634607761185,0.8624126332813866,0.7753403713465225,
1.149045948886046,1.1320724740857744,1.1191427530941636,1.1139262832205519,1.0845518918870256,1.043041041673018,1.002518991364001,0.9512799250945486,0.899995924452844,0.8443149387570389,0.8163109925370651,
0.8494652219271674,0.8314417965420249,0.8274323869853493,0.7963678139466818,0.7849662379783212,0.7561114109241731,0.7190486725309926,0.665717723719227,0.6379389734073438,0.5995910105532725,0.5724696750818042,
1.102422331506912,1.0865636888128347,1.0742302013187897,1.057189365827561,1.0329507721716855,0.9945029058417854,0.9459092361234004,0.8968763489926355,0.8529793414077201,0.7971402536768047,0.7485034688753243,
1.0131922019144972,0.9895411701622087,0.9732712101385763,0.9497275693117443,0.9142296851451623,0.8740150699181508,0.8200609550466832,0.7589584278810408,0.7063396462515041,0.6591746463461867,0.6229235286439195,
0.9055186647749204,0.8934052256609927,0.8794295353120154,0.8626097683362549,0.8456632731231174,0.8163519439648133,0.7911318064041517,0.7664679919619979,0.7443342879849458,0.73507665820303,0.707346737944329,
0.582664734917593,0.578915075236746,0.5765885951189975,0.5725339319011415,0.5674539023507122,0.560893488839816,0.5533033170462223,0.546673843985457,0.5392155677019999,0.5325505944420382,0.5257545576308297,
0.8069884706701422,0.798881174929779,0.7893980004519409,0.7816417851483258,0.769633913249455,0.7502000507959738,0.7266639771102041,0.7056549345773638,0.6884370408147801,0.6658611571708715,0.653960229202998,
0.7574663829502454,0.7520883960460408,0.7476086778593067,0.7392930993077838,0.7249381126607081,0.704118883548728,0.6851514828870464,0.6584076018483365,0.6340224545497227,0.6083427687599058,0.5817412617276545,
1.4448711761512305,1.4324260010927767,1.4036541377834022,1.3863930619842684,1.350678552403771,1.2880138212336705,1.2136219514146913,1.1385209736586461,1.067099786191181,0.9944591411131591,0.9267084846476096,
1.8537525885812467,1.8393785535336482,1.8122061725624807,1.7784093442608644,1.7313433821347772,1.6516715097182806,1.5650466968169652,1.4934290091081706,1.3867409616905473,1.2743737025802289,1.193274717524231,
0.7188290253296281,0.7155047647821723,0.7093851762003874,0.7005282022280664,0.6919319176014538,0.6755139400493678,0.6574647968409911,0.6376323421828202,0.616064752689654,0.5964818860214833,0.5707936076715653,
1.1247297553772335,1.1016037445527063,1.0920007112414531,1.078167759127288,1.051142452977716,1.0080130194591232,0.9632669731946062,0.9299554989705008,0.8935214021870199,0.8522583963216565,0.8186396095660385,
0.8928784963942892,0.8123432600541799,0.8096647757310237,0.7633606200746326,0.8054099483998641,0.7371153993042213,0.6917346223824801,0.6399103937973826,0.5996703057063755,0.585309722826835,0.5578652418937086,
1.2871497887038537,1.2630381801717039,1.2337385869785793,1.2099605013830637,1.1764988914858148,1.1274151229857072,1.06764962809118,1.002756497240941,0.9480981381889394,0.8876547948333341,0.8211706687346567,
1.4934818477135592,1.467192466312132,1.4353652695830217,1.413256753730689,1.3728025409124722,1.3021933849186746,1.2258174396139916,1.165163222472208,1.079781472048593,1.0140540563803704,0.946363531845611,
1.3396323153291239,1.32278931606232,1.3099552104118175,1.2829824138160664,1.2436942598205531,1.1891551515390908,1.1390970889297531,1.05591393942381,0.9927737691331382,0.935222010458117,0.9156027517024264,
1.6024769799017258,1.5718607891138803,1.5473703660920253,1.498155305424247,1.4491601802314895,1.3726826272205237,1.2779411100088627,1.1871070159743355,1.0661548669166594,0.9948073749085471,0.9079083757658319,
1.1135709887864327,1.0988118101190374,1.0853724535396094,1.076737633656057,1.0482241395432326,0.9988454082344401,0.9639340632682369,0.9067720967517335,0.857590765140545,0.8180223895829943,0.7733092891248616,
1.1746252429167163,1.148047729488213,1.1198662555014216,1.0886694542457316,1.0564019614976872,1.0073946883041323,0.9407671107085638,0.8860303473167372,0.8275999637382538,0.7743833928601904,0.7145765035463996,
0.914921078452584,0.9076900862266964,0.8875822106048654,0.8654521908524707,0.8431204420090382,0.8038718908332009,0.7629011237598193,0.7237852310672519,0.6758810796096565,0.6333519521663769,0.5994378312624175,
0.9356596654673589,0.9248534348533052,0.9096447680272265,0.9012935590558024,0.8799435283163834,0.8513983439884866,0.8202711621660187,0.7887079968065143,0.7537182862303298,0.7236478432603489,0.6868184634157916,
1.2561546230021419,1.234946884061718,1.2072794553097659,1.1793111202121263,1.143337890015151,1.0783448192799328,1.0035418065931596,0.9132487480889566,0.8443788249881462,0.7741210444569774,0.7167400510698475,
1.2400274464180019,1.2212847031639131,1.196662006816991,1.182572697770251,1.1454277929444914,1.1010171605111008,1.0391748980196247,0.9881181407816048,0.9416403472257111,0.9009198306901794,0.9033853816643432,
1.2549434895235787,1.24567616556382,1.2304043590687284,1.2171162740010537,1.1820640080359897,1.1323498795319962,1.0686796371656546,1.0195724426869113,0.959256676840412,0.9166524490715798,0.9068912440897621,
1.6547187650534187,1.6401802146891202,1.6215832769671228,1.594274423038798,1.5645514503058302,1.4904794381842958,1.4240996326599775,1.3491139122042912,1.260840054005839,1.190363429578813,1.1286197079438391,
1.1948245280863632,1.1868177808436247,1.1729710865527274,1.163065281065854,1.1329161640515355,1.099611074829062,1.0608525754062137,1.0242639417365138,0.9933415764098719,0.9656053062506347,0.9592370100686888,
1.2740945000503883,1.250406025417984,1.227177382523666,1.2017240486746332,1.161612280292907,1.1107696028601035,1.0513836486739492,0.9843172790781501,0.9259711659840608,0.8690980516866084,0.8254717429398434,
1.0565128350556743,1.0382192361054545,1.0153889017293978,0.9907937478208604,0.9568577716671469,0.9053658934345946,0.8595136801326467,0.7990920490487671,0.7547846109163876,0.6932874007299635,0.6471771726802025,
1.1771791214131417,1.1585288470657253,1.1342614462976015,1.1145743821655232,1.066339351940277,1.0046565489609738,0.9376178678743311,0.8610277944987403,0.7870303137093579,0.7265993112260924,0.6667232148898786,
1.2120516401404864,1.199595845697287,1.1734275041291489,1.1546952013318803,1.1174952073066615,1.0637796682068188,0.9906911167503502,0.919306805418197,0.8601147089291661,0.8244355000420741,0.7921455442663471,
1.636186318589313,1.6244630480685858,1.5987045087984904,1.586608592272857,1.5477958361892472,1.4857181132999913,1.4222385978189962,1.3454971087437029,1.2444435604030262,1.1687438751887398,1.104100354632053,
1.521694376276452,1.4995362255088678,1.4793344502266135,1.4443561045812696,1.4097080157156514,1.3449460539635745,1.2829386303426504,1.2026931657521023,1.1386186501927373,1.0733648956133297,1.0231370406334501,
1.3358768611485807,1.3012648105504736,1.2763859308910426,1.2445712434981133,1.1948953912693323,1.1342016082569102,1.0607009489654038,0.976789977061421,0.8942423115540088,0.8122171811889003,0.7385484615267759,
0.7681156041091842,0.7609810133241972,0.7524271713480374,0.7464663892200558,0.7328931634882585,0.715392577591225,0.6921039283339633,0.6724090106712676,0.6525571543824682,0.6339247176860294,0.6113259506466368,
1.6383223595339087,1.6096188473935877,1.5773060377988566,1.5503357305193854,1.481423294745217,1.4127502228079938,1.317943342458131,1.2309226429196332,1.127226974889795,1.015863351171597,0.9075334733351857,
1.878192569242455,1.8542208734095782,1.8096868210113641,1.7960959451242284,1.738095696843162,1.6534327968523974,1.5661585900709374,1.4485177274079826,1.36481768950232,1.2509524096397526,1.1339843777350602,
1.0753866781069938,1.0618060391883724,1.0456500892404663,1.0323724545665878,1.0074639145661157,0.969579997574982,0.9174743178266433,0.8712167230064802,0.8298686306825303,0.7950052086378205,0.7329336893895134,
1.4158923360595448,1.3926288594461536,1.3620692069464133,1.3401237440860077,1.2920316299072832,1.2246357088095012,1.1525276341486497,1.0820876930859344,1.0045163338005196,0.9054235905478643,0.8145809984943738,
0.6806557848164025,0.6734760698762147,0.6536004099315946,0.649513208570793,0.6451654133278142,0.6285977142367003,0.5924213051549193,0.5772300377411755,0.5601151918280038,0.5455815216272464,0.53207116586803,
1.532196162240871,1.4947922761560757,1.4642414716647312,1.4285542522828232,1.3869474621869244,1.3095242569547292,1.2285922983499642,1.1412376990774038,1.0528765855754676,0.9579075815039203,0.8768115527445893,
1.0234399268134016,1.0112553316413266,1.0068114491739202,0.9979573099054169,0.9763109774851164,0.951094361262914,0.9185908874490657,0.8859348563703181,0.8502611984609248,0.819222266786125,0.7976132057953589,
1.25731081355896,1.2345897190439192,1.2070497220206222,1.1858309707080392,1.1368127386241202,1.0786143325000384,0.9986801682077285,0.902177470542941,0.8327614379266429,0.7545141037088668,0.6865687738476745,
1.5791704425340052,1.5563208343364203,1.5345010856729517,1.5126447350541485,1.4773643594671664,1.4237122945412506,1.3588039018632332,1.2853691876690758,1.2060633201938373,1.1541014026122878,1.1409956743599043,
1.3520187521053133,1.3231142226533463,1.2935317176539167,1.2668697112737406,1.205923543063563,1.1359849107408742,1.065232543330737,0.9895296831418727,0.8980046450271613,0.8140056463619987,0.7396314576229862,
1.157241912832371,1.1438382205288784,1.1342488886304942,1.1152949642565606,1.088564425482143,1.041497270462762,0.998418182872834,0.9404211490409436,0.8863943357110677,0.8286500228618081,0.7709616780440888,
1.3994076484858864,1.3751707566402656,1.362421778848213,1.3421147078230207,1.3005534746333114,1.2479624074908324,1.187140153158295,1.1255343825597794,1.0610954832780943,1.013489798501593,0.9863880318258351,
1.3505246954257688,1.3340944099066447,1.3165267036930692,1.3036411323320058,1.2746238577918558,1.2307119086100158,1.1912640138318205,1.1432883527615876,1.0934519255253756,1.0528045052978117,1.0485248534322584,
0.7889751564825204,0.7820724028439765,0.7737131797470049,0.7635868453352046,0.7514910754635363,0.7266378957574552,0.7010284455768775,0.6742321580453259,0.6457719306858639,0.616810705159481,0.5896848828623262,
0.7551642825783094,0.7236314344008793,0.7170560722754158,0.719887619538488,0.711846877120096,0.6825430448712287,0.6754022604142839,0.6619541893067017,0.6338698691389292,0.6153431780928822,0.5977264830927839,
1.3009011394067278,1.2803245198425537,1.2459036183672454,1.2256442278445028,1.1913544294535048,1.1280761413988287,1.0588051923889252,0.9850098983921982,0.9061287600160344,0.834247967337753,0.772097942214394,
1.034783892887246,1.0237136054012734,1.0118135105491903,0.9949958921537486,0.9718925409924568,0.9438704861022897,0.9068014891158003,0.8661921091054805,0.8257124195730073,0.7932601265267987,0.7554133553022223,
1.517434948849563,1.4868112010224126,1.4500637607431521,1.411872705001474,1.3633717737254698,1.2832940805403399,1.2056565207070424,1.1206658664138873,1.0338727437009398,0.9443643739085057,0.87433574968599,
1.7211600556013824,1.6937395055726778,1.674555866098887,1.6489204599033591,1.6119327985551253,1.5547591571812507,1.4770424880964124,1.3910402572491622,1.2860985599575647,1.1988797308672243,1.0954653956060068,
1.402915292654635,1.3644809876332988,1.3407052506458037,1.3127637741381204,1.2585773062438894,1.1852950287149424,1.0959825852788574,1.0215850271846345,0.9274653077199543,0.8517295567657789,0.7826753255521761,
0.9781239558075737,0.9673429655671606,0.9550232447438746,0.9391236504316853,0.9114004043947359,0.8737425238437643,0.8324789876780874,0.7812870707823373,0.7273399179957587,0.6727067588720086,0.6245835123055155,
1.063418928421888,1.043746992060375,1.0204934846502725,1.0007249153549915,0.9657048699974536,0.9077587462755551,0.8460920970032598,0.7926115064325464,0.736627553921878,0.680341599654205,0.6317182906555111,
1.246016058992942,1.2195773328442754,1.2010392516970725,1.1820853744600093,1.1431064354049278,1.0912765831477944,1.033107958653894,0.9618506095830723,0.8829836478387435,0.8070357300188474,0.7246507651768942,
0.9887977652630149,0.9749209453882719,0.9626195377378599,0.9510793685113502,0.922894611073509,0.8809305006545746,0.8312665747084521,0.7894771653103414,0.742021692512005,0.7000276867021323,0.6503124789687211,
1.0726569397846573,1.050246284309648,1.0352573315775302,1.0237251693305554,0.9936694837571075,0.941012237018915,0.9009877138320919,0.8548407390865671,0.8220799491047024,0.7868409549706258,0.7561816483732942,
1.7422398003444437,1.7208263701224134,1.693835336703926,1.6582434139715212,1.603596858307868,1.5214286208984498,1.4379061340365147,1.3371390603568307,1.2516369820673545,1.1823653894490855,1.1076516162876346,
0.9292584973946814,0.9155945036164942,0.9001994545223929,0.8836411929053335,0.8522626488412928,0.8082368174254401,0.7632177605148532,0.7184649970612299,0.6732197549401399,0.6358964197395871,0.603533333206023,
0.8639125354682313,0.8534684905238623,0.8395160262255394,0.8273111603667784,0.8072039791878666,0.7740980355702571,0.7409457886138658,0.6993334189315782,0.6529201385573874,0.6182505921596962,0.5874659048635638,
1.3717142312700346,1.3632767982716305,1.3530354948674435,1.3314971305580598,1.3122950511838325,1.266714198086969,1.2340729790093665,1.1889150777510307,1.1451651178859834,1.0837961106046323,1.0420375989051438,
1.0214457403111055,1.0077181772530717,0.9898415446615186,0.968122695449545,0.9408224398945438,0.8962548324093385,0.8534835209749609,0.8090570451162538,0.7616571242866581,0.7417597458182535,0.7041617055660889,
1.4176029017340392,1.3998452487589426,1.3754542330064017,1.3502395264062053,1.3129317601941934,1.2545997749856668,1.1730685781086678,1.0816318724843035,0.9830541775278114,0.8951254702424077,0.8148593157833536,
1.5295513617466763,1.5022906152630686,1.4814196452921393,1.4568907323731508,1.406563087678194,1.3415742895415932,1.2756308798889557,1.1958445259702997,1.1210572884813477,1.043759631715822,0.9735152659148187,
1.2966710843592493,1.2804741168980878,1.258971878696946,1.2343154656127917,1.2011570240096239,1.1448888547099922,1.081634787001519,1.0143672555706345,0.9489424680036465,0.8833970965168947,0.8372000130255458,
1.724180125459061,1.7048573589488119,1.67581483489282,1.6535860427970797,1.620967430102276,1.5684116946480395,1.4975165970683737,1.4262564602622052,1.3444371751318949,1.2505667783889816,1.198203720358941,
1.0953735862049603,1.0887418928506225,1.0686514024058729,1.047822401379698,1.027592970241378,0.9810520762492208,0.917430175733752,0.8584893963838818,0.8020739920060946,0.7482183982907885,0.6807799930725097,
1.2778530011957545,1.261054696131126,1.2456525180874667,1.238058457158236,1.2065424569549998,1.1686975560205681,1.1096683775084597,1.047563946748356,0.9816608075115755,0.9122307784224244,0.8492080528889088,
0.9321690848035448,0.914945998192217,0.8971159703826723,0.8766242749116465,0.8508583914024919,0.8136629105247798,0.7748384138635088,0.7353052060031127,0.6925965861940923,0.6500898565093767,0.6080523214683777,
1.144849586337688,1.1244713563573017,1.1078459949075583,1.090752333177667,1.0734094110048658,1.035645770333116,0.9985523454356127,0.9796132523100335,0.9487360171047603,0.9340866559001577,0.9248887132647882,
1.4734701903956318,1.4520179432366096,1.4382453500369285,1.4099968235674267,1.3706538158009869,1.3161610550640113,1.243595553032735,1.1681088497903025,1.0765204887797153,1.0013717261811221,0.9313101944769732,
1.0833504462620416,1.0687897216915656,1.0482181200306315,1.028400266473314,1.0001693402669136,0.952915163950605,0.9077221833267775,0.8638795449674826,0.8145070896882097,0.761593909788981,0.6956898774764312,
1.1505594989384047,1.144561243528619,1.1297725300047965,1.1155771038821174,1.0873715656774345,1.0433891611986288,1.009861127272112,0.9561539858322367,0.9114107182676768,0.8550755027310716,0.8099341948672961,
1.0472170682106796,1.0236855119043995,0.9941372066312042,0.9786539915284835,0.9484582389454436,0.8963456108752408,0.8409304441040688,0.7875763948274823,0.7267578575976407,0.6771506617656251,0.6227598167717724,
1.6569482367993873,1.6195272957013318,1.5827382823705014,1.5385097977617388,1.4944621430035037,1.4031753197386512,1.3177129556356755,1.2121793571311925,1.0895236467600906,0.9991533120755969,0.9032995279107816,
1.0498062368731935,1.0282546461087223,1.0112972655634862,0.9887822495494216,0.9606028501885528,0.9094310583200776,0.8556473830031789,0.7995753288186664,0.7460293045954373,0.6967063014732671,0.6498928928649177,
1.3439149768698586,1.324956002313993,1.3072620400758739,1.2906312674369842,1.2561343443500677,1.2030785289240877,1.1455449412621599,1.068693145827783,0.9887004685454456,0.923467859819632,0.8560999430472539,
1.376099091176719,1.3683053606992654,1.3564049252740038,1.3421855442174708,1.3209770415870954,1.2975644094183418,1.2674117631583575,1.2252455519531995,1.2158477375329553,1.2378057364437547,1.328074977875229,
1.1320374167787415,1.1128023769776838,1.093234000737959,1.07030268554814,1.0332972980925443,0.9918818042746658,0.9388496584051828,0.8909534349172786,0.8368380885691387,0.7902097360973542,0.7500672687311901,
1.521786458617646,1.4938392401845653,1.4601229260499413,1.441999951954487,1.398305809198898,1.344618844555518,1.2744384373522661,1.2075090209776551,1.134182406874971,1.0753381823186694,1.048563476657459,
1.7703629941387147,1.7542404280604265,1.7238260305296298,1.7072878528495516,1.6647466875600818,1.5983085859994723,1.5153751239202098,1.4511085990400305,1.338832739874875,1.250122332666557,1.1512021814823064,
1.2415350207990794,1.2198989020222653,1.198569030835642,1.178525056881799,1.136603079545009,1.0808143201039546,1.0114377928088059,0.9446754644930275,0.8759366747507886,0.817055238106454,0.7763903958352206,
1.1467532508694542,1.1207227889054576,1.1005810727235263,1.0724067086726439,1.0402639337093287,0.9801095201934804,0.920141368637022,0.8475058663102387,0.7741677202152041,0.7079537885125676,0.6551089193784897,
0.7004245682581317,0.6963167953019163,0.6938045791341095,0.687385198463987,0.6800464516408781,0.6694779295093666,0.6552446395577324,0.6444756341861605,0.6285389656634592,0.6140654730723146,0.593506308623804,
0.8218620128269032,0.8166298376880264,0.8052216510809056,0.7932343084642621,0.7742770151567895,0.747123341875164,0.7135825783035056,0.6863758162054878,0.6477057368525129,0.6247939990933886,0.5891738364004586,
1.446513626555991,1.405437110758415,1.3728997206956481,1.333468260394612,1.2906075219163526,1.2165562201250233,1.1302357831717844,1.0306763013173066,0.9396309813619494,0.8740853338411712,0.7803653277120427,
1.3085280889709454,1.307554705736684,1.3050390861790522,1.292310061521154,1.2889234473810194,1.264827706933475,1.2439109066221916,1.2316467584341844,1.2346307847089508,1.2929666905446415,1.373516536596073,
1.233510429665134,1.2144692028584583,1.193005539978984,1.1762610486563867,1.1497490837757458,1.1015766959814435,1.0502593137475547,0.9928728489449378,0.9362757618724314,0.8771842896556478,0.8168113127504927,
1.419350148344232,1.3956747214258016,1.3744526739778355,1.3549413394350167,1.3149694161405114,1.252614098714552,1.1839676288802545,1.0986956950654323,1.0176792967397068,0.9637953023096831,0.9223027382678679,
1.0764117268042828,1.0685139937013564,1.054639834510282,1.043199801181361,1.031608629984616,1.001383931331985,0.9731933212790148,0.9397519875649047,0.9160219111478455,0.9029580504060243,0.9158496267004226,
0.9190049550299265,0.9045754878282356,0.8955134982209036,0.8776993372606682,0.8544767025514449,0.8234314072393979,0.7861223469886358,0.7609035491565563,0.7272649782630876,0.6959104577121319,0.6731249277419391,
1.1081842081553033,1.0920764729556083,1.0701472446954274,1.0537820347371953,1.0290535306887119,0.9905578362762949,0.9465922378001947,0.8887598360732488,0.8464759005285029,0.8061332538039728,0.7688132343183829,
1.4058665469234048,1.3904657286030613,1.3747209703351293,1.3565435138815052,1.3236971132685291,1.2658507264942238,1.2145213633122205,1.1430520450785826,1.0855144662771443,1.0266061958626251,1.0005367041762272,
0.6947980206072785,0.683783998594389,0.6756025942471471,0.6652899604985829,0.6485036399999519,0.6255168949748275,0.5986938808754934,0.5774797516273421,0.5589229912726241,0.5466965526122208,0.5410933138959683,
1.3305288124987293,1.3146011090406802,1.2813839122478148,1.270944730935211,1.2246376919934714,1.1724289117001883,1.109994747510942,1.04450034882648,0.9852098772388155,0.9252464690500819,0.8619391898365745,
0.8963446075494177,0.8906094437801798,0.8794330151439383,0.8755068972379917,0.859236040498023,0.8377627933361415,0.814006215987382,0.7834679798749687,0.7498946413844504,0.7125113160533918,0.6769383652579083,
0.996405952775426,0.9796350654388912,0.9641803742850051,0.9429326507941395,0.9165067367459149,0.8785862791515472,0.8351177403890022,0.7994168186704235,0.7533070018009631,0.7180767050691842,0.6800256965881178,
1.5702663672038515,1.5317346785017443,1.4916219993381263,1.454314302066612,1.4103897213755152,1.328692436021683,1.2396975016220637,1.1481602907943707,1.0345645871627127,0.9365038224802585,0.8363174999082841,
1.1947089880754869,1.1748384440596393,1.1497619281426033,1.1296605248794835,1.0925665710963475,1.0419496699999993,0.9870113981050548,0.9329034271938246,0.866510499996464,0.8101026870536667,0.7408538649923222,
0.7885496827208908,0.7761768506980066,0.7634651165175844,0.7521861027891155,0.7312763056974045,0.7018138789722402,0.6794329055733823,0.6483083809897245,0.6204590912187474,0.5990123984352629,0.5824056577187067,
1.2843452653117453,1.2683004313108734,1.2567347643059028,1.2381927630902205,1.203829743042969,1.1517539467143831,1.0934900649637214,1.0417126653950095,0.993081916240802,0.9244528718337597,0.8769168319346852,
1.3268811526488828,1.3087652258215836,1.2928311995371664,1.262252354407833,1.223494113686213,1.1714059950397202,1.1151997245301157,1.0519367090822265,0.9951100554507353,0.9610811852249753,0.9411945356660188,
0.9262589800118534,0.91516322768726,0.90006681245038,0.8885486749628337,0.8720319376432493,0.8342340059465563,0.8034648117794998,0.757418929385411,0.7269897229489268,0.6964518619438033,0.6643976025005814,
1.0545723126198716,1.0376852658410258,1.0243645667902572,1.0072597138411954,0.9778148788958873,0.9340058520682949,0.8891313727904827,0.8370087887348493,0.7736938472447042,0.7272503352879645,0.6751763016566155,
1.6784366590373256,1.6686968642910207,1.6424247104240133,1.62727605309786,1.5888312957739295,1.5338035856158043,1.4648433110548267,1.4056782121644626,1.3209887099373567,1.2748607636569533,1.2469252841484846,
1.2390280023726474,1.2258603095853744,1.1970259777994345,1.1684146252365635,1.1371984730790012,1.0721993766854716,1.0168236508978512,0.9452023831968914,0.8769702518110019,0.811658792282484,0.7492567192202387,
0.7038336976726163,0.7000345459467059,0.6940062650920611,0.688691620148192,0.6785371789068554,0.6659018880974396,0.6471991242913389,0.6316639984251134,0.6132885662095943,0.5964269118519127,0.5813247828022339,
1.6171599769966047,1.6021799278855415,1.568413089351218,1.5355785241170448,1.4989800278867835,1.427856410249483,1.3590047302549022,1.2815900444434454,1.195986828908848,1.14128715455862,1.0782034298191296,
1.0712106931372471,1.0492646369566676,1.0195627966461196,1.0002419118452603,0.96513387782503,0.9146530225293867,0.8553873729688782,0.7949949518553133,0.7405555209226755,0.7015335412107636,0.665014062400937,
1.2028291821848742,1.1818582210021276,1.1635337106002135,1.1412113829629984,1.1188226663832792,1.0726471848859735,1.0218076180813478,0.9587550706452252,0.8950640539548352,0.859319967522494,0.8080039837419637,
1.5751127294975975,1.5402455054630486,1.508434861453574,1.4822561209879128,1.4257121495334026,1.352433542628295,1.2880690431329729,1.1919271139759353,1.1072363491740282,1.008340611849824,0.92378058077759,
1.498437781993854,1.4817899730348918,1.4591037083934206,1.4396645814647147,1.4066883418657201,1.355746855639839,1.2782259389645017,1.1914210406804489,1.1044209185113463,1.043861381886936,0.9616871521304392,
1.3536307907167506,1.3227461443970765,1.2964449912705154,1.2773263083795157,1.2354034344743758,1.1824647782411135,1.1166112580063674,1.0363759651421647,0.9716260905493777,0.8876478431225547,0.814168916200914,
1.6803166537864076,1.649162805109296,1.634807907424142,1.5979567427815264,1.5589721537886736,1.4994939723957992,1.4205949355209426,1.3624496235409354,1.2873924005964819,1.2523262106668875,1.2313620860527374,
0.933506950596009,0.9104047970879989,0.8876464853284891,0.8666325446875378,0.8351127915904437,0.7930849312029875,0.7485954513796593,0.7031727966744801,0.6546764756892971,0.6071631494930724,0.5739894754679001,
1.60233823567174,1.5761634526362664,1.5473137569857165,1.5141293834381204,1.4753418709158657,1.4134364463173594,1.3403819339210719,1.2570723476677201,1.1724176885830146,1.092408290070544,1.022067661928228,
1.3439096916351656,1.3270918036707091,1.2958906807731112,1.2868204030920303,1.256738329137996,1.2047810838656268,1.1436694965768146,1.0708130280695862,1.0044674673793184,0.9406273409430213,0.8568404922336051,
0.8603778091795412,0.8476684060487096,0.8373332812984744,0.8133015197753375,0.7957696061048745,0.769000452428205,0.7380010742776257,0.7056893807019369,0.674611147641639,0.644214083138624,0.6074940670859651,
0.9143692281146716,0.9082872057735449,0.9080489073778203,0.8951178627624091,0.8860002568169255,0.8638183025936236,0.8366743867766266,0.8124227128505919,0.7852054781532467,0.7558644860375993,0.7208277842787655,
1.2842985116871457,1.2548944904734771,1.2317447499393765,1.2045085707132521,1.1652863334890764,1.1061254615224765,1.0424960194569244,0.9760474199064803,0.9075859657042118,0.8363826956255748,0.7645725572668323,
1.3909248718764573,1.3820434242722188,1.369133676685866,1.35039736227731,1.3281702565335118,1.2820596667058688,1.2434876652391844,1.1936714201172471,1.1540239554396783,1.1322902420845988,1.136348825246461,
0.8149638837227409,0.8003702886260808,0.7877877492696472,0.7738091566779997,0.7551512648614102,0.7243913077254738,0.6978375672109445,0.6679382964380179,0.6363006877178785,0.6079768583927044,0.5815939164127908,
1.2899231821913237,1.2614789379237221,1.2367430379562803,1.2078419619851204,1.1560626482023386,1.0901270985790124,1.0218156235107114,0.9372714970432603,0.8605839703547941,0.7898011394305373,0.715141802491376,
1.0417551788654689,1.0382534505473504,1.0249160840620282,1.0057161203932203,0.9784179875009898,0.9435497686173702,0.9093774949495174,0.8574260515878167,0.8245034701817274,0.7997091019943758,0.746270508295584,
0.8806380297197952,0.8707459995789719,0.8634353053893431,0.8522240526281348,0.8363970498274337,0.8090663040586957,0.7849796454303517,0.7619648481507929,0.7418342899307058,0.7241053665412779,0.7215462774932879,
1.3459588499856074,1.3264545460459989,1.305865619735119,1.288548922046956,1.2564488138791299,1.2037496249491824,1.1488983597855926,1.0926558020421417,1.023242476242194,0.9605255980883897,0.8883039637387046,
0.9362399422299581,0.9327513665318145,0.9310154419181748,0.9228767990875071,0.917153991099568,0.9001877729507864,0.8824388491425694,0.8756481464871658,0.8684473573358027,0.8643297153807155,0.8597357756463491,
1.2332835472945811,1.2133305571048072,1.1971297804370744,1.1718534682612995,1.1412269254922813,1.0890021797482154,1.029472229675624,0.9691528284192138,0.9032537462849599,0.8579543353766501,0.8072769100038272,
1.470027971878931,1.4450360004226301,1.4246826335098,1.4012066554326663,1.3638027018642684,1.310241599845362,1.24624934735709,1.181045494267241,1.1306819778476807,1.067623292834904,1.0191081788039444,
0.9101895375946074,0.9004559899878001,0.8900654942762513,0.874263241463104,0.8445113086198984,0.8142581343348697,0.7804296686957201,0.7429122413445056,0.7109345023438168,0.6714655701767543,0.6345828321956724,
1.4432242160595798,1.4254719552672432,1.3961922063240415,1.3776529722524933,1.337673886689102,1.2834138080879272,1.2182481344007758,1.130059766614833,1.0502351294578627,0.975174142930433,0.902484998722697,
1.810422502728433,1.7769769254629362,1.7447358186258972,1.7085578191452588,1.661712439844208,1.582612994464865,1.5178254962936542,1.418318336877718,1.3588075339645855,1.2684686980679558,1.216994255513419,
0.7817586807893544,0.7728671527258762,0.7633850875758402,0.7538181537369013,0.7364852338909202,0.7115371288110528,0.6841097526722065,0.6585934244281026,0.6340677291419091,0.6099396323214017,0.5889047656509422,
1.1234873042890072,1.1033997785768652,1.082664295562826,1.0668693422098579,1.032350532947972,0.9848743364041925,0.9304206911646314,0.8774112690804837,0.8069784432316641,0.7647652362759119,0.7197904175668844,
1.5731645349288395,1.5445718075386212,1.5250134070928976,1.4917992660164479,1.4558874723730757,1.3896818116323642,1.3117735996503714,1.2339397532774619,1.135143216858748,1.0691251220258848,1.0045777482685956,
0.9942262441272296,0.9795183995628681,0.9648527460056121,0.9489250925165716,0.9241540794068348,0.8858281640705741,0.8479778306977716,0.8001534140076029,0.7553591394291275,0.7198111471974606,0.6891823748162792,
1.1507996535461895,1.1313310897452238,1.1095263900544194,1.089808255190973,1.066403621650895,1.0142772386735694,0.9678537345709263,0.9229305505862027,0.8819550426329883,0.8474486184208334,0.814915621168979,
1.469947998602981,1.4399113663403813,1.4118758953092871,1.3783587912678628,1.3388018126126082,1.282165499770335,1.2071441902758422,1.1283932032207933,1.0679523388722816,0.9953367777196297,0.9525695363948167,
0.9169437384714753,0.9040213702731031,0.890629349981366,0.873972490092188,0.8482816992600178,0.8144644146861801,0.779335849176702,0.7352342637506628,0.6931448188231056,0.6577574814120473,0.6222460003186071,
1.203323272589167,1.1909347224151894,1.175420215977858,1.1551653705132119,1.1233332676075611,1.0807723670223037,1.0261099498424555,0.9664538155390623,0.9283786027809185,0.8886028886063733,0.8663637853878778,
1.2359452292621385,1.2096194887992373,1.1901644249139967,1.1691334661762485,1.1270466483731914,1.0719653532932418,1.004996683744161,0.9329222818199153,0.8605379127495456,0.7965437228209838,0.7328875502568024,
1.6665450026444977,1.6513820596751945,1.6361179982806198,1.6001839494727308,1.5685915796529257,1.519069610027693,1.4518248389272115,1.3845089210432886,1.318207954769569,1.2616146561580375,1.2805284703382522,
1.0753038173696665,1.0567718383120737,1.0384957273856903,1.0139600132685809,0.9846351907551987,0.9348459244751791,0.876992918137,0.813676599697367,0.7491409919639407,0.6947477013247619,0.6348643979737074,
0.6725011165685466,0.6674785331012868,0.6603813819448097,0.6513514774888712,0.6384680705938042,0.6203443816930633,0.6022500824363646,0.5876064663148356,0.5751773365492514,0.5667401203262575,0.559367797151624,
1.2186522324101046,1.1883334165747086,1.1637957713039337,1.1382926784811522,1.0955327898747087,1.0389974281729546,0.9744578992651488,0.9064748529425953,0.8394754079688119,0.7724936314897328,0.7165212402351203,
1.5639261595736456,1.53175357277739,1.5020445799599125,1.4732830830310721,1.4259417288410514,1.356316193014513,1.2845045315286485,1.206137014968629,1.120890288320602,1.0443136039085332,0.959068003872478,
1.54634262723159,1.5232845821626189,1.4953777178988166,1.4699049773230695,1.4246456029528096,1.3591540808583642,1.271537865576709,1.1808904170305332,1.0898734442739135,0.9979280794049755,0.897698707032077,
1.0951124747018752,1.0753507165115428,1.046807170924555,1.0279196886856343,0.9946870951864857,0.9463417200024118,0.9082964478503426,0.8508495608381743,0.7989674639812941,0.7423888956013409,0.6769805380752988,
0.6529556563383048,0.6465048022869974,0.6408092082324047,0.6308711900961385,0.6154338378843027,0.5905731293297302,0.5672958521801059,0.5497853235775149,0.5389118666938386,0.5263929431079741,0.5198108026160748,
0.7949212405109494,0.7838580807907014,0.7824395531053784,0.7834872966595632,0.7734386044126238,0.758582446963241,0.7378569949316633,0.7143247937097867,0.6974672956971907,0.6855220886462369,0.660844488723036,
0.8795206646922782,0.8743464473528636,0.867803067867511,0.8662656316558849,0.8496235929215736,0.8210426405769061,0.7966965653066437,0.7718231876936059,0.741809980082936,0.7407172628520964,0.7165501282194944,
1.3693185181437042,1.3421135625089342,1.3213981015741232,1.294357592361614,1.2658769767567926,1.192730765924675,1.097519184414123,1.0220830873641689,0.9618552211475436,0.9119086174096264,0.8825642841060666,
0.649593198157792,0.6455551684173532,0.6356480852669385,0.6310967693519663,0.6199422043734104,0.605800165630699,0.584416075838421,0.5648418033309788,0.5525942449668855,0.5445358047254689,0.5350853180424097,
1.2403321221915515,1.2159036967736412,1.2005642738091908,1.185646018687386,1.1514539209288792,1.0937649895477588,1.0324826587522409,0.964217943380898,0.906155545483088,0.864445304533381,0.8533224157471503,
1.3419323404317935,1.324362253440926,1.3042330783395764,1.290578198855246,1.244854278101821,1.185823349310026,1.1163578155216851,1.0651304567984756,1.0353491720986032,1.0557436144831105,1.0213945687590498,
1.4057670312027752,1.3779279233041934,1.3520525138743915,1.3241211181626416,1.2902795505860838,1.2211940838628939,1.1599510576057805,1.1010136001938546,1.0623776268122227,1.041033501828916,1.0394662165939796,
