1.399723891304838,1.3791055570755395,1.3406714652573788,1.2742820443061957,1.1899212012016724,1.1135643766934058,1.045604742311323,0.9759419450386368,0.9141652842865104,
1.7879269700538925,1.7503578382231146,1.701169445968104,1.6258236962583663,1.5441256060785276,1.478557721674094,1.3540327881009215,1.2304939536422126,1.146157453810784,
1.1961858204336442,1.186167647115011,1.1608312399107215,1.1135305521029322,1.073867193083641,1.0207266876076433,0.9562379790827908,0.893401234186974,0.8355143861898409,
0.5472812309193839,0.5417679201759736,0.5350562425606084,0.529283405603089,0.5228399661318605,0.5203106797752416,0.5190392787465575,0.5210322889693572,0.5208548318544914,
1.1059805751407186,1.0887298254753872,1.0512969302694117,1.0104318517197635,0.9718594399684338,0.8925895650035797,0.8466118713653222,0.7804773299725666,0.7349762795843602,
1.2390778209671511,1.232774182291983,1.1981470962613952,1.146678990383598,1.1058077417514258,1.0463407007097032,0.9651776341503492,0.9144572883444363,0.862465908793767,
1.0776797506644478,1.0563441212227218,1.0295165669888051,0.9877734198581346,0.9441392435758504,0.9054902822811254,0.8514760794814658,0.803976036916486,0.7402789008190495,
1.0045754887063278,0.9911105525242686,0.9722782397937615,0.9473794367431884,0.9150221346244174,0.8875901850582067,0.841488280972128,0.8072458182769455,0.779871937550938,
1.3331282761690337,1.3017690237947994,1.2710636660809138,1.2303089857286924,1.1722887912281568,1.1026881849117391,1.038246342172484,0.9734534753562066,0.9226774289389583,
0.8875283887584491,0.8775606946908864,0.861481223833524,0.8320791036946673,0.7975022813733444,0.7594949837352971,0.7194474663945764,0.6834699075253278,0.6447291502497909,
1.2424780684763699,1.2148271573263063,1.1770571922685635,1.1380610476043895,1.0963882615805651,1.025568431068506,0.9645747129785516,0.9186298429228729,0.8536507807960035,
1.194714957877952,1.1638267506950304,1.1168931743630448,1.0753555509149109,1.011967568388066,0.9575677830564082,0.8964214901294789,0.8401131156054302,0.7812829327550492,
1.2192863123203177,1.1891739877849508,1.1614327793927424,1.1050722134555786,1.0510078082451833,0.9961361468590687,0.9353365637265147,0.8778149777749842,0.8167014791782808,
1.4514524658477301,1.4156326916017223,1.3716396181448232,1.3123608905908328,1.2488536433293385,1.165735838985752,1.0976784904252457,1.0117563104571503,0.933919652921071,
1.5199600582795973,1.5093301172820486,1.4780137914049682,1.4277835839711457,1.396800809730788,1.3404902681538895,1.2938733154732733,1.2526978883851874,1.2379633754164296,
1.7901107578938755,1.7711865767596287,1.7064980987871563,1.6336496610658877,1.536954943817962,1.4564216367385274,1.3485829961129265,1.2545768672052706,1.1229957981675316,
1.6857104029344394,1.6691896742853831,1.6344665369996563,1.5771473655546349,1.5138114505640192,1.4464796886129712,1.366962998098342,1.2839193295301343,1.226506717182231,
1.3901569808622969,1.3592520625757791,1.3210417727873105,1.2583123507232539,1.1831039561217427,1.1161897748018312,1.0458775205800155,0.9684968383996226,0.9134913793593834,
0.7893634483256623,0.7755283509584313,0.7491842753378025,0.7217807087328331,0.6926289451689632,0.665179005687951,0.6413215289752645,0.6186725645829872,0.5951982680269962,
0.7429240780867428,0.7116239085653643,0.7107373702034735,0.6841242803053742,0.6606493133511125,0.6385060223662838,0.6232536199683082,0.6004237014304644,0.5844404432606671,
1.5381507826749248,1.5129098566856465,1.4983172042954511,1.4644480247090168,1.4052663848002727,1.3404229309736462,1.2695066937355488,1.1794512246743356,1.1078407059594229,
1.5016046794420614,1.476410845500526,1.4360527605376046,1.388234101931556,1.3362752168243772,1.2639845838509487,1.1830973855170914,1.1057009932628934,1.0428330060393443,
0.5878635181031412,0.5830763900428684,0.5755379525883216,0.5654102636819438,0.5536862808385413,0.545939859716915,0.5367727944650208,0.5301548797504478,0.5255727066957903,
1.271505423329574,1.2601690068207787,1.234142564063531,1.170961853261696,1.1258808702243617,1.056230912562623,0.9981217873583181,0.937996787770634,0.8893618958428048,
1.4343084613797983,1.418316043365225,1.3951209922853636,1.3617862747812313,1.316712364345791,1.2693273553624753,1.238662456926141,1.1885246913100203,1.2144712307107792,
1.3011350279161824,1.267505219391272,1.2371322968440264,1.1802611789592745,1.1126062367259237,1.0486613898290484,0.9869332930691872,0.906162042977409,0.8515446238087184,
0.7068211267432803,0.6947867084630293,0.6812200924821851,0.6620100459588952,0.6386853142485548,0.6142698659247734,0.5959363155020038,0.5804653812463846,0.569397830499067,
1.5579534945129232,1.5238468770692222,1.4830381090408258,1.4271057779011738,1.3372322724708858,1.2673885223991233,1.1823643838561164,1.0870775654024103,1.0151530839897576,
1.2887401803525522,1.271899659201275,1.2472090358308652,1.195800718252596,1.1457895755690266,1.0879115976333822,1.026573411744004,0.9564003672368203,0.9283671677384723,
1.20301666739309,1.1764665472343216,1.1506659582604437,1.1251729352610433,1.0707135390945213,1.0183576799135166,0.9400173723762776,0.8764904615585088,0.8284414510770503,
1.4737221120082922,1.4561866316291525,1.4228222787355165,1.382524309695163,1.3240248303652786,1.278752031889091,1.202661075784141,1.1057877658696291,1.0537673303675696,
1.4117544595061389,1.3974173174817348,1.3607178356839047,1.3043891681313147,1.235289194058696,1.167518353147373,1.0904643917441175,1.0326697565950669,0.9720792658034001,
0.8703378141661139,0.8543379118123325,0.8473194720374151,0.8296662565644742,0.81456342461512,0.8005949343555209,0.7927112721640729,0.8073403393951114,0.8061515120614936,
0.761292542974028,0.752842738702069,0.7385540571803959,0.7146495511833246,0.6940723192720303,0.6684689423932156,0.6447880614380278,0.6242617393561245,0.6067968042814994,
1.3491520255411005,1.3099507738173128,1.2873225986950527,1.235859034000601,1.1863761277752667,1.117627111246184,1.0536177915337728,0.9729888564869089,0.919815809734012,
1.2661264035458946,1.2366539923564024,1.1916951810714067,1.1561925227530785,1.0885652266005674,1.0208820617036818,0.9256930143838122,0.8412250630354295,0.777401192562441,
1.049205372635072,1.0369128629647173,1.0252865856271283,1.0021160970869183,0.9661352632260315,0.9422488832555821,0.8959864186011746,0.8611067316897228,0.8589570606143497,
1.579080223364793,1.5182345959439016,1.4790502216585824,1.4246060543011878,1.3324953733692801,1.2492535530955522,1.1598056198073965,1.0669430125214219,0.985361953014755,
1.5315024533422688,1.5072813874267825,1.4516589317400834,1.3830299791170206,1.3193682509121532,1.233883743106814,1.1162103047975784,0.9993246675835775,0.9068793425800958,
1.6775953925383746,1.6462566576351647,1.6041368603058002,1.535482365264495,1.46459090893552,1.3798820714440425,1.2827845719374118,1.1864056988453038,1.1042611053258575,
1.3849928587315987,1.3460397593111577,1.3011861506025997,1.2269803872313099,1.151219881081183,1.0744276828588284,0.9961581507997201,0.927197354788799,0.84222129532732,
0.9277549147345411,0.9042867885512548,0.872417554551013,0.8387902666458382,0.8029361788770445,0.76173743260325,0.7214489270816199,0.6821483216251079,0.6483133295773332,
2.0103582451346296,1.9704161209949849,1.9188847210184279,1.8361080601111548,1.7561778019164613,1.6469258244775535,1.5268011150070455,1.424129953563924,1.3258799036641982,
1.103540478830853,1.090944387221008,1.0647798553993608,1.0287527205582445,0.9763583050973352,0.9297599805550624,0.8571892867787072,0.8054458000760377,0.7620573412689936,
1.1472285365201653,1.1232897225268188,1.096501711891167,1.0515934866901384,0.9961611012484222,0.9412798155997374,0.8759373332575912,0.8126404412847302,0.7513321810726433,
1.1522362832963753,1.134700820353458,1.1073003263522383,1.0640174474732471,1.0195486927114812,0.9690050111746734,0.897199017672285,0.8320674166062255,0.7589286275943196,
0.8923511882995533,0.8873367406396806,0.8718076764554477,0.8566584271256882,0.8296676046402848,0.7984336408856524,0.7747752906473931,0.7432436386469189,0.7118389209508429,
1.3524046700628527,1.3236699776849101,1.2729396817277734,1.2327427093019194,1.177609724382391,1.1092668767254732,1.0348076683465255,0.963602955764977,0.9170827894495224,
0.8574534918550758,0.8480574018810977,0.8359218655593353,0.8163795513583129,0.7907113044437898,0.7644661172185747,0.741192270052318,0.7099158935587314,0.6802344224418123,
1.5587443119390199,1.5319845839360224,1.4904893006301398,1.420528136907079,1.3465260461351136,1.2741288468460814,1.1963943084055355,1.1226589513756355,1.0521800114647246,
0.8958511165535402,0.8830470831449583,0.8780813361723967,0.8652633809938705,0.8479016937379263,0.8358922609005383,0.8325595568945567,0.8309426759593578,0.8572769405001908,
1.313134908967557,1.2963747764618998,1.2619616105713096,1.2291018689963218,1.1755621030772556,1.1167179887432794,1.0643559572276944,1.0025441955524792,0.9683868475089246,
1.6743623954226228,1.6521925155668626,1.6029674942448817,1.5487388160856286,1.4734561334695826,1.3912244282263655,1.2985835027705932,1.2331385978489329,1.1890304953952568,
1.507190234411172,1.4807674481970312,1.447333163086788,1.3890811375730523,1.3272383354956687,1.263098390911389,1.1642136098329212,1.049440959000775,0.9627047085841188,
1.5031666895143414,1.4791892900057337,1.4382965362694433,1.39223374373329,1.3212964743396018,1.2435374059713895,1.1708510587934666,1.0994421596222257,1.0106352709579418,
0.7514358753135754,0.7414569775405507,0.7286970633892436,0.7068867739340039,0.683170854909851,0.6590232453749809,0.6318113239839549,0.6185998267398605,0.5930134607065166,
0.7307258929267086,0.7253124252296645,0.7095087854370289,0.6900459635738262,0.6669106981667406,0.6428611503500257,0.6142524050172442,0.588686575866892,0.5630474987760624,
0.7830385697567869,0.7763701100434939,0.7720916820443853,0.7594400239401286,0.749626736838844,0.7310196767753638,0.705848728384399,0.684935604076899,0.6605511170163317,
0.9655677566107035,0.9606941409672749,0.954439179549367,0.9344769728511775,0.9071287024650839,0.879471333285306,0.8491421718741501,0.8112299117839458,0.7745063305353914,
1.147387196889271,1.1171002299466712,1.086773623731636,1.0416315153821811,0.9906347294209518,0.9415025281939243,0.881970311487656,0.8255735515709913,0.7778113324112395,
1.027819848355242,1.010596852491841,0.9812621136649496,0.9437249848415462,0.8981411909448708,0.8464105324580041,0.7798519222175648,0.7320600857016072,0.6799632476426019,
1.3610150949211726,1.338270377866109,1.3079481745398462,1.253457933642168,1.1936232743279733,1.1354873308770708,1.0630846322504135,0.9829210063250841,0.9003511623102687,
1.5338089675588733,1.51164119707006,1.4886491264341606,1.4324785329475107,1.3665167144911476,1.3174590141904647,1.2239633279888056,1.1587613319817258,1.0660532702795447,
1.4677373841475148,1.4389673969436598,1.4013099697830567,1.3360069243188073,1.2613839394066435,1.1970715962553817,1.126567495398896,1.0433035822229009,0.974442093209322,
1.4990608894152178,1.4626475775755012,1.4050476286002322,1.3389698688629492,1.26153021614724,1.180786377497048,1.0998426598698405,1.0096203986243089,0.9315662242807755,
1.1709270217681087,1.1498893490159494,1.1237736124822733,1.0744274326912917,1.022421441646803,0.9665018480244435,0.9187467249382271,0.8705212842622547,0.8212831535540199,
1.6168900361033638,1.5861375503460373,1.543799430204367,1.496592488214621,1.425034676109176,1.343391741527997,1.265112266040876,1.188555813162061,1.1364686570089775,
0.9428953608395122,0.92166598925515,0.8957174482306417,0.8647835877712298,0.821612502225252,0.7842740860431485,0.7442959607708379,0.7127563120531242,0.688378230167953,
1.0600276425255921,1.0637501361668784,1.0564960763810567,1.040646132892451,1.0294006962464712,1.0028535265548877,0.9729299341158363,0.9735398958238126,0.9667998931529229,
1.7760049603935204,1.7451266017600409,1.679768449561529,1.6003671793877177,1.5353099167712945,1.4517548435778596,1.3647286103783447,1.248097281369405,1.1679974049708333,
1.5434030712307865,1.4991312095440092,1.433945862935688,1.3723306046798112,1.304756314620998,1.2404424245088674,1.1397166531528484,1.0670512641314456,1.0083975768860671,
0.938040461846095,0.9175088202681309,0.8936208075255866,0.8552808458982746,0.8136577396318477,0.7608817284420469,0.6945323530131654,0.6414864999074757,0.6000205026484763,
0.913921220154232,0.9011752764679752,0.8772373742485241,0.8612907136648397,0.8197088696030068,0.7884754007825404,0.7492993613179161,0.7049754973923016,0.6551892527528503,
0.9900524048258041,0.9812559285710849,0.9526983631329053,0.9152193802293491,0.8783148169486148,0.8347020945939622,0.7662397572867323,0.7154898014509377,0.6619072444790804,
1.541352097008534,1.5241714436531515,1.497266847067188,1.460587934122258,1.405463507621724,1.3346376716937347,1.2571372102211915,1.186509647881778,1.1360785220776197,
1.265131274155551,1.2511831512368337,1.2205757546756122,1.1857757195566732,1.1370156120982913,1.087978614508306,1.0347531261314165,0.9855149125178553,0.9576697153445368,
1.2858385008676076,1.2800336059588477,1.2635166760192256,1.24316155144066,1.2083649855250196,1.1668307980142945,1.131655818763973,1.0791895983756412,1.0411461383049234,
1.416158488101585,1.4011464180493516,1.3623495819089297,1.309177352693557,1.2531719037902633,1.1906625412899519,1.1226411387373867,1.0532590143318563,1.0041233325989707,
1.5214151410174683,1.4932629940260056,1.456155665251746,1.3957850492593171,1.3324251389634618,1.255194378482183,1.1705811978269367,1.0913482310503624,1.011171445610805,
1.6306030148250659,1.608723574100003,1.5762411915143866,1.5189093290023046,1.4631170805641678,1.3643078458467683,1.2961388637645048,1.209178818427195,1.133268947162179,
0.6335861111001583,0.6289009385621345,0.6170756464195953,0.6047171047950537,0.5919144025257115,0.57626049536017,0.5624901346966097,0.5515159646357786,0.5416520742907017,
1.135317627570731,1.1213798880662456,1.088630750923042,1.053982562100677,1.0137005994132642,0.967809249703914,0.9095319145961198,0.8414529829192919,0.7691119750800159,
1.5642652259691732,1.5419029493505685,1.5164050112202156,1.468994926196337,1.4087168148765254,1.3425016050372856,1.2563062835541472,1.158556635043398,1.0752221353798288,
1.4732741487911887,1.4502714712752476,1.4179689712417547,1.3849389859550132,1.338651978175652,1.2850482244090022,1.2410413959654403,1.1539933731476504,1.10100114114638,
1.1269184748259227,1.1086873777938056,1.0841650784667258,1.045294584330484,0.9979674645653305,0.951781963068285,0.8948268150802069,0.8409454134760501,0.7947245440200198,
1.0481412506207988,1.0233593390898803,0.999810961357895,0.9614736955828902,0.9175023713335005,0.8826174790829776,0.8454275330397675,0.8038773477607961,0.7737421113470038,
1.199454379826174,1.1734750288853366,1.1458963013240657,1.1028608834231461,1.0593310498007926,0.9977016822019906,0.9460077072019878,0.8922210276656681,0.8712480962975195,
1.383181288841172,1.357495389370782,1.3186678322267065,1.2775399896484885,1.2355954122210207,1.1632704970953731,1.0869309131574396,1.0007577827574365,0.9261145666305636,
1.6459967844871606,1.6231428014293579,1.5897931220059907,1.530363353584918,1.4734102384702283,1.392877115919222,1.3025326955804968,1.1991020683195364,1.1060358341503873,
1.221460879683824,1.1882603150509117,1.1549314486658815,1.1104550086611975,1.0543514119225563,0.995663799729625,0.9261242879388135,0.8523120346021099,0.784731622925886,
1.5530350745366348,1.5623063787321099,1.538050519024184,1.5092468530250664,1.4805302514969345,1.4462472202716252,1.404898375721192,1.3985102460757681,1.448007460240673,
1.7887207551546005,1.7661531351514788,1.7234697465174629,1.6459288935406708,1.5792986830969062,1.5070050814226004,1.4315054147215327,1.3107484691217501,1.2251043744272374,
1.0516984286380284,1.0339598236009164,0.9996917716655624,0.9560754515384288,0.9100354545885864,0.8573214277636901,0.803951974549082,0.7498903860171137,0.7038863398791113,
0.8816777740092115,0.8753348696392476,0.8480136071407679,0.8169518981903356,0.7835730867857863,0.7541457291707563,0.7153321331152491,0.673190109131268,0.6437447390618948,
1.2316510011698154,1.209594344397682,1.173444733149546,1.1271084639092066,1.080363963561337,1.0222522442172788,0.9607783609996485,0.905308487264101,0.8821140857203937,
0.9753539653682956,0.9499674380796129,0.9263759500181322,0.8839758908955012,0.8354803838889823,0.783550056776761,0.7302542004770766,0.6638431638802369,0.626185436515415,
1.3650833413465442,1.3509891841069248,1.3113518535305557,1.2621155572848137,1.1970669280635333,1.1426051865773128,1.057673789314886,0.9962706461869305,0.9397517439590816,
1.4406332609112735,1.4190385110880477,1.3950001894476827,1.3393291473638502,1.2887944630885644,1.21872294414406,1.1452338849345802,1.05046441800652,1.0217062109541513,
1.1194610808234948,1.111972365205358,1.1040080615050112,1.072838871518821,1.0409647451848598,1.0181863088129666,0.9815343898383007,0.9512637299568926,0.9587592031185231,
1.0041262095022008,0.9876607389726638,0.9641027719120512,0.9374206062824929,0.9006155776405378,0.8626330195900641,0.8085132935495406,0.7577692170582504,0.7100805259841971,
1.796095095116362,1.7555142288468297,1.6955376321192204,1.6367122545222255,1.5660303485884577,1.4689545483685884,1.369149655827892,1.2768368240300159,1.221280847354047,
1.464216388307305,1.4363709790458992,1.405964156403788,1.3462778041901518,1.271749032532911,1.1837627553565648,1.1031091527842833,1.007036342429124,0.9181665382473571,
0.7305575578787558,0.7246399227403731,0.7121454113829201,0.6928751540148194,0.6611131404780017,0.6366867275038849,0.6055775246499787,0.5796903024561785,0.5504267972191101,
1.3246535324299709,1.298393479268847,1.2672078504836168,1.2223280036118382,1.1487303720431077,1.0739649252720882,0.9918112688167892,0.8921463117843841,0.827369334447818,
0.7028215527179836,0.6943124373012167,0.6816285978420179,0.663805947910963,0.6448778623606185,0.6276751202423724,0.6110374824148899,0.5882758288767941,0.5677602965017224,
1.0821444105932574,1.0723442682469637,1.052960810856682,1.0226545584241784,0.9856370095533425,0.9456922035442461,0.9104724863281077,0.8813327183705525,0.8742027493261063,
1.671872578605151,1.6753981407031215,1.6663836979032491,1.6390337176540324,1.6273043046528899,1.5940850373126618,1.5565327795957469,1.526870165228239,1.512931148345919,
1.5801862466055716,1.4961556341505708,1.369112859569241,1.2760941801560577,1.175600003272065,1.1228304588611788,1.025876253010661,0.9810254224577264,0.887317211660806,
0.7892773304914571,0.775239913309905,0.7601475512883461,0.7332272464328627,0.7053138515505456,0.6724317286875466,0.6403888468164399,0.6121231132920938,0.590146229149238,
1.5100428805093693,1.4945142808109606,1.456195066338136,1.4048916866918497,1.3568482293498167,1.2976903956034727,1.2254079740243058,1.1580842339486026,1.1308250754842717,
0.9409206438495782,0.9301842661120636,0.917943070626421,0.8952436193257788,0.8734356003239206,0.8520723788084194,0.8312088842881771,0.814156777511516,0.8323235090340946,
0.5844863187938946,0.5797328960729161,0.5708473406724306,0.5584627928502734,0.5485444885624574,0.5399652879682226,0.5289080398636609,0.5209539903891168,0.5150710750742912,
1.3565775199644663,1.3370949664344467,1.3044839066392997,1.2507428980242006,1.1975447229364142,1.127375571996841,1.0604039045596214,0.9773354085496248,0.9169584212375711,
1.3093682763678958,1.2850952411466379,1.263956135436184,1.2233950741841495,1.1825819687314736,1.1317678612483155,1.0722125843226682,1.0291163990754468,1.0044678972619878,
1.324861913141057,1.3009771841561395,1.272652600975483,1.2219295176836333,1.1629881890919398,1.1157091170231455,1.0403140748695165,0.9714237853596662,0.9154738019532478,
0.9370309559073082,0.9288602021733602,0.9056550381545404,0.8704477756384549,0.8371834266670027,0.7929132027509573,0.7528534694000951,0.717154552395446,0.6661250104269866,
1.0244063455299919,1.0058405654158458,0.985903220052745,0.9520771538218744,0.9102028251502503,0.8678738334643299,0.851754612654854,0.7967896054642898,0.758243776880521,
1.1914556158392053,1.1830087774198565,1.1564960917085132,1.122516012871641,1.0730180830619291,1.0175177012187644,0.9621087274728704,0.9118224628204032,0.8682056172711506,
0.907870014099351,0.8951283798403149,0.8632661687664832,0.8400693383171535,0.7879897720425941,0.7543882274193787,0.7120282519228233,0.6740270858975383,0.642466460956103,
0.7439885424808015,0.7334780701638274,0.7124639065769421,0.6957229437471767,0.669361881235662,0.6396074067903035,0.6219113831890069,0.5893012430031264,0.5668277621859334,
1.3292167552256675,1.3196553399093358,1.2797327966024081,1.215748888896432,1.1484713062706484,1.0730747095591753,1.0135991264070978,0.9214477732012905,0.8737000973833912,
0.8746204834629957,0.8676001322967838,0.8565734818257507,0.8362782736461432,0.8157919631406862,0.789520270422717,0.7756095176868618,0.7623887169008174,0.7594583798738267,
1.1531156443207449,1.1376717753422352,1.114262663894003,1.0781737069671806,1.0322692464300147,1.0003787238153954,0.938357838885414,0.88965408169016,0.8309574443660396,
0.8498515744017301,0.8350113154759066,0.8247488018279268,0.8017369290447921,0.7737636442133855,0.7449722838280024,0.7145509325308623,0.6883574608991853,0.6554513367762579,
1.410355758933629,1.3754743992478575,1.3371147096922682,1.26581040797754,1.186526265609893,1.1163450272961235,1.0115574337209525,0.9009206943649153,0.8311904649445598,
1.3011043932320638,1.2878101468709127,1.2463514426435012,1.1990475226222788,1.1602074565183744,1.0908133847641164,1.0182595988052494,0.9487725945556891,0.9114578829141279,
1.6213566153273034,1.6119647846452774,1.6024938667347068,1.5647950362482093,1.525356084705751,1.452318792320869,1.4106240601975568,1.3393702143973283,1.2858557048927721,
1.6361273216186063,1.6014069355422569,1.5486945526121731,1.4728610696998625,1.4013993369504512,1.2988955451795052,1.2111662089890143,1.1183365967280958,1.0313343242390798,
1.3043608191264981,1.2695521877393483,1.226025111669714,1.1815617852598488,1.1167067243399238,1.0586241734802788,0.99799735675135,0.9328228441818692,0.8590963255428079,
0.8695348328195541,0.8457203336272997,0.8248342442665347,0.7919593355321036,0.7632520974539329,0.7302188582814994,0.7066876780366687,0.6785629317280749,0.6491048586116953,
1.11821280802782,1.0956810159367933,1.0594621763058651,1.0147171307649894,0.9573119444346574,0.8957017415773473,0.8285518491068995,0.7594171099132742,0.6925224921430084,
1.0420770993494533,1.0298539345797344,1.0026433044395735,0.9613128689248057,0.9249918987213741,0.8740375734674585,0.8315318744590069,0.7958333755333703,0.7643410451634841,
1.1111745400261868,1.094734013060153,1.0660446730305848,1.021528608231465,0.9726055187620151,0.923808898296314,0.8536167643738632,0.7994937541365328,0.7456370338692346,
1.1334610849889806,1.121237359946962,1.0993727100030535,1.0628462719427139,1.0294481076950819,0.9909743418886493,0.944992592265119,0.8832120677926945,0.8367802931666688,
1.1149663748507024,1.109862013598287,1.0938292511211332,1.0656750957578887,1.030765224359975,0.9871868851506206,0.9213375463662444,0.8683799585699797,0.8210165547745628,
1.2604128318693404,1.2425293998770963,1.2176315679030665,1.1830728345078234,1.1179017939707825,1.0713414686702367,0.9993611801996292,0.941283112647656,0.8944478305535876,
1.4807591974254346,1.4538155426320365,1.4193240470119224,1.3728261610700694,1.3300120388744228,1.2723422687632846,1.248462017957581,1.1772761961234646,1.1476149063833347,
1.5672930176160045,1.527030181910064,1.4716696726017506,1.3986169934871444,1.3233843788245212,1.247293835280423,1.1375058343099476,1.0217440889055067,0.8933475434473945,
1.6187397918351152,1.596529342786555,1.5396109592225837,1.4844889411748048,1.4207149352333113,1.342410020838815,1.2598619199673664,1.163678340727487,1.0923974367596874,
0.9065338558574296,0.8826240531622149,0.8618335720875594,0.8193844169695141,0.7864258787200592,0.7501026264804042,0.7044161796696886,0.6623458956492652,0.6315257595597894,
0.9904356053951312,0.9691641030544327,0.9556849105197991,0.9322117101681693,0.9124248010232371,0.8993000813404494,0.8855990639764794,0.9060667828503768,0.9339704296343878,
0.6999779472480909,0.6912965412811917,0.6804660963073539,0.662025620208556,0.6432034329755422,0.6217505397107032,0.6008760306342409,0.582221551035541,0.5659421711194386,
1.5192522952920722,1.4848131696795055,1.4483113578899633,1.3816395107670592,1.322806169713024,1.263716648896201,1.173122298085855,1.0711498558266233,0.9922045922398429,
0.903819945766171,0.887453331167293,0.864541198432559,0.8281983511746871,0.7832476760267267,0.738081183052745,0.690363995772131,0.6492584975281894,0.6092746245426507,
1.5441535365895036,1.5358895416025353,1.519619973022169,1.489357504012411,1.4344887930540284,1.3986241819228336,1.3266489316997385,1.2589111749508015,1.2494489518780691,
1.088662233858643,1.0773442416459418,1.0510308355079931,1.0024336227256783,0.9449379863148101,0.8913543376810533,0.8387547285511883,0.7895221582812998,0.7275395278855483,
0.7535392331133984,0.7439152282507461,0.7319046644104392,0.714740357089667,0.6931869567350345,0.6685368428841254,0.6453211078077143,0.6262864908935497,0.6021666542375199,
1.367282599648882,1.3460621118938816,1.2983629450190373,1.2490611865196897,1.181208190597522,1.0902060855351363,1.0244405932261733,0.9173944213198241,0.8316481527092084,
1.3415195836190024,1.3164733198243532,1.2885048083491517,1.2350185996554524,1.1687367427672593,1.113201361420052,1.0277806697800855,0.9468851764053857,0.8574544782590974,
1.5294314406278937,1.4919718090444711,1.4507568260233834,1.3797544598483464,1.3094427793210393,1.2449477399403723,1.1772040912264705,1.0949930948226476,0.9863371495003401,
0.926730173789323,0.8818707913693985,0.8253740279803549,0.7239262020527394,0.6212459984170937,0.599618094975798,0.5776339610557207,0.5599738547575978,0.5448301281854399,
1.748941431566119,1.7377875101356839,1.7070805928174508,1.6646562495473856,1.608068884817057,1.5315092589341524,1.4989904125851563,1.421599140415427,1.3874194918271778,
1.762073232040746,1.7249021897469543,1.681298830181718,1.6019585787616826,1.5324558307258505,1.4260492215994638,1.3126667548432023,1.1981479385109524,1.0888981762332643,
1.5404359911244507,1.5145093140900983,1.477179009045445,1.419166764249526,1.3440301542466477,1.2693339987654055,1.1898985493745255,1.1050816775950372,1.0403912783386593,
1.1148944251307888,1.0906939254905084,1.0589902963606272,1.0243177217352837,0.9805497000839295,0.9323929777158843,0.8791156879757158,0.8366569837579481,0.7908282372167027,
0.8524344891583154,0.8392809482881788,0.8199102727387464,0.7867533661005027,0.7634840152819906,0.723687922207256,0.6897588005518666,0.6580265158476687,0.6258321326221604,
1.2415733005882925,1.2321710691586265,1.1920168267485027,1.1614428012292168,1.10591644199862,1.0477228678360033,0.9960476765092402,0.9194811800740672,0.8732792756740468,
1.4053597660561723,1.3945867988046086,1.3796348991269036,1.333598068987436,1.2920706045570747,1.2365187662714063,1.1878442009873127,1.1289880717422804,1.1077843192342514,
1.3075044687121764,1.2815256915808242,1.2385451207937888,1.1863938312051383,1.1166888300039264,1.0658262002258676,0.9994179123610601,0.9154412654376671,0.8376294480897883,
1.4175262640276995,1.3906668130800433,1.3492376143645266,1.300406095677246,1.2461410886721365,1.189463339420216,1.106568968499447,1.017645131963554,0.9234561866852432,
1.1098558842160196,1.080613050014288,1.0458702348010906,0.9951662667285816,0.9438787425675912,0.881592166429652,0.8091524058785422,0.737944883384797,0.6896585591637449,
1.7063898861600602,1.669398346812641,1.6155983092111692,1.5410526086014789,1.4477405422476577,1.361449354203387,1.26791158155266,1.1851879144952264,1.1174375256609514,
1.1953694980436982,1.1803227777435208,1.1627198533122,1.1305772130279022,1.0906447941281208,1.036621737501657,0.9758022271532247,0.9086934668372122,0.8700384297683534,
1.3265529051306726,1.3011431034830871,1.2642284293190502,1.1991271079508685,1.1348149749609355,1.0520392172641195,0.9858872371690343,0.9223135028306072,0.8486336688193507,
0.565567404838995,0.5638196567952517,0.5622167792225595,0.5573743847848833,0.5539769944494133,0.5494740685618814,0.5461348917031909,0.5406078977619901,0.5311053971395141,
1.2481095546342842,1.2348173786012744,1.2187695055946952,1.1928496186269866,1.150127889154208,1.1090126012322108,1.075135468493937,1.041758750294661,1.0195787789562683,
0.79659172241089,0.784426850972791,0.7793101317744597,0.7676256109382962,0.7528957054578941,0.7495191525659753,0.7351858044113995,0.7331352634892232,0.7413477803496344,
1.4339613277219059,1.4042049001474266,1.3652541243933696,1.3024817871858898,1.2240857388637594,1.1505131484289777,1.0829157351861058,0.9998797422932882,0.9125882657556882,
1.3055162695936684,1.2959639265939724,1.276057761459804,1.2405221909533293,1.1980960729455437,1.1473364260479932,1.0886315754090934,1.0321475921537901,0.9879554363184655,
1.354510453177179,1.3255191640264075,1.279341390117084,1.2161324353920904,1.1478355899635393,1.072812425948538,0.9879261098407113,0.9099017817832492,0.8421354958193082,
1.7378720756669008,1.7201136431993187,1.6921413413278596,1.6315545007880834,1.5664863771339035,1.500928051819877,1.4289499924219582,1.3489165691484333,1.2245998791978847,
1.2752587351914986,1.2450281838109498,1.2146924707413924,1.1696305199438966,1.0855478972701285,1.0280924397135809,0.937701147587882,0.8618567710028884,0.8027232723958259,
1.439142710022464,1.4148399576660589,1.3612958909816326,1.3022979147977414,1.233779621912163,1.146258655773744,1.0837020214524615,1.0174652305692315,0.96151060160418,
0.6532260733217071,0.6528250633546171,0.6491447480835001,0.6417428663640707,0.6343384252756672,0.6271341501637092,0.6162773792029523,0.6075472943599414,0.6003833920948763,
0.8100959842543093,0.7984133901707248,0.7811086220110671,0.7522578981062737,0.7270303241661985,0.6992779719774763,0.6703406579009856,0.6430594624040237,0.6258439316858393,
1.20241501663151,1.195532489010092,1.1637006143455593,1.1169794501497081,1.0682622042383636,1.009981487344852,0.955164163620106,0.9271592013000742,0.8785488340178085,
1.2808685213942237,1.2572063495189185,1.2176344399799017,1.160779721938851,1.0865110967582283,1.0229354129822847,0.9640500093419915,0.8892841172540432,0.8263579778290714,
1.1625927470001889,1.1495721541657837,1.131273783067709,1.111178757717677,1.0747904184971802,1.0373838490569616,1.008586248055026,0.9785042218053048,1.0109481198346342,
1.543945997590624,1.5333091241352774,1.5095967450179273,1.4729976136882268,1.412996331749634,1.3641407880577352,1.3004006744194692,1.213861461305744,1.191661482522586,
1.0337760755437189,1.0040659326126482,0.9674529245281841,0.9276494762490824,0.8820608625934864,0.8293238682304702,0.7725719638477986,0.7209182175502569,0.6731697667851997,
0.9669396896504472,0.946887660008787,0.9275067928160177,0.9004071836194794,0.8694418589243809,0.8298540781580862,0.7949943728931569,0.7544743084752897,0.7301036951741278,
1.2929175130584807,1.2688118977640712,1.2597536174557291,1.2130410637675495,1.1754503925794322,1.1234908012313631,1.070597121454129,1.0166728168228725,0.9884147917503112,
1.7046063301584466,1.6698276740939695,1.616251410847972,1.5353767955186477,1.4668990122071677,1.3917184816255928,1.2950275407319456,1.1800978015001273,1.081491070816385,
1.5616781453534305,1.5436010417260522,1.5148219909495837,1.4824659811759868,1.4302166949748805,1.3612926092964048,1.291686200353981,1.2299895471173206,1.1564496854866628,
1.0780776663713816,1.0533324375512283,1.024570737292884,0.9826495927379142,0.9301508082608758,0.8719039155375587,0.8148386821303663,0.764972267987477,0.7209962376832675,
0.6724441784173115,0.6669989230894992,0.6620498405897481,0.6510416011697227,0.6389117112361302,0.6259356321430876,0.610424682141226,0.5956525663964735,0.5811419388847049,
0.6025446558157813,0.5952065439600158,0.5926140100887999,0.5850697416128399,0.5790410627153533,0.570237031841264,0.5621374243160872,0.5518422306207029,0.5325352182104882,
1.5936496520203653,1.5666640881560994,1.5404826800131453,1.493176371021802,1.444110228598918,1.3883217594541228,1.3077959879238856,1.242085254560436,1.1449112511272874,
1.4211481353062607,1.3987407086409906,1.357730214279496,1.309887536308061,1.2401410465080214,1.160799825034268,1.0830239254954295,1.0056924915102436,0.9178503163457785,
1.0221415277253532,1.0015505665990914,0.9808618829125973,0.952604444107663,0.9209497375405119,0.8814015035017616,0.8420460930663752,0.8050669870444249,0.7686099305952244,
0.9934991291881794,0.9745448916885354,0.9458715365877923,0.9083310346808613,0.8642249555632391,0.824707233277123,0.7720727029995508,0.7291072212681284,0.6882781189710969,
1.582698031787543,1.571558834038518,1.543707517564453,1.5048013873976829,1.4507989376238142,1.3982839958778133,1.3346093063048248,1.2364917909804625,1.157995296360339,
1.3748270780720429,1.3517660691193107,1.3114576414706416,1.2565503565618912,1.1958457232744246,1.132479634997974,1.0619013443168501,0.9843912279084176,0.9161204781193156,
1.3289830714071642,1.3078415802973034,1.2710586014168046,1.2160301640101618,1.1437372909284937,1.0856788516286924,1.0146716182684654,0.934952929457447,0.8755866285593136,
1.8167128585934849,1.792317475619268,1.7273563989721714,1.6587540338873894,1.57778149789278,1.47843366896422,1.3900785919818446,1.2958326935000395,1.2342655395032502,
1.0840787737930493,1.0555106101539906,1.0114908792973671,0.9474312031799189,0.882624229762371,0.8110836717045417,0.7332058012082848,0.6648783266482455,0.616275013431165,
0.886023714995982,0.8814667772787798,0.8723651345767913,0.8552124951064253,0.8312961409818075,0.8080160312037704,0.7794091500193235,0.759145967403617,0.7314107534298595,
1.1867854602978118,1.1645533164361188,1.1358870050484255,1.0909842877851583,1.0424134342010691,0.9862645202590349,0.9242292734566019,0.8722768959495988,0.8348781160198144,
1.0954162754046965,1.072484880592533,1.0385424827782939,0.9879321267008442,0.9336552336014691,0.8722206457260056,0.8126426377777312,0.7499021310667439,0.6918326553696311,
1.6729322358156768,1.6410312400480422,1.584672594864181,1.5011702119781198,1.4060931389720954,1.3023929779863108,1.1813761636359645,1.0785914790466387,0.9726207526325302,
1.0330222545021672,1.020892470689156,1.0009364800319895,0.9736073569908775,0.9391135993431579,0.8996847924550123,0.8604796682063158,0.8267606479784849,0.8096692580188788,
1.1692923942222144,1.143339218430222,1.118010574445184,1.072012857652712,1.0145362405738565,0.9653923053187565,0.8956445765942226,0.8190841490466122,0.7601021012001378,
1.3255619553819682,1.2983958793792012,1.2647447243014696,1.2234596008952137,1.1758383495140445,1.1181137774533427,1.0585748713337746,1.0054208346839495,0.9802845119139766,
1.1595109147055085,1.145984702724002,1.1378842615638882,1.1160802083257089,1.0891714281585283,1.0604173157420849,1.0261559432907104,1.0011783363897764,0.9826796969521109,
1.7407254466056044,1.7095747341620793,1.6791201633269237,1.6157334398244967,1.5544865012955398,1.4873973688012574,1.4129271541354222,1.3277706865301777,1.2617307952101513,
1.4057765436061738,1.382369718004634,1.3528267781678716,1.3059625321937074,1.2594949597952065,1.2011204161475992,1.1361830704631979,1.0776711212311096,1.047049928630473,
1.2909628648609803,1.2791235722555518,1.2588104173179484,1.2217214272516603,1.1987055908979665,1.1486068479947993,1.113566146129618,1.0703241249197477,1.033827427479655,
0.6486311139744578,0.6444661547971786,0.6349764663783573,0.6230493119033437,0.610761994191748,0.5985639928245723,0.585208152541532,0.5711118128428776,0.5572288105397988,
1.0429997569589784,1.033077439569337,1.0133564427328752,0.9817763034208637,0.9431732968606746,0.904939037637143,0.8516832113258601,0.8057177540270284,0.7533433429486212,
1.7081502684755876,1.6895002881411219,1.6685347906175947,1.6251396066190245,1.5695444726715349,1.5186064408717,1.4392812885052928,1.3317169510738345,1.2605593107807096,
1.0163129844640857,1.001281489065292,0.9667439832612877,0.9230783648265711,0.8732458687257196,0.8326275180899958,0.7872122077532457,0.7474419906164362,0.7131845985441913,
0.9165659492372416,0.781482358865444,0.7468167092399193,0.6703182428164814,0.6614459235598442,0.6527601473032781,0.6464128466236005,0.6394176592367811,0.6336353069056144,
1.2429909892948416,1.2185990032578196,1.1828117116589532,1.126855901112851,1.0749426252312133,1.011647601867956,0.938553684214829,0.8662728958658013,0.8016527741806606,
1.0582146555912402,1.0465487829968185,1.0269236728002424,0.9984778518928605,0.9632294388409487,0.9304517563152948,0.8974170385851089,0.8641485252905425,0.8369111579407121,
1.0196718618806224,1.003317977186305,0.9783859718938376,0.9426940606557432,0.8950201118908542,0.843303511200276,0.7965330884166826,0.7456649480301538,0.6996881331174235,
1.4285778784945657,1.39837969631674,1.360055241295646,1.3072316781023978,1.247668003509183,1.184975951956738,1.1180023464406272,1.0545296203244086,1.007177422540021,
1.522587358367678,1.4908228480498265,1.4445680074772247,1.3781120077190723,1.3085868417874273,1.237766148230391,1.157303073743955,1.0837095598994284,1.0171442510028037,
1.1584095374462329,1.1430684144236591,1.1316671577626907,1.1097985208005872,1.0871976526452565,1.0629473112049332,1.0518900080248677,1.0356836921581833,1.0385204852140382,
1.671566025278164,1.6278464950261227,1.5622697699630665,1.4845837574341696,1.4107356393499522,1.324596188469546,1.223840490708292,1.1125209601860464,1.009750281250084,
0.9677329485780926,0.9589655539653662,0.9366119736707955,0.9048977380590366,0.8663219988819484,0.8243379880194367,0.7821160898448598,0.7434526351068564,0.711560701378358,
1.2422411971755765,1.2151279788611937,1.1851133127057405,1.1399248711696848,1.0934765384015057,1.0315682455444402,0.9599855468123547,0.9012125376804893,0.8608100810109555,
1.2646300986908994,1.2423196124922067,1.2144424914995813,1.1688831108066682,1.1242505013891617,1.074471002520053,1.021034578805538,0.9441024832807672,0.8846399977849997,
1.5832289186535822,1.5649111862982705,1.534451693804489,1.4814762705504323,1.4311468643454421,1.3584744083342648,1.2697648512933641,1.1913307952631036,1.1319512565389602,
0.9894984548514292,0.973609861031349,0.949188053023633,0.9102478698701373,0.868370045412098,0.8229011425414353,0.775825253459368,0.7335413965901343,0.6927892525074363,
1.3277874295187964,1.3072118270796262,1.2770781283541817,1.235784596818438,1.171000053979153,1.1113645091495885,1.0360146563039856,0.9655323289917088,0.9012359420458742,
0.8887613620757516,0.87461458598431,0.8529013707481701,0.8267636016080251,0.7972524115005398,0.7621194110496301,0.7276191798496641,0.6919864781763505,0.657876838698404,
1.1683793766240298,1.153956982961227,1.1123517410913448,1.0711066955134878,1.0122800396357234,0.9568849891819801,0.8924109275798,0.8327648813987198,0.7852960868243315,
1.5929944554181705,1.56986527886225,1.525447964173073,1.4567654067230122,1.3959416696298372,1.317114643973567,1.2319356741444767,1.1418202953500616,1.059788970952347,
1.483149115162671,1.4595298851678822,1.4239906082280749,1.3549190848085624,1.2786825172239964,1.200921768835081,1.1165035801976522,1.0357388163928734,0.9522164990646765,
0.6342322329391841,0.6284892516926425,0.6195239449727521,0.6068748260806137,0.5911950491346485,0.5754687596448921,0.5642672889111291,0.5529309951834412,0.5401925728520973,
0.863619539629164,0.8498974174709698,0.8306149610142739,0.8009510524815617,0.7730514744602407,0.7422374877163341,0.718562668973235,0.7051907684679882,0.6674594712823996,
1.2590940751412913,1.2431432247866503,1.2200999785028783,1.1863094360953021,1.149284384673626,1.0995492793051538,1.0403302114948016,1.0023638033261955,0.975999288033275,
1.753173534600142,1.7241457363382426,1.674843518139162,1.6152122361530077,1.5397944763813463,1.4582013916398902,1.3785974578335918,1.3106427087495511,1.2634402994749059,
1.2595044274020812,1.230538961206984,1.196711905046533,1.1455504430509094,1.0922698321931035,1.0407656360239146,0.9754792362169605,0.8946112138103293,0.8112430350637058,
0.883846925267853,0.8684981160296247,0.8465973174154736,0.8154125436522873,0.7835581058968581,0.7427951475561663,0.7027458860296032,0.6641385829753529,0.6333993071207268,
1.7184674954335986,1.6803944408892104,1.6147824216290576,1.5224004797905248,1.4334639717835276,1.3326074732020754,1.2435920988605678,1.1471794008566931,1.041982025935602,
0.8975703003122435,0.8831536639689558,0.8664099356766591,0.8411945122201325,0.8193999849641387,0.7884535774904529,0.764748235781263,0.7339224576843731,0.6970694167395897,
1.2743196977470437,1.2600727904027857,1.2314366981554183,1.179948512679912,1.1282722030135823,1.071566554800813,1.0043003273811513,0.9496994262514805,0.8980116299343528,
1.1894938696856203,1.161508506690322,1.12337798184915,1.0677061721267185,1.0099198537978253,0.9476128281157619,0.8840196558620811,0.8115392524701855,0.754970352502788,
1.0580122369442508,1.0418125908517981,1.0280430132486682,0.9910592244763684,0.9497159607715807,0.9059888356922292,0.8602783037357802,0.8033326646852647,0.7445227236632023,
1.387431392693278,1.3648488059864745,1.3277965997263472,1.2699675682995766,1.2154931374911133,1.1331674451578175,1.056695434676533,0.958088945868756,0.8638844644803582,
1.5211597218521338,1.4971892763588677,1.455701598512635,1.3909712595329804,1.3251825148537806,1.2466701380254355,1.1606451208101094,1.0503136387464074,0.9571461433974204,
1.613401296436511,1.5805180195797595,1.5336486018717124,1.4744394133252594,1.4029648935988914,1.3112496077701254,1.2383337133251038,1.1582877456441765,1.0743057544404495,
1.221691549870035,1.1972485777809414,1.167787626152231,1.1206661442448078,1.0755586860378556,1.0137075100880952,0.9567152850069547,0.9125246994219964,0.8804292444024169,
1.828466736708697,1.7966421811263045,1.7532556888790254,1.6958616340413504,1.623681754536781,1.547448938080696,1.4536241963263548,1.3562319310228048,1.2712189213098324,
1.0374875551637452,1.0222317650660662,0.9991977125984742,0.9672181727265413,0.9338101201070552,0.8949054071608601,0.8622794018750368,0.822438846466951,0.7908038429516886,
1.1572025760493445,1.137703447699852,1.113326198282649,1.0806868690980989,1.0459917007220605,1.0067833603114118,0.9801814783324497,0.9606041285566718,0.9438235339917774,
1.4116860547399495,1.3944970914093757,1.3518483859739598,1.3028020299531125,1.2542227323772852,1.1883434200667957,1.1095507016392736,1.0440548402786742,1.0006967435521419,
0.7136107917035244,0.7050945103043764,0.6915854117335647,0.6722373781809192,0.6504687489320282,0.6263013318223684,0.6026760163581806,0.578499524200567,0.560227970102201,
1.4596570138510727,1.4494182415809052,1.419510030736803,1.3742999045560105,1.3109164152971928,1.250066157527911,1.1815128274464555,1.0921508295339728,1.0359356533347137,
1.6615386269078012,1.6289308177452961,1.5692151711205438,1.510057147054236,1.4342466149026116,1.3522054636628686,1.2642627587787703,1.1765374235942516,1.0864439402666797,
1.312337451051675,1.2943790220580242,1.2555806229719197,1.2013251649513481,1.1453115358574568,1.0786017374633878,0.9950444857982571,0.9415039854234204,0.8787071794233408,
1.1795937173058435,1.153939196629393,1.1151660050400953,1.0696376322514787,1.011613397685319,0.9557731470567216,0.8888434609948643,0.8291347858407553,0.7675568587163499,
1.4064880842953722,1.3878576516457388,1.3508419092481108,1.3010182674565824,1.2520269627597365,1.1827313191968671,1.1158187184408639,1.0574536031882134,1.0025207991137939,
0.832274235163075,0.8213331621103288,0.8091588122922543,0.7914162652062072,0.7764133979156846,0.7592840170087859,0.7472247051857315,0.739398121477487,0.7333613118855654,
0.8590566740709105,0.8519516570316336,0.8392125453610467,0.8271304273727962,0.8142985754684443,0.7961124298682647,0.7889604308179852,0.7891443945874277,0.7835176228786453,
1.3438840435855675,1.318607007111111,1.2825802271081177,1.2333874826304831,1.171816795857908,1.1031123590774956,1.0281019527307467,0.939503135361687,0.8744404604787344,
1.3931885179025871,1.3660622809158043,1.3243340478960166,1.265432067405304,1.19257185268949,1.11869438446097,1.0240802988774282,0.9306379702843839,0.855430544389877,
1.4408709851015156,1.4106436133684737,1.3633709623318064,1.2993596071690021,1.2332554221920653,1.147621505328334,1.0534300427548653,0.9647012882315251,0.8644981447638233,
0.6247774457938723,0.6201883706228845,0.6128829269950233,0.6029009795665333,0.593080781985736,0.5803827278126182,0.567052628080167,0.5544428198969263,0.545267702362396,
1.2284048180946,1.1971668757674865,1.1665744384772712,1.1247739857971006,1.0783841963939749,1.0262241332995756,0.975370017694249,0.9213495896542405,0.8758389825044002,
1.149020747638588,1.1354011414788372,1.117314717102935,1.0854849727379918,1.0445167860255666,1.0018673110216214,0.9571441820211184,0.9002029183590168,0.8649190089942786,
0.8769235450311585,0.8357566232476702,0.8147863859274547,0.7946837369459248,0.7660322860728379,0.7153594096998287,0.6560345877147287,0.6270799888323735,0.5976044977828624,
1.1056898661136094,1.0873139224072828,1.0666661563722573,1.033647480001419,0.996011260979893,0.948369893822632,0.9029286595713345,0.8514464102370668,0.8059340995373624,
1.0149854535883533,0.9918368565150598,0.9624641772721855,0.9151052720114695,0.8726160681280901,0.8201019462491146,0.7591005440325039,0.7056166938266173,0.6604270703149633,
0.9061003366121287,0.8938693977046834,0.871549912341198,0.8458424463228766,0.8181832571557311,0.7914283241979561,0.7659542403392587,0.7511675530890889,0.7317642796330839,
0.5827922101356016,0.5790742697829953,0.5745711428086049,0.5675305787519034,0.5608760583499023,0.5534493127138035,0.546336772485795,0.5393621014563365,0.5321700730236218,
0.8072065029486367,0.799198944244952,0.785630405628182,0.7700886200999789,0.7498358038988162,0.7273539439991252,0.7065927800209073,0.6883846668746206,0.668891474635273,
0.7579616867989583,0.7518576178245414,0.7435674039147383,0.7252043019058014,0.7045509299855903,0.6842594162309145,0.6592962435633698,0.6334944849946769,0.6087214438619272,
1.4523526701016194,1.4307189610055564,1.3980626031375567,1.3501588252965981,1.2897465798344856,1.2218749655755201,1.136230666789889,1.0652781689015094,0.9975220305684882,
1.8646406448740598,1.8444308550338775,1.7997810925271227,1.7306380763370703,1.652165321799667,1.5694611015307152,1.4935913980626203,1.3849649032444384,1.2776497812478498,
0.7196361602637193,0.7163507831902474,0.7053029256582204,0.691809357705109,0.6753858959984623,0.6578410349863315,0.6377822659328533,0.6176592024214852,0.5985629015303686,
1.1288484662817007,1.1066971177324199,1.0849103546020349,1.0537284720611717,1.0125106885867028,0.9670020050253901,0.9375421985663743,0.9017443526934632,0.8683596735001634,
1.1672193614498791,1.1119723385398168,0.9461055168787869,0.6302774375030715,0.6230892522581438,0.6129241311221565,0.6011851028481494,0.5875968572654475,0.5726625354366585,
1.2921663632298968,1.2655032362341962,1.225697753766285,1.1768736946010414,1.1288288756021803,1.0667696669618538,1.0093160029035508,0.949555882904111,0.8910889010742519,
1.496304237812958,1.471158472711144,1.4230187202442628,1.3747489719200137,1.3026887035399857,1.229900846412693,1.1684620905390115,1.076947559607063,1.0292652707150454,
1.3431062874677644,1.322739001500833,1.2974166425343856,1.2444190910084745,1.189507571152931,1.1372929564494585,1.0623986027313583,0.9903593369622397,0.9409961342609857,
1.6129511807286965,1.5819638848951278,1.5215770285246457,1.4493675204286296,1.3750829670204685,1.2802015937119826,1.1833480365248639,1.075457870980038,0.9900206399504421,
1.1157144003251773,1.1004758018041658,1.0816894652414117,1.0466181902871954,1.0020091561321987,0.9650717849037602,0.9050320757424198,0.8633082548833168,0.8189941409740125,
1.1756116707547595,1.1483364358433568,1.1051542230736342,1.0565739088695225,1.0065238175105138,0.942082748341892,0.8879658579941898,0.8294733916373128,0.7740961956498876,
0.9180306221378571,0.9074463071583446,0.8766567591440823,0.8432029080194353,0.8049949740467929,0.7642815168461398,0.7239632360572944,0.676502390652382,0.6357315423331354,
0.9390607289669819,0.9230790292906786,0.9075104519094278,0.8789973563870915,0.8527539873779341,0.8201259778418669,0.7913718901687079,0.7562543468615961,0.7331642344606965,
1.262540218026185,1.2314634915989464,1.1963426510289097,1.141317583942033,1.0823908082375444,1.005499156082938,0.9122803152711347,0.8426160637774481,0.7797554085456769,
1.2421856388712478,1.2244790359077402,1.1894226691202956,1.147653668976658,1.1018407396540375,1.044572088518609,0.985006280580346,0.9417014389018113,0.9131261931238687,
1.257493087501624,1.2481034127485338,1.2233870731346297,1.1839352465263668,1.1318177883824374,1.0725539918315286,1.0168664373279999,0.9606264146513103,0.9186960667644507,
1.6630211366958714,1.639123431463291,1.6119953777356406,1.5642516765504864,1.495349311824403,1.4253052412426712,1.355207365060486,1.2590613643447395,1.2039577651033335,
1.1983984508060954,1.184015377027892,1.1696211463098811,1.1326242203378565,1.1005839483247104,1.0614203350743185,1.0228508040657391,0.9950119403248553,0.9719985520969051,
1.2761119832741508,1.2514332585552461,1.2155138132384953,1.1638099012884084,1.1092557613615939,1.0520088775107284,0.9839163588000589,0.9250277750944305,0.8727727841875978,
1.0593724724029372,1.037084809400979,1.0024957263097514,0.9585528995936196,0.9058206995703498,0.8572986556207486,0.8017597494905081,0.7532463746263542,0.6961095357237422,
1.181074153068302,1.1587522204232061,1.125581842474627,1.064498617240792,1.0062382850923473,0.9360346489112495,0.8640424880036184,0.7895135038942683,0.7261025889404598,
1.2151840992066754,1.198245883199723,1.1652726085723237,1.1193000629990226,1.0605501426033337,0.9964019624152135,0.9137782748105902,0.8661268148627435,0.825658909172046,
1.6416942280926037,1.6251369649865395,1.5967697124820772,1.5497727275877105,1.4914478530734465,1.4232675690285361,1.346426936517173,1.2437939373865639,1.1874209311312958,
1.530899736102604,1.4987785358050791,1.4653034153785212,1.4170734182909033,1.3461872654385663,1.2816383037283083,1.2129358536875696,1.1360691990648402,1.0786880288220877,
1.3402010482977158,1.3043496512607222,1.2602114976158405,1.1964473165215757,1.135588819437017,1.0624497862374367,0.9790432170445773,0.8943713371142882,0.8160824178096775,
0.7688774032372848,0.7604890398449157,0.7498779720513647,0.7326688852337921,0.7153010463481615,0.6936183133647338,0.6719921556182702,0.6530240702629448,0.6314803391903991,
1.6432953671446273,1.6141915658567965,1.5654652352581298,1.4883172256759476,1.4085269772180877,1.3220503862749258,1.2377134940981993,1.1307813224548393,1.0203691297791158,
1.8914377884782898,1.856396904459536,1.8049927862352386,1.7412255800035659,1.6589045059019996,1.569624861388828,1.4608611327860546,1.3601165588213724,1.2524316110377745,
1.0811523845952191,1.0618884614945823,1.0402615268697994,1.0091585193640913,0.9676416057042135,0.9225085856732876,0.8711635156579648,0.8310736228149194,0.7934774965895334,
1.4228237027589288,1.3926893235644946,1.3527073577013202,1.2921920226572767,1.2267622807501115,1.1505427011076599,1.0910721120511617,1.0034100062341165,0.9171387763817864,
0.7725186506053128,0.7032937814749893,0.6585585638130151,0.6191128157032812,0.6050530031870457,0.5865837198835705,0.5719137311047847,0.5563432654111056,0.5431393072081239,
1.538401063958151,1.4960655879074827,1.447983185692561,1.38713487680708,1.3145178136949693,1.231050487101255,1.1412051240317882,1.0496165766361893,0.9633338402527538,
1.0242316015113724,1.010648604513956,1.0031172874580778,0.975448549547124,0.951915224523747,0.9189779867317779,0.8858911556092701,0.8496491028363663,0.8200709792326881,
1.2593668346178273,1.2350133502915703,1.1976456939836497,1.1401996660971,1.075166507212892,1.0021184628486473,0.9058455327314902,0.830881513367628,0.7617254692559068,
1.583360037716894,1.5594587196082517,1.5283378534979624,1.4754605592148733,1.4270385054664683,1.3680491977993225,1.2877420802813757,1.2049402839269117,1.1647664288115713,
1.352505041367178,1.3253828139044768,1.2801335736913473,1.207082262838927,1.1369560364691107,1.0658655159035755,0.987905996496811,0.8988087903266212,0.8155407313518965,
1.1601878348195276,1.14594503628388,1.1250403635705493,1.0871928008264178,1.046905325597644,1.0022396409674545,0.9451443835681063,0.885168787238853,0.8476455159586032,
1.401645898103014,1.3789819562747532,1.3543251626059585,1.3024454053552605,1.2487466690755389,1.1896685102875202,1.1324387445153172,1.0616786906800215,1.0250219825364397,
1.3530239748014201,1.332819576026988,1.3119456264802083,1.2782366651022765,1.2298679280209186,1.1891228720052156,1.1444666758015443,1.0953854939291259,1.0675407262868146,
0.7905993219046675,0.7808852339033873,0.769418023868396,0.7510995505153008,0.7269538694620811,0.700632595296988,0.6756320697697871,0.6457217486513267,0.6170086015511032,
0.8559114315955169,0.7589706170412989,0.7054242923497851,0.6929356411660484,0.6770031650367434,0.6627334404143183,0.6490375773912027,0.6318872515557358,0.6170261957347188,
1.3021337571297928,1.2796677433788926,1.2387246412186945,1.1903377896073495,1.1306563526101399,1.0601958428356542,0.9838308970241587,0.9043066186079546,0.8380045750587374,
1.0364513741786285,1.024580000892321,1.0037689133730219,0.9733608617394655,0.944508893898749,0.9066596562133574,0.865693868836094,0.8275167153715898,0.795783936690752,
1.5218755619379873,1.4878239256656545,1.4343707628143645,1.363236206700227,1.288085294181018,1.2050461483277806,1.128671448906244,1.031492150501748,0.9537485858215067,
1.723477559460582,1.6987596232756867,1.664530254076611,1.616326872066971,1.5533801906007514,1.4787372365477733,1.3948006170925051,1.2941837301485446,1.1971800299858635,
1.4059145571257148,1.371741704547935,1.3263043622787618,1.2601621689218898,1.1877568385814623,1.0978901586473173,1.019529067137496,0.9314056110219632,0.8538160610302875,
0.9798070192722212,0.9664991690155293,0.9472821842594188,0.9116793103749036,0.8742699580299854,0.8339508347414576,0.7811834431492536,0.7287051940647146,0.6756864016783475,
1.0641644181409453,1.0446180867279087,1.0109745018454732,0.967349064232919,0.9084821285075714,0.8478029575424683,0.7922594001146958,0.7350110312326804,0.6826663715098719,
1.2482005437413783,1.2197420075222571,1.192095987696397,1.1420684401365737,1.0924111472444615,1.0330439478146183,0.9636723334107056,0.8837016706387112,0.8057693604555074,
0.9905211350109427,0.974008133659973,0.9569129892333871,0.9237914652291349,0.8813700150922253,0.8312047758800349,0.7911116078312502,0.7446570378686587,0.7049921119915836,
1.0743426084699397,1.0490988765846823,1.0309849748988869,0.9932632985546458,0.9416244320329581,0.8992390622609756,0.8596412460046624,0.8203487241181625,0.7878695350753642,
1.7502373390346877,1.7229455571562151,1.6774807273803531,1.6016473164888925,1.531953585598265,1.4338619633020884,1.3400132723501441,1.262492036431706,1.1749813473842685,
0.9301606646880409,0.9165458088409313,0.8917894547186656,0.8528515173307529,0.8085284779168375,0.763402701449979,0.718354570492532,0.6735848378973566,0.6356342335768737,
0.8647394166949572,0.8535287657015043,0.8333656852649358,0.807539699472649,0.7734732006584252,0.7408363022156289,0.700353923275448,0.6527232671880783,0.6202074757564353,
1.376728329940293,1.364718984381604,1.346187802796525,1.3147743933485831,1.2726918159314438,1.231459272632634,1.2027690430695626,1.1462172139256694,1.1038351782068132,
1.0236631220396992,1.0080093984452545,0.9794290892659636,0.9405107671085264,0.8964460699854311,0.8549393005437201,0.8090043556712524,0.7643592508145732,0.7435460571253374,
1.4203131311241144,1.4030049886533384,1.3651254463343143,1.3142558564035671,1.2573274230355675,1.1770018103253082,1.0747781940313024,0.9866041952284802,0.889254304714917,
1.533769135650855,1.5022885502652084,1.468951621163892,1.4070719165593564,1.3446540535049258,1.277933715241058,1.2013598054392238,1.1191156398603295,1.0530193045992984,
1.2987628719861446,1.2824281139057898,1.2519018358617084,1.1997175210776139,1.1501042448789252,1.0832882761400997,1.0215981553683084,0.9510015277129852,0.9145001997021589,
1.7272654497570241,1.70513860607599,1.6681793529595375,1.623264649307364,1.5663396482410774,1.5028217834038224,1.4227485390692662,1.342575985688592,1.2551645844823252,
1.099393065286849,1.0865566415795027,1.0622687268128426,1.0249406928430407,0.9831741435468007,0.9189055051021054,0.8566687689984329,0.8066731239246401,0.7508177030759817,
1.2781440572702765,1.2618273876305093,1.2432574042120732,1.20689160990231,1.168134231547845,1.110248706298986,1.0474431761145035,0.981605929521312,0.9141154024073828,
0.933399640001251,0.9156198683506022,0.8870883435141238,0.8510605558835393,0.8140465500007751,0.7756823575820246,0.7350480658960746,0.6910306948438248,0.6518737698470609,
1.1509679712085366,1.1251850614401382,1.1022896674189941,1.0734162797090048,1.03821064527108,1.0017971466623732,0.9829195465464012,0.9658070126916185,0.9615517000577892,
1.4750927405528202,1.457221762275062,1.4242937796500916,1.3724514775124246,1.3193473191782854,1.242229437410683,1.1783909238271386,1.0814578267435018,1.022879055711312,
1.0884249526825513,1.0679216050581037,1.0387558476858472,1.002269656614093,0.9541584248282652,0.9092460238211715,0.8634238601781228,0.8170238835172698,0.7634739464899362,
1.1519186019940508,1.1449007114666503,1.1227419133602565,1.0874137000060653,1.0454623371588458,1.0081316224392798,0.9611990714099728,0.9072484686693533,0.8540745877112936,
1.048456497663582,1.0254387466200816,0.9900547197877096,0.9462939338351107,0.8955725755481484,0.8443539210722872,0.7866319486834789,0.7314316808697094,0.6777911421924238,
1.6614774541290633,1.629537782116818,1.567316362983581,1.49565677036329,1.4105623550963122,1.3245861681355167,1.2014127570293371,1.0942807791588962,1.006063868492095,
1.0507496566330135,1.0292841780345363,1.0009099264322965,0.9614183163758497,0.9091878468321692,0.8566754924912632,0.7974179426478855,0.7465530001500823,0.701223959594223,
1.3457440658371649,1.3270470946665587,1.2990716683491503,1.2571955168184377,1.2030670648917154,1.1487499679373239,1.0682327458699759,0.9966883587817975,0.922433796701022,
1.378210375694968,1.3670777170847408,1.3495315827786243,1.3243604033252319,1.2988350408806015,1.2685367977025648,1.2230345873034445,1.2149006849717856,1.2417372164737572,
1.1353683130097425,1.113157011290758,1.0815138310655354,1.0372542073076536,0.9894275202998002,0.940765214982369,0.8911146119138974,0.8434070992318706,0.7985597470949322,
1.524584786977393,1.4952389170186056,1.4553323700963265,1.403386138594826,1.3424002213910529,1.2826214845437842,1.1998104584010136,1.1379385228170966,1.0847265998029147,
1.7778965232265413,1.7503183589870925,1.7191296857507188,1.6673961406962645,1.5972113256703488,1.523709958445121,1.44976550620434,1.345308697056373,1.255446565384247,
1.2436232065096202,1.2231082365147292,1.187761735931178,1.1392633492949622,1.0789696554554165,1.0136127939376132,0.9450018140010283,0.8752379276790427,0.8196893090205459,
1.1481889655456323,1.1228155941550575,1.0871057282451508,1.0403178725704088,0.9808866859395539,0.9187377803448225,0.8488318143704386,0.7734873501964419,0.7088018243788955,
0.7006296972692874,0.6969695938363911,0.6905084022923399,0.6801888984107652,0.6698268328347599,0.6553184714773651,0.644500114358363,0.6286956222632478,0.6164504307689095,
0.8220643869039856,0.816367330392718,0.7995254370605606,0.7741419936544434,0.7475597839027995,0.7141225704658523,0.6858003779977002,0.6492154451585044,0.6240414974039106,
1.457594009936168,1.4108993141305506,1.3597093539901306,1.291987713725162,1.2143966729205018,1.1295582404884292,1.0435240321195924,0.9438963883260292,0.871128815731724,
1.3211505485137303,1.3079354114346424,1.2968812112109507,1.2903682221316488,1.2676571799970238,1.2479255886398242,1.2307253092166253,1.2392430268311443,1.2996714345748652,
1.2373634838297867,1.218829821369923,1.1861240107938507,1.148461138617242,1.1069161305323785,1.051455986595443,0.9961815078558356,0.9403701115316716,0.8972046086485986,
1.4243103340272785,1.4004888047233053,1.3627989950677868,1.3189726821787229,1.253558023965146,1.1874427377502421,1.1001488459284636,1.0192443022239666,0.9746733644697485,
1.0776903488006575,1.0703479886774054,1.0517681273932094,1.0297643036160804,1.0034368014112802,0.9716371638771956,0.9393330102805129,0.916809225312765,0.9049755898756255,
0.9194983741367826,0.9062048383019278,0.8866240417343958,0.8550324723673318,0.8226845526316586,0.78762740021849,0.7615085224632074,0.7278282204291342,0.6966314281070864,
1.1109409119059512,1.0919790840851935,1.0645452030933615,1.0298531889721259,0.9903387525014825,0.9464725441504621,0.8901652868637473,0.8463782640037805,0.8099204893809157,
1.408418382306881,1.3930126753183143,1.3678988259654974,1.322032112861129,1.2673218403927617,1.218037313393508,1.149670731158931,1.0883484916896695,1.0353424122295671,
0.6952235462914531,0.683701833154948,0.670574493513259,0.6486298068693808,0.6254317107593135,0.5992880249660467,0.5771783023677958,0.5585308983133296,0.5466832694854745,
1.3339128357006804,1.3159672624520249,1.277026431157104,1.2342604067626484,1.172522364507479,1.1083832605544486,1.0519570604508488,0.9942056143422443,0.945214499239591,
0.8969532152315195,0.8904870328174619,0.8780911342657415,0.8588928485506677,0.8381781014273983,0.8143675845194227,0.7833320009012024,0.7500061234342501,0.7155234032093711,
0.9985531791076272,0.978855750180063,0.9556719344201114,0.9174748084896316,0.8792731338763774,0.8355026451113673,0.7988435653185664,0.7558517767118044,0.7240178875668446,
1.5730927521152993,1.5320315239133397,1.4767337903456768,1.4088525321510643,1.332476269983208,1.239998728223386,1.1432497273463123,1.0387860305773744,0.9370376899241155,
1.1958633535160417,1.1753844099410065,1.1404608657561053,1.0927830719095355,1.0413404396598982,0.9878666270626801,0.933386782213533,0.8683338711779713,0.8085032285943903,
0.7892174693091584,0.7767945613928052,0.7576152943926203,0.7322507771465689,0.7017694605079077,0.6799735749148474,0.6486042855310211,0.6199688991477271,0.598871097790986,
1.2878754432511714,1.2724471171709235,1.2459512457345145,1.2052757033267771,1.1541125493875695,1.0968014925012937,1.039514083193612,0.9952651750890175,0.937897640111421,
1.3291676574156768,1.311054525670882,1.2775475055666339,1.224480496890195,1.1703860803916182,1.1178315597950503,1.049810080390746,0.9989779880192425,0.9585702006196742,
0.9271509024172577,0.9169357757624319,0.8945880124377595,0.8721646770057071,0.836148713530445,0.8022230199032905,0.759289425570023,0.7278440966018438,0.7025067033964101,
1.0559727260660323,1.0392706163533147,1.0158991929738619,0.9786069626606636,0.9365030397389169,0.8895405080501052,0.835182812452962,0.7749240351211023,0.7287828994307978,
1.6887516193980483,1.6653093326720356,1.6390487056375957,1.588846335843892,1.5350209933533177,1.4622865386639572,1.4071806977671415,1.322589812581965,1.2732730122833105,
1.2427393767432975,1.2258349896702352,1.1854346365038495,1.1380516464242114,1.073303570796619,1.0151071796706244,0.9479840858998918,0.8772966444707113,0.8227885695073245,
0.7042850167677827,0.7004153431777894,0.6913467260847089,0.6793168593121954,0.6654634568186822,0.6479745869083655,0.6314636394574978,0.6143519095631854,0.5976950492096763,
1.6306910705282704,1.6013848300615552,1.5600807801189431,1.4943719693209019,1.4338423662036401,1.3583477300562241,1.286377640245979,1.2093016104706067,1.1377894675965974,
1.074267687868376,1.047840791135861,1.0116455085121976,0.9654795199253894,0.9146631707272536,0.8553599034788967,0.7941847639338901,0.7403669141305323,0.700612647036045,
1.2074521474360096,1.1806104270340676,1.1535430060013372,1.120278975445617,1.0750880503553453,1.022506167825311,0.9593690414737021,0.900428812187591,0.8598558232936888,
1.5815942570034167,1.5441819753225328,1.4973328483215003,1.4264540597321942,1.3578689224843605,1.2841735378582335,1.1983854885692076,1.1100393764016137,1.0188078615180218,
1.5011095158797145,1.4828504904354332,1.4517168741067266,1.4116410918175775,1.3574585883881216,1.2866437228082497,1.1911974177871154,1.1136201140993771,1.0395225559335122,
1.3586418719187898,1.3241084331825896,1.2878338012951451,1.2383092864269052,1.183995431783565,1.1148791923613313,1.0433511280277625,0.9708272024334011,0.9056489742317255,
1.6842322321474372,1.6558105916859476,1.6198984877876919,1.5597230423064004,1.503856142873852,1.4252630889623261,1.3637021773547364,1.2885638632923926,1.2467368768199156,
0.9346542548140415,0.9108340921138985,0.8771643984664748,0.8351334055667761,0.7935150777169852,0.7487731780026164,0.7028953915728354,0.6540679296314684,0.6068419633739681,
1.6119723281834806,1.575113871123038,1.5320067743565504,1.4761880044980145,1.4188087014205606,1.3423256992454926,1.2540919505584165,1.17340341844554,1.1031329450718437,
1.34751412145769,1.3287829130886433,1.2942342965729299,1.2559119674537054,1.206968889841059,1.1443750623007993,1.0784049994995524,1.0132140111338268,0.9507235580902694,
0.8626689883532541,0.8465262355093139,0.8261253085311981,0.7966427788560376,0.7692217082854749,0.7390751351355754,0.7051443461551202,0.6773840923851941,0.6458391647460224,
0.916251812365328,0.9103532825116148,0.9022420631097172,0.8849075624559475,0.8660832374144902,0.8380405684534125,0.8124322729353489,0.7932060761799999,0.7597253839430853,
1.2875463948596595,1.2560901197054828,1.2190174073900109,1.167818188777784,1.10393353385334,1.046949176651813,0.9743868910422956,0.9102034476735815,0.8347180789992621,
1.3977973278763185,1.3812029044680423,1.360551189034325,1.3291895863995142,1.2830354736054819,1.2456508855378252,1.1938233939830365,1.1584473470337442,1.130362965873451,
0.8167460744845021,0.8009323146690029,0.7816645862733697,0.7554321503386097,0.7263354548370585,0.698385810755874,0.6669924480464623,0.636894875608005,0.6104492452980589,
1.29496149924178,1.268079654228531,1.2222904422117649,1.1578142312703719,1.0913070980311221,1.0208517045808594,0.9420946101320067,0.8615831331304609,0.7956384465650272,
1.04726744032029,1.0377790382726457,1.0156776207837295,0.9809006464006268,0.9465985896316804,0.9080068127840067,0.8609100411296954,0.8305669420022059,0.8105055375134383,
0.8808912415179966,0.8711407117786688,0.857654991992857,0.8373256328721348,0.8088407014792444,0.784198192354537,0.7620389245275745,0.7419938220530973,0.725411377539681,
1.349536353453554,1.327827004957877,1.3007661419567162,1.2549690929450286,1.2064928502030088,1.1572761900890178,1.0937366042806793,1.0306887096809754,0.9715366493293951,
0.937383277551354,0.9320144924215374,0.9268824348509005,0.9175341122670635,0.9004424709100501,0.8821361357902021,0.8770868114852391,0.8699370027570548,0.869648629977087,
1.2348411792097869,1.2134959821595301,1.1849608518059322,1.142553166872847,1.0900172283747112,1.0315021312527464,0.9669329957496564,0.9053555679109168,0.8561822432140836,
1.4740540337926666,1.4519645612535566,1.4130615890707878,1.3647205476612945,1.312443306217584,1.247620679228595,1.1880297588894961,1.135923631431741,1.0730932471665147,
0.91312118039959,0.899353066866386,0.8821291684046297,0.8476901410708743,0.812694868753029,0.7845461293927354,0.7451102909809764,0.7071409098370132,0.6815993011268158,
1.4445883728652797,1.4243656351595366,1.387774239291896,1.3377224277487803,1.2844052035219995,1.2183775619738122,1.129946435097111,1.0504705409920794,0.9789366653759323,
1.8153435192328993,1.778416724393213,1.7328138085140512,1.661176819656107,1.587349777244687,1.5162095108345233,1.4256514105499563,1.3529141618931322,1.2764160329916132,
0.7822615142361411,0.7728626794877564,0.7588440174796645,0.7363369523776582,0.7115182853157378,0.6844440651413177,0.6587735406953823,0.6336690705849852,0.6102254532111864,
1.1267772729358088,1.1021493548887584,1.0759242886870883,1.0322837826892122,0.9856295036652079,0.9320522782610303,0.874591920440545,0.8155625325062432,0.7691846571508439,
1.5779084131850425,1.5487374700352143,1.5105226978909239,1.454731970882329,1.3913394021008108,1.3176649310205193,1.2312614132161006,1.1423238348840519,1.0620184084541828,
0.9954520297796285,0.9795819965392503,0.9575638785369552,0.9245223269858174,0.8863096047156201,0.8482562198037056,0.8009261864836069,0.7583592132077324,0.7276721153536949,
1.1532661226940841,1.1306524033538234,1.1012181582054177,1.0667647149091144,1.0140563691062379,0.9714886686323386,0.9227198854141212,0.8845232542717616,0.8554789374867604,
1.4721563844408605,1.4442845418402013,1.3955707586252872,1.3418504608466895,1.2801882351991662,1.2098213088358543,1.1369929203340543,1.064966098224083,1.0131543296907353,
0.918330474138617,0.9058849549005414,0.8824779302515311,0.8480446187527851,0.8156662562027108,0.7790785311395245,0.7368028144809666,0.6936321030458212,0.6626952000437714,
1.2056858335677856,1.192171864616981,1.1662421103980287,1.1238705240270097,1.0799839405771117,1.0254912173380222,0.9683050854460049,0.9326074361843548,0.8941739043407244,
1.239317888046129,1.210036790198656,1.1799881864000605,1.1273156934825215,1.0724240702514625,1.0048799014768894,0.9375734478519141,0.8622684174984739,0.7945706866969727,
1.6725766685492935,1.651388967386284,1.620305112412787,1.5745957664905377,1.516395983247629,1.456421981600343,1.3839761422082513,1.3219849532981973,1.277943923238812,
1.0777706091992876,1.0568122258993649,1.0264855550973992,0.9848227427279054,0.9342524977291382,0.8778696221237077,0.8144050730447548,0.7508920047869058,0.6946676103136308,
0.6728146591871065,0.6676490615354954,0.6557387103403647,0.6390584357669796,0.6201970898603477,0.6024920172744643,0.5875774355468222,0.5757110739756871,0.5665564029958342,
1.2211729619845468,1.191504044864681,1.1504510563318082,1.0982791230185946,1.0389871748394044,0.976105187377726,0.907413351353244,0.839344444598051,0.7751310669108312,
1.5677767758779386,1.5377353659445885,1.4912065837219168,1.4301387604965299,1.3639518010541662,1.2817304997734646,1.2067007338982212,1.1230356339979852,1.0543191939253256,
1.5507069263342124,1.5238751160866255,1.4843959225299772,1.4250027394848779,1.3580705006955394,1.2747637117169794,1.1865532102237366,1.0934146308593609,0.9950749699284152,
1.1011822078526081,1.0723856573040997,1.0385809868933509,0.9970159743226663,0.9489819100912539,0.9073095659003148,0.8535420802985872,0.8031790486708756,0.7450103044051982,
0.6529286648261763,0.6468475913205055,0.6356873922669399,0.6155954426144643,0.5907882658042929,0.5676108325176306,0.5499917053341221,0.538577155874352,0.528010323430375,
0.7971240365670892,0.782173419567083,0.7840360860158876,0.7741581749967996,0.7571782734213854,0.7383336367069083,0.7182684654593201,0.6972133185612364,0.6870247095376137,
0.8812021008444378,0.8726650112007038,0.867848411137601,0.8489601131214793,0.822143167914825,0.795876324423267,0.7727692311676291,0.7446717077947537,0.7380332137298455,
1.3706357906115958,1.3431254008481255,1.3093726093598488,1.2654926953728036,1.192285847605171,1.1010454009313475,1.023893319490311,0.9596370754479637,0.911315541151411,
0.6493319596417211,0.6460738619675859,0.6332377164593257,0.6200094367166255,0.6058233673769835,0.5848655495753168,0.5648843114460717,0.5524827228802096,0.5445306740025194,
1.2411233244697597,1.218435709494542,1.1934866597277247,1.150716377541786,1.0941863395526952,1.0342933223873136,0.9680282643874722,0.9133605578368904,0.8752370416093116,
1.3472816928089715,1.323582281242263,1.2998067417838695,1.2482794959477952,1.1871067594316034,1.1222162262573314,1.0653937659336798,1.059442651451067,1.102194106681664,
1.4086639442491766,1.3795571174808958,1.3409760217455637,1.288731329394863,1.2286240159586788,1.1601545535562987,1.0987326771517385,1.0810213384674305,1.0635800058433593,
