0.009560028484260765,0.027490842934238823,0.04698922108275352,0.06470922073408965,0.08784168057810332,0.10401157449216986,0.11400246387875704,0.12758680387506222,0.1452764825494212,
0.015592784765959676,0.03804115412512002,0.06068096352203987,0.07976926296167956,0.10271847450875703,0.11890402181712707,0.127751571562456,0.13983805182343775,0.15574865811099373,
0.010711749996134758,0.028320069769559808,0.04614747687421017,0.05993062731726973,0.07528263002812373,0.08625666971249407,0.09133478176779676,0.09994893840048627,0.11303907032606184,
0.010730799455650137,0.017402537018524452,0.021962082065789087,0.024338165747051874,0.02609690849784528,0.0284514183192499,0.02968620335239021,0.030325692900942332,0.03371168610624097,
0.010276991415396487,0.027073985737278605,0.04407122427126178,0.0579806359931583,0.0759339768130412,0.08790852523814169,0.09513987287102739,0.1047872564243063,0.11782740762121807,
0.013151297989943656,0.0343379752215175,0.05506217253169624,0.07199469736848686,0.09108251900847181,0.10420885203651163,0.11201708401199358,0.12285860244715609,0.13722944342465607,
0.012768817688991985,0.03679958954146433,0.06357526985467389,0.08538960698566699,0.11078329841227531,0.1277127200467523,0.13751890144472864,0.1512633073642884,0.1723771293976277,
0.013600136565108372,0.03178600903641549,0.04935819858517042,0.06194196032940893,0.07650101850741173,0.08550486060815038,0.09197420247341782,0.10130430239558734,0.11289237021547473,
0.013501687322749286,0.03592261931064177,0.05975412942722283,0.07938784280047108,0.10334846606573207,0.11820791731908348,0.1281451564387551,0.14014450042571255,0.15545760257460192,
0.011007659724330845,0.02567075314806937,0.03963611397394242,0.04942437487743054,0.06030412447471385,0.06759932293987854,0.0735604922278892,0.08056998486162197,0.09493006016667568,
0.01173718409316585,0.030804018668876023,0.050038255765107585,0.06638340623190087,0.08589453348351145,0.09812548208914666,0.10482241125338677,0.11519395374358167,0.1288535545878506,
0.013605734489688336,0.03654729122974217,0.05988521787393738,0.07857230566177,0.0993769783557827,0.11235649834696154,0.12034858899162144,0.13206412592791683,0.14877811180229863,
0.010341413642363045,0.028694989391463355,0.04901036736535998,0.06569324729396238,0.08581885957272273,0.09977900481237453,0.10721613802988658,0.11872821031144958,0.13436488895864493,
0.007635328830946089,0.02394713002467459,0.0414348666219845,0.05805400170711384,0.08079362430474464,0.09678275616712657,0.10723919749926003,0.11961681029697907,0.13837423364352833,
0.012059369056545498,0.031639343989413926,0.051053077247431494,0.0669171321318638,0.08486781122564578,0.09583386064987759,0.10115931818660666,0.10870121307609165,0.11769147588404762,
0.014692205148402417,0.034202157838985066,0.053697839900994616,0.07098497346632195,0.09335783177825958,0.10887605150964336,0.11731140136068359,0.1296493300305107,0.14441567537081926,
0.012441626803140572,0.03176920506986736,0.051640292988654656,0.06929656952070035,0.09132922225170036,0.10621989300293623,0.11650135220630937,0.12834912991024142,0.14187507037121527,
0.008030445632854521,0.023758122035569543,0.04027178022322986,0.056247368414709425,0.07567673168236252,0.08868032965924771,0.09679619007891739,0.10698246350434036,0.11985553242799267,
0.014593392195038302,0.033315980017294716,0.05344801749694836,0.06917567733380699,0.08845188867987293,0.10162281368483565,0.11081109328107336,0.1232113658260962,0.1437459209042302,
0.01352551884742615,0.026774219788749064,0.038044464730605625,0.04609924033994662,0.05652196778941488,0.06349664812581612,0.06943824150951629,0.07552890382359691,0.08829247179143368,
0.010396520715270306,0.0287951136306067,0.04697228488481108,0.0635428625212615,0.08335674545903622,0.09651583624676459,0.10528125313403203,0.11634040116557808,0.12867496206979115,
0.014891022697265626,0.03821256348996316,0.061494060016205936,0.0807800758699866,0.10370405817880565,0.11870876801984191,0.1273746785972419,0.13864690768728669,0.15345746123813117,
0.009791321479185822,0.015985882465935634,0.019654911227121773,0.022101364803169158,0.024092808705923074,0.028415982757318617,0.028788613708319883,0.029900789926147055,0.03165857644410333,
0.009712017280189549,0.025431882929417636,0.04144007109673078,0.05474187872262434,0.0700372464820764,0.07955222353806395,0.08588254864457028,0.09317121694251167,0.10485987949917491,
0.013105542446720282,0.03430819673182095,0.05498331253210098,0.07189107444739042,0.09057638272491714,0.10278439775580478,0.10893296565599593,0.11785648605519232,0.12913118154364678,
0.010606766581898158,0.029170630723830627,0.04799994359675805,0.064100816283229,0.08428303609267036,0.09841645937599013,0.10692033418219003,0.11782873885911209,0.13294055933571694,
0.01661082683099208,0.03702818845120282,0.05895741691307396,0.07745305040971934,0.10215899307273378,0.12266378436405613,0.1335285844025832,0.14674373832645177,0.16690666611710506,
0.008005170950900843,0.023868072031146114,0.04086401839924924,0.05629111160073685,0.0758630421404582,0.09018446803226782,0.09840381733544606,0.10869832184797451,0.1241902932673374,
0.012893248771907034,0.035160021082540426,0.05846490030904675,0.07786030937455754,0.10087091604881537,0.1165187681254594,0.12438943435818396,0.13639704801262745,0.15186798333619972,
0.014044790952164073,0.0356989824192332,0.05639071538246832,0.07379522203013904,0.09515379362199126,0.1093217201414702,0.11711859267273712,0.12991265975327881,0.1453606944714814,
0.012890671069133747,0.03467571052898265,0.05724055123315943,0.0755234157871973,0.09649740962410543,0.10909870469143586,0.11708045541485874,0.12610028522075825,0.13914631088140975,
0.010575704276806456,0.028509509813788067,0.04686931343491666,0.06163181699710574,0.07862226816738897,0.08891622321649173,0.09446909781705078,0.10223732391621056,0.11332892648128202,
0.01511461171986611,0.03636131203019532,0.058575738267207654,0.07750238472903258,0.10139079885130714,0.11839516652113118,0.12910051672772824,0.14254819078515432,0.16231446503933009,
0.01283632830647703,0.02224744722409349,0.029791210326068768,0.03484941568511821,0.0405371952724035,0.0443198329594425,0.04816000450113293,0.05236242536270634,0.05926307875087278,
0.01097152049290708,0.03007094843491754,0.04978369509805737,0.067892817640522,0.09162154605346536,0.10760025807599762,0.11797483773635878,0.1316466938040772,0.14903925109784455,
0.01034290720549766,0.03024579090962121,0.052268497479228224,0.07195055572848824,0.09624203341257223,0.11263836492689266,0.12146321586900312,0.13303220871472152,0.14899404005231165,
0.013352145641264116,0.034170164342170455,0.054544041438067424,0.07046284719686208,0.08903617274867828,0.10141135827232313,0.1079108564565286,0.11803153627360752,0.13264487661686367,
0.01236284707986593,0.03361647690497186,0.055954483043413696,0.07538135751041364,0.09787150707549465,0.11232081971603464,0.12004735033546633,0.12970182073372402,0.142169714217617,
0.013342245935434864,0.036182677299667954,0.06051246758293872,0.08083387473031936,0.10418407027764495,0.11885879051326555,0.12616553798906285,0.13532676309509423,0.14755741125700048,
0.010622699121934176,0.029017141871439,0.04823778609070032,0.06484018306695204,0.08481906386798771,0.09817549872264543,0.10585674744736144,0.11496917535195537,0.1279538365278549,
0.01545437837989544,0.042527978409330196,0.0707731256934696,0.09441796437455013,0.12290828582114176,0.14134054698418727,0.1527024187747279,0.16740455378241367,0.18870393717784847,
0.012816271593862973,0.02941937340457835,0.04536073543214406,0.056816973092320845,0.0698575627707483,0.07865971531650823,0.08519678858619982,0.0944564840144455,0.10680913284177092,
0.018124497803778627,0.041635816926080864,0.06428454562518987,0.08335984908745724,0.1055584246207495,0.12010507933496763,0.12880540658471254,0.1391339076036164,0.15161835770013707,
0.013254396972149033,0.03388765779201461,0.0543874523562484,0.0710227112059601,0.0903471987321059,0.10278642365534715,0.11156865000131154,0.12319800870800128,0.14156819558969017,
0.011625316226481086,0.031077622920064524,0.05154677403090249,0.06783457922630552,0.0861218936845311,0.09756053890310681,0.10448376131856968,0.11450020150654619,0.1299915973657461,
0.01370095735495217,0.040277390513179266,0.06877417012222796,0.09318596338188351,0.12301570588403812,0.14247030739339006,0.1536796647729285,0.16826999835869416,0.1874749650193192,
0.012834689021335997,0.028708600248654296,0.04466401944179716,0.05546768364533331,0.06734926229286754,0.07643918400402505,0.08073371815322536,0.08730354885883947,0.09648991323322059,
0.01583337931505004,0.04391917742329059,0.07309511180942277,0.09579009729359472,0.1201941190604394,0.13489221961316444,0.142537431336363,0.15257614017539825,0.16641990816128294,
0.01424991537489591,0.03188577034798045,0.048288048498089965,0.06010851818708758,0.0737080768124825,0.08280200546644073,0.08872247682181113,0.09743060134459824,0.10800837947158476,
0.013879822395865223,0.03607789388550122,0.05822092656169177,0.0774625471931145,0.1008795219621905,0.11737428619616187,0.12705106504299604,0.14042481443558683,0.1570487794322767,
0.016624039211197875,0.03654298472462515,0.057391766725585505,0.07314184276218434,0.0906501477651213,0.10398538086139733,0.11078204212822602,0.12113591065860875,0.13347908370664283,
0.011065189751604728,0.029793294245340683,0.04923706728712645,0.06513299130099505,0.084226414493503,0.0962772981390483,0.1032371502333765,0.11317846065686389,0.125977849069999,
0.015413429438843993,0.038681196949120644,0.06160200182591363,0.08054321400706213,0.10340784354438284,0.11813926925450412,0.12664562615124045,0.13828250333406797,0.15311995080422802,
0.009344281232718382,0.02721089284070821,0.04572402700997638,0.06208707025986615,0.08327951875851008,0.0970392401564144,0.10631539069891907,0.11809035215254757,0.13277661215566464,
0.016071067899344253,0.0429904063125682,0.07023108839850158,0.09263670730983106,0.1191857486938446,0.13663082122038264,0.1458092302355926,0.1576028771461252,0.17158276811262266,
0.015250422268058282,0.03203312070386618,0.04968129370519049,0.06257909047091977,0.0766963735422568,0.08520550611140305,0.09082984871992567,0.09960775497946207,0.11315769522752521,
0.010677073185565884,0.019623385866042897,0.026161786491225594,0.030743779131206884,0.037266390730501524,0.042927268091888945,0.0470525276287237,0.052774496280200305,0.06365705286921751,
0.011853382371279267,0.022661022734598288,0.030382353024845817,0.03596040009725986,0.04194867587482638,0.04711683915398528,0.052771497892668315,0.0563334688388233,0.06761928292631582,
0.014302754968582783,0.033249413218835136,0.05190131353235116,0.06619481503479287,0.08274128174281808,0.09505890788035047,0.10169241635008446,0.11220406723001848,0.12602235083007549,
0.012412854787949913,0.0340003833507501,0.05841460659891321,0.08055180517667913,0.1094854072536789,0.1311194167365629,0.14457611916254354,0.16203009228976653,0.18627255241158522,
0.01039978342489254,0.026933577182660134,0.04495957611041855,0.060828109763178866,0.08158123886574314,0.09605783604409451,0.10557191878898034,0.11869856227616714,0.13574449639771166,
0.011039054162727532,0.03339976681605972,0.05747230091508821,0.08019624289457354,0.1104931556780689,0.1345302972039056,0.14762309139126514,0.1675377352879362,0.19376583755414736,
0.01478527435364924,0.04044184851603994,0.06548517359231985,0.08748166425477974,0.11389159390532556,0.13181756329786826,0.14277224266903576,0.15761372156924622,0.17564639179604985,
0.013761418684044761,0.03810866403524397,0.06346715855252083,0.0840490457658874,0.10724447952985888,0.12125068000247918,0.12826507985956637,0.13692746205034464,0.1465274993529011,
0.01161176491259545,0.03191324966107377,0.05406961872532972,0.07316011769098356,0.09553656493906874,0.11017763708659586,0.11751576580025126,0.12813479189358346,0.1418798234311841,
0.013086841482471918,0.03515938787113984,0.05871853087211144,0.07747819628300062,0.09923319052653246,0.11302491701207322,0.12069521463291719,0.13296564951937015,0.15017740660578616,
0.01006557897800876,0.02615030103791586,0.04297461622501774,0.05753576334874471,0.07409825102798684,0.08504178935025548,0.09076213312839577,0.0979443380782984,0.10756017223047061,
0.013493481109398806,0.033946466224429664,0.054923930737415,0.07148192628882798,0.0920383474387781,0.10675053728145538,0.11590061268543649,0.12747027948928516,0.1425150987197842,
0.015019192333921853,0.03601530191845234,0.055994279536421075,0.07258633271271892,0.09142000249451718,0.1036395671818676,0.11041509047471555,0.12004707528704242,0.13023551163766509,
0.01705902417321779,0.04234823844544175,0.06767428825879813,0.09009038204153859,0.11727209943890798,0.13559377644661894,0.14651601986858107,0.1605306850811101,0.178777562910451,
0.01670280133578906,0.05369901232019714,0.09182111937522675,0.12555189404852568,0.16829674458344415,0.19723675378473396,0.2136462540308286,0.23588823158906896,0.2625397139412123,
0.012688120889510436,0.036816029804386946,0.06387362269350037,0.08653780955943441,0.1144700799965914,0.13440602898207968,0.14583072046357018,0.16344619431194696,0.19064694141256552,
0.011212880593069106,0.024974929772160866,0.037486066755881266,0.046157741032332035,0.05562029774750605,0.06240958148656289,0.06563164918923173,0.07269250364973588,0.08207240225327438,
0.012785607265625307,0.03669696824767286,0.06348078849623677,0.08613677526070346,0.1146929966723088,0.1340116714427585,0.14562634644630496,0.16175912795266748,0.18646006599495368,
0.013486411303138988,0.036049276868843724,0.05885154933747216,0.07835774574940318,0.10281708555655009,0.1199434730802048,0.12958018740406463,0.14348635620551822,0.16072767538983126,
0.013052949668956202,0.033319318818039616,0.053459342670681566,0.06911106895671429,0.08667147696143018,0.097664715828234,0.10521203614752038,0.11373122164320527,0.12541481458867132,
0.017709884584862893,0.04684699653907333,0.07597951459556485,0.09972865891497963,0.12788142262203916,0.1469243190792278,0.15810376946251067,0.17345181735579857,0.193301450562912,
0.013095087233001868,0.035083355215869354,0.05765269999137692,0.07640061325080329,0.0978434597655866,0.11099225564974398,0.11887236687478976,0.12782504149657645,0.13994420491935056,
0.008834843821809405,0.025744258399866507,0.044291821982507244,0.061266868428693874,0.08252740351195796,0.09662650448846279,0.10527424943938207,0.11623085200984162,0.12970004858336237,
0.012740953806083201,0.034511726368404744,0.057700654289697624,0.0783266660393638,0.10462958526062317,0.12378307796181784,0.13487776381351677,0.1510842771425832,0.17033047610403104,
0.013122010756102104,0.02385541605731101,0.03176881065549663,0.036993422034137254,0.04284021638597974,0.04854856211432076,0.050710442668968306,0.0541003114106011,0.05957635433918534,
0.012142580871118643,0.035302196459053185,0.06110530461519577,0.08353838905912589,0.11246954700510631,0.13263729032534374,0.14541381276797158,0.16119515734533776,0.1821393405353199,
0.014311792008424602,0.035681395206555895,0.05695904574095826,0.07438409320093498,0.09517941441620975,0.10897831804743939,0.11676968775150341,0.12768528054588257,0.14177610862032577,
0.016197028728279043,0.04383202003626817,0.07246471859107051,0.09595927625375233,0.12272345278272036,0.1395499609645116,0.1480580317558483,0.1595604267668054,0.1745511949692258,
0.013183143524570402,0.03285103518750497,0.05221020657203735,0.06680237205207293,0.08357142398802056,0.09407537784702492,0.10052517497742805,0.10988125725338464,0.12240964773084083,
0.014693727427118886,0.03752634355245196,0.060971466166336016,0.07936515741162188,0.10134003254479572,0.11669499061728272,0.12556020103610646,0.13877102803066424,0.15831645989376664,
0.013073408110638889,0.03697935937612185,0.06237846325785051,0.0829901561030801,0.10666472782222833,0.12123944110065198,0.12959709067620637,0.14097950733909317,0.15682294197507216,
0.009708036834231165,0.029922852017174286,0.05075866943395698,0.07061980316196803,0.0956569974647337,0.11322636357091002,0.1241927664570904,0.13701246767118697,0.15525803656917284,
0.011839189975230834,0.0311763250708248,0.05041158393008967,0.06745781872473591,0.0875759550480346,0.10163892061724765,0.10810434953521585,0.1183471642321804,0.13095714050907847,
0.011711780065962666,0.03136073458721523,0.05132806792553759,0.06723375243167057,0.08573353826141529,0.09802457136990414,0.10452361296462326,0.11467558988280531,0.12927459134967012,
0.01506337930113884,0.03970337840980198,0.06349115794171235,0.0836729470926645,0.10764373856503072,0.12386233745650814,0.13289266646980902,0.14472697010992913,0.15874780679853506,
0.016289596597551085,0.04042207089771342,0.06399204381709296,0.08468435650507075,0.10988724139265442,0.1262721882711942,0.13572170804181735,0.1489754998514531,0.16470094548251837,
0.010884487017269294,0.03059964836281814,0.05204299714434583,0.06962380778425109,0.09108129037894132,0.10543712755300592,0.11416791933446419,0.1267428500283199,0.14570885640670056,
0.014249274506221788,0.03292274023299491,0.05087408317642302,0.06402043351065868,0.07941821806552878,0.0902649444897125,0.09803751999621464,0.10695169898361169,0.12199523186057229,
0.013598430315161945,0.03561433727116979,0.05765855056098554,0.07593780290467159,0.09790433411684062,0.11267981605764875,0.1208374248393582,0.13276442689683068,0.14922446120469066,
0.010783304818254045,0.029528565414782094,0.04931903629549192,0.0653818432431273,0.08566770262939975,0.10029473098151521,0.10850642206782429,0.12147730923421966,0.14172964338376068,
0.01108912285972475,0.030597641655063502,0.050421451236460614,0.06896772476327967,0.0922212834159133,0.10908603737570798,0.11969328267806342,0.13315460086983907,0.15171728183860186,
0.0151182080720836,0.038694664628858184,0.06251442145616,0.08181919093906392,0.10257461135100959,0.114676286970988,0.12097335490713958,0.13026437778528654,0.14234575131474628,
0.014091533326741288,0.03574696571278003,0.05731712887301951,0.07390238755624143,0.09258908279072725,0.1046056976461719,0.11195309947400678,0.12241044324965365,0.13698058270947427,
0.012838715086900043,0.03095757435247114,0.04828132382513821,0.06183936444998565,0.07673569734194625,0.08704962109046917,0.09306910695304899,0.10196702641077346,0.11459792807359698,
0.014489336374334215,0.037504867064500964,0.06035870151249239,0.07949439512893532,0.10137758704157547,0.11532161583741457,0.12251386857384944,0.13135311859740806,0.14183180166988002,
0.01231289950509155,0.03373327357418901,0.05601591471970092,0.07602313361157437,0.10193559548133886,0.121406140464403,0.13235979664235256,0.1462352408989015,0.16426054436888282,
0.014310507481280514,0.030108889363102923,0.04733373298153008,0.0592823181569119,0.07385286961604699,0.08394213051772612,0.09152878955990655,0.10571884175571337,0.12701174722934458,
0.012090839994540326,0.03444800972936612,0.05791504580469014,0.07938777933110086,0.10636406072883166,0.12502786834787594,0.13587703002665616,0.14957393171905622,0.16702313198764263,
0.013602064213230632,0.027852924248229313,0.0403322425313202,0.04906628974218594,0.058108337307390436,0.06559400764887789,0.06888245327079189,0.07560441560672963,0.08232923584159212,
0.013171172385472472,0.03003672196191231,0.046381166173161986,0.058686688732488314,0.07194595935647553,0.08203012902027607,0.08572957392917141,0.09232194051137493,0.10136673124390322,
0.020248477208657575,0.05115596308112743,0.08080425507462415,0.1050607163132062,0.13426192495010228,0.15385374301769375,0.16467972915316445,0.1799597149848249,0.19755073532899323,
0.012137909517001493,0.038007771255293525,0.0661284917107093,0.09300374457108788,0.12907095176254488,0.15450742239405793,0.1695045143491189,0.18931869876278704,0.21285591526204686,
0.0105939173421212,0.0235280249692047,0.03509721085906491,0.043216288969898355,0.05280850622531827,0.06027645538822876,0.06514068297184215,0.07486559298588348,0.09153233059311462,
0.014890486956059391,0.03893180021622365,0.06253312132576125,0.08228222355846063,0.10571908706163327,0.12137463980783166,0.12981726122126783,0.14178622280637046,0.1575359762914368,
0.01535784132812192,0.03940532373418659,0.06328134798692281,0.08354155394662845,0.10745673119592002,0.12472000970967285,0.13381113928188512,0.14746172114471193,0.1641015718056291,
0.01064003094921107,0.01802570746687326,0.02325295231726561,0.026549971621961235,0.03014170425115574,0.03329321076157802,0.03273066568572162,0.03574721081773993,0.03872394841033645,
0.01362257109370611,0.03500921038192658,0.057744749675725196,0.07662643776670298,0.10010532173744731,0.11568555824096548,0.12578056689499575,0.13881940746832036,0.1569335217038663,
0.012936218614394182,0.03467073845598237,0.05688530533851744,0.07410876419572275,0.09427656519137705,0.10698490989855604,0.11430466323729137,0.123591869303277,0.13634800106611122,
0.014523457546958015,0.040265850451241626,0.06697397445061724,0.08983257616747588,0.11773100712762623,0.13681616724618753,0.14850446360395028,0.1641135898341051,0.18537493419717624,
0.011607491252650905,0.034776964416271754,0.06155287999144778,0.08573719620335464,0.11740384623077015,0.13989500594807322,0.1533755237123575,0.16892916254128254,0.1885358118436264,
0.014041180381404004,0.04061288751619149,0.07014953305925077,0.09502193114452713,0.12628458119732675,0.14758772942909634,0.1614027963435004,0.17742629305961632,0.20104739120780832,
0.01225784650567006,0.03274570175803367,0.05411117425188882,0.07219184212718702,0.09367858304509663,0.10886243960099531,0.11785169349540031,0.12894455879565972,0.14486361996569577,
0.013603345509051708,0.033068772422738174,0.05304177238971252,0.06860405336388829,0.0878573162617007,0.10188431078251804,0.11119623744275647,0.12453919493756103,0.14434109192886171,
0.013251991043419472,0.031708416311253845,0.05054250019338665,0.06633364948906716,0.0865806915182985,0.1022073054671146,0.11034847139194125,0.12332328120401749,0.14402636859358917,
0.010219277436473552,0.026419992269638513,0.04205951081844662,0.055942402481535085,0.0726576148304021,0.08411111996221798,0.08974547671504772,0.0992675093704369,0.11084139541216781,
0.014493324838453997,0.030767000581806918,0.04586595691439724,0.05571852468749911,0.06698426136632392,0.07362999437889627,0.07854405747320568,0.08512904636923295,0.09522347752389035,
0.017279790323561698,0.04606006216468167,0.07574021201544762,0.09874620553009911,0.12472789713227077,0.1417160090654708,0.15209204437552476,0.16581954055757295,0.18633390239080724,
0.014186042513456345,0.030877270835537807,0.04680337616911689,0.05936280621363021,0.07406389395786216,0.08452630975585972,0.09015316589979422,0.09923879462058345,0.1114045132991155,
0.012396148434803545,0.03524179268722603,0.05947416370417714,0.08133614113501579,0.10937546067376754,0.1304194437547116,0.14244703040912782,0.15863716967159838,0.18152842612878767,
0.014562160203340842,0.037920247989764434,0.06166727767191761,0.08103306826188295,0.10488121775755256,0.12024919449425771,0.12902473486850732,0.14284698136710186,0.16033200640331205,
0.010984750934695526,0.02979854122538479,0.04826667972963162,0.06402324492157098,0.08379154865675953,0.09725003492885696,0.10535518299864505,0.11537210428556738,0.1274819315997058,
0.014831821800292298,0.03818867546357775,0.06128743936188393,0.08070330579868905,0.10336059565245909,0.11836990427227094,0.12630024320423539,0.13811917091344308,0.15250440769452914,
0.011652521341472731,0.03265148088697866,0.05506908925610939,0.07312096660438615,0.09443239476153902,0.10800416630197353,0.11548213959366886,0.12574996084517312,0.14004171714763022,
0.015985352663577517,0.03693583575858161,0.05721641880345275,0.07196960898456714,0.0899240982649755,0.10364283444013843,0.11260509460590512,0.12654241821035628,0.14707876199809405,
0.01059060592469508,0.031929280683402284,0.056011308732054926,0.07806807475676175,0.10693351535389907,0.12737631055604967,0.13829721458438768,0.15413255315702667,0.17446346161047888,
0.011921963726445902,0.0288216318202701,0.04598418622038502,0.05972163899363217,0.0769924161802475,0.08808796064340026,0.09548449489542778,0.10482076325741242,0.11824729755352208,
0.011607574339593712,0.030670026057934202,0.04980984690063709,0.06487660123358265,0.08201064136511672,0.09314992150386205,0.10063080430225374,0.11051440021498847,0.12584082058330223,
0.014335722850692598,0.035122682998372366,0.05563071453740688,0.0729582823330546,0.09316556849250568,0.10752567323766,0.11658037370476378,0.12826854824248293,0.14579013063000815,
0.012110649777702744,0.02713215619908266,0.041086026274331666,0.051610942065214147,0.06411302913246868,0.07183239552200169,0.07668015018997475,0.0806408077024558,0.08779546333989054,
0.012351159077029572,0.03152782931466636,0.050844496746842466,0.0653540288639875,0.0814361643875936,0.09198302984225931,0.09767566023738011,0.10620121739546383,0.11766273363760503,
0.01687612658185555,0.045133118464681585,0.07363162037667627,0.09822967911430004,0.12850173413744428,0.14947130832067582,0.16098314339754954,0.17718492144782122,0.1972541721837825,
0.013038375673943918,0.036173850391727484,0.06086487378394729,0.08279480344182574,0.10960487900028332,0.12762268526792844,0.1375831809432649,0.15012788715879427,0.16562740287759853,
0.015818020894537096,0.04119278404457571,0.0669423848941986,0.08879963489285518,0.11459300260476354,0.13130398805484764,0.1408034328455217,0.15374580600111687,0.1698888391643902,
0.012512013378217494,0.031666836820489895,0.051334498430250945,0.06671222246232761,0.08531412290552273,0.09795953090892985,0.10571326533127262,0.1168945326539893,0.1329139437153172,
0.014536996611382708,0.036037586588474224,0.056925376601308995,0.07259108065723387,0.08980475392249053,0.1000582560319205,0.10506289411773952,0.11124909149767188,0.11593263261547741,
0.013230155024314938,0.024906443105020055,0.03417262759205461,0.03985515585583744,0.04577059555722059,0.05031654180844691,0.052762968356394525,0.05620445851347354,0.06275051082018757,
0.010547802540213277,0.02934450263059508,0.04901633986772325,0.0664207873127962,0.08778778343293088,0.10215252621814858,0.11124564595069766,0.12228029364095096,0.13721394497556905,
0.010105442434032207,0.026333177640900856,0.044659579733663586,0.06121825529865437,0.0827676099887559,0.09699721456315305,0.10617978676908264,0.11863966501162969,0.13761957699572452,
0.009566267462597035,0.02752762361139506,0.04453496336660202,0.060093444187139015,0.07948038194773743,0.09300829317476007,0.10098392462906408,0.11121166254195683,0.12434238897949788,
0.011327022814145764,0.0352882772595513,0.06288582770822872,0.0885925298255142,0.12210260793664683,0.14525050196225908,0.1584393482185275,0.17363486985075274,0.19390935127587625,
0.013835963131883615,0.03192182788799067,0.0502389120148016,0.06473152497757642,0.08322791699903413,0.09746737879693883,0.10653373455548361,0.11923126004483509,0.13796976542556474,
0.013391954333955349,0.035312399617461604,0.05728544485004927,0.07556248775655999,0.09736316900583065,0.11165215993115879,0.12046249942087729,0.13191577528383608,0.14765345422421203,
0.01153441032418925,0.037721314837147,0.06658276511633249,0.09337348309027861,0.1295624587888541,0.15584240829142218,0.17131011606009847,0.19335100168786953,0.22160655141676597,
0.010895735857695772,0.030200395241926116,0.05120543434890399,0.06907514477145155,0.08999102336949719,0.10273878213091885,0.11014323529964945,0.11880733307233092,0.13105772211424718,
0.009072476502027464,0.01773745692447171,0.02545575140307323,0.03139555505205691,0.03895022696494885,0.04461608885089025,0.04875491820013753,0.054313087835616856,0.06438738327215708,
0.015714593633631212,0.03977306406542735,0.06346590811561752,0.08333181148166874,0.1070723305304883,0.12330472184837528,0.13195452792828416,0.14336190267237955,0.15677988987470526,
0.014227748220698501,0.034145978933943784,0.05428083849268625,0.07183339773974141,0.09233644719003815,0.10608030894218784,0.11429769575371844,0.12416651207482099,0.13737321844604947,
0.012018990006699615,0.031205562800986044,0.051847828436289156,0.06946115127909744,0.09092441899427933,0.10491206645297947,0.1123779912299832,0.12252561294378182,0.1354692216670573,
0.01268665112783932,0.03294828601250987,0.0534707194867862,0.06911834291221292,0.08691915587882112,0.09833420883838423,0.10534939572654524,0.11576363524857443,0.13128026697357104,
0.014357295531532699,0.030669104221334148,0.04527087215175661,0.055462531635610844,0.06681262488248679,0.07517994820960626,0.08003699710351066,0.08684659782015672,0.09838626108928847,
0.010126948747560175,0.026126993813887587,0.04200457787300948,0.05543976346809718,0.07182836621074155,0.0827364228875489,0.08917693411270315,0.09716929945952109,0.10715450418162234,
0.013732645060365926,0.035477850375024385,0.05597966039657306,0.07434146419048009,0.09697876329685859,0.11278794134838306,0.12173237670317508,0.13366652035760535,0.1494930095760112,
0.013079896560225611,0.038847911878051276,0.06724024070935995,0.09048495201677474,0.11736840368644327,0.13419473295316398,0.1434117083797433,0.1552827353992039,0.1716875814182298,
0.014710215688648038,0.040004789797776226,0.06630583791372872,0.08803963575145167,0.11274206480388346,0.12909829339865733,0.13784269370624191,0.14990924614490087,0.16701953260384297,
0.011001767093763657,0.03402516860179582,0.06078156623703395,0.08494518835343258,0.11743585465671748,0.14026425950403446,0.15231533703923186,0.1665808605299598,0.18293779872385107,
0.01302080031568731,0.0352317045324595,0.05836152169048427,0.07901994776787989,0.10440567163049566,0.12186905657594652,0.13208581014978138,0.14561726393475635,0.16146343785799155,
0.015724346704331777,0.0413414943409477,0.0674848083784558,0.0875938423637343,0.11001694804716129,0.12410074456215574,0.13222051842674343,0.14408702945372373,0.16065924709275106,
0.01024344545346202,0.027716135053589816,0.045872661279723205,0.061579324407611866,0.08064703779474774,0.09346725145718546,0.10027623101562051,0.11098143499322673,0.12572610734180545,
0.007172203231961735,0.011273537333609179,0.014462679041410634,0.015688578242124548,0.017340940287355652,0.018800853083534866,0.02022793515953108,0.02218438375290304,0.024624999620650765,
0.013807421544706659,0.03669435777508487,0.05953508902583238,0.07894302091675941,0.10254020315373504,0.11895220040930944,0.12875257661564224,0.1419594752409684,0.15897351851942076,
0.012747346445397462,0.02440877340081289,0.034433682175281505,0.04105233471232101,0.04828497273905448,0.054185785525253286,0.05556832281154083,0.06174631705159617,0.06963444991406996,
0.010715372947219366,0.030171433264963632,0.0515429960327805,0.07004393316603517,0.09111211578322803,0.10419848851412489,0.11131968344833802,0.1198570686553464,0.13193378884552456,
0.014164676342266643,0.037523953980461836,0.06061300183183755,0.078697230133912,0.09920306946387746,0.11237829949017145,0.11969313122156308,0.1301624138412176,0.14350513811177545,
0.014877952250090084,0.041393208914822066,0.06988596187110835,0.09371847401146918,0.12168981362514941,0.14027457134494273,0.15057766516455462,0.16451218028211853,0.18331388456989325,
0.01625355145934042,0.043009745994760394,0.06993143553548561,0.09275748149657556,0.12178414357963507,0.14230479381634356,0.1544867348171981,0.1708592579898429,0.19249833948011028,
0.012837227814460317,0.03808627040874504,0.06513344848975255,0.087432121070523,0.11397675238076367,0.13171227187595666,0.14176018683578606,0.1544864132294901,0.17155075561648345,
0.012775503145105987,0.03435410747863313,0.057095262451775014,0.07577767510958909,0.09715537309809114,0.11046118220374787,0.11738592221527237,0.1271257390947156,0.14008205470390095,
0.009519789783672163,0.01656224574914095,0.02168089125405231,0.024796194405959766,0.027371501524464336,0.029921528142228485,0.02918259280955127,0.03337623868324749,0.036811224313137575,
0.01508984264398783,0.0329981119160965,0.049631656112183904,0.06069724522980092,0.07397188179569271,0.08459468230180965,0.09097220597133611,0.10118042828275908,0.11839998421080422,
0.0120249604400741,0.03459905718797384,0.05819545324370501,0.07953164606930871,0.10623560582783738,0.12629185404614074,0.1371912871655972,0.1522818843518653,0.1716501790483159,
0.009555599205632419,0.02852528014130847,0.049341985895566695,0.06877966724101016,0.09482337051544404,0.11344069339034506,0.12467357160649674,0.13834753787891654,0.15612768087349915,
0.010597271990312114,0.02678233610193677,0.042276357724335786,0.05422736089921961,0.06843605057526679,0.07673178852202844,0.0824399806411418,0.08943552935233003,0.09927655273704322,
0.013269363613388105,0.035397491973758306,0.056924218188475706,0.0748473237986122,0.09631609113969952,0.11015959022746873,0.11810740210651362,0.12814840010072578,0.14162826485996052,
0.012141980491352594,0.027455003095656703,0.04175263160024291,0.05154906573060895,0.06211260716877214,0.06950552934069408,0.07350027937177563,0.08025831235299277,0.09062290097941014,
0.014633846376009174,0.03987331303099492,0.06707252570742897,0.09013108068694524,0.11976412046778452,0.1417780318045558,0.15603529948281303,0.17368062577661558,0.19877761640276972,
0.011570862673070371,0.02995277676701843,0.04853718287005024,0.06427738448896633,0.08346981833994327,0.09632362368769715,0.10342800747127448,0.11294548957386412,0.1252741834493688,
0.01301283912016975,0.03334090524854675,0.05411814719007336,0.07222722482955372,0.09335386148101679,0.10706608464989388,0.11492593850519481,0.12442451651979225,0.1357517007211958,
0.013429115550133078,0.03405988150155756,0.054540727821938015,0.07255116895410298,0.0943247748491215,0.10948852203800993,0.11764954264434602,0.1293727459146653,0.14503483164310726,
0.012403409972853765,0.03189387740189586,0.05141513308959127,0.06708871442222548,0.0851016430691358,0.0982973346645295,0.10617625827420568,0.11795148882965736,0.13541521415856292,
0.011118953031884475,0.020817146181261847,0.02897623653624549,0.03437555634424073,0.04094040358507151,0.04605813126735684,0.04922158672212378,0.053820654646539616,0.05952824803252181,
0.006418605298651253,0.00967807392121829,0.011723106187494578,0.012937849945689797,0.013621014947859934,0.014544906971451138,0.014072766878066465,0.01652215338235596,0.01820200558199036,
0.01336031209855682,0.03621545619771658,0.059582433743106004,0.08087286664302483,0.10765303666904234,0.12683552724573025,0.13876085423586557,0.15416071650287927,0.17393312602537556,
0.012060583363078237,0.03215440830917787,0.05300229546539905,0.07001537425375294,0.08962229177047003,0.10198099115769532,0.1088171027146197,0.11821953074609826,0.13136915119601508,
0.013229534632776334,0.03277229612205158,0.051951315136568886,0.06612518003738409,0.08257149594931139,0.0932203089200506,0.10007503329356061,0.1102238338977212,0.12486335168965,
0.012357176460096033,0.03118795729153523,0.05022445109980303,0.06446054983297109,0.08087888085636759,0.09245104716186277,0.09977271018728942,0.11102292242050639,0.12900294561868467,
0.013455479360359844,0.036152206791079715,0.05884435227897101,0.07903245928641,0.10480251957083189,0.12297929535220906,0.13350916696327894,0.14859566592979243,0.16655059918623122,
0.012291282271087669,0.03331113558927852,0.054432693143654225,0.07290142741869766,0.09507742589236629,0.11051616647911867,0.11982814071994148,0.1322488559742762,0.14899759094417767,
0.01572924122065003,0.042058617895580644,0.06922864265646564,0.09181602826593849,0.11829221502362341,0.13644964634374462,0.1472172289277161,0.16151108313851767,0.18227171369912226,
0.014440669850183803,0.03513804223743103,0.056129806245459546,0.07412076265304879,0.09546005190072641,0.10920912949378439,0.11708624250372751,0.12623715585798204,0.1369271838897167,
0.009467058408748128,0.02779205215068987,0.04820910389135001,0.06664910423327432,0.0895954146704234,0.10521601692604324,0.11388300387404703,0.12575270009674086,0.144559209258688,
0.016138157033614313,0.0313181813946563,0.04415041957469967,0.053072606164394194,0.06210541415067138,0.0680524495339197,0.0718673925902262,0.07766006129301452,0.08663151380877358,
0.010563575231737284,0.027552802485239093,0.04439374353978505,0.05675744221959344,0.07012336545731442,0.0776985050636693,0.08209259155283505,0.0875055619312108,0.09485346901027818,
0.010232990650837838,0.027709792657897598,0.04597700630432581,0.06133262215595401,0.07942568176282938,0.09183942062034113,0.09906156608317217,0.11057687978544326,0.12787526648060524,
0.010560169885994466,0.031005896768020517,0.052907698502612684,0.07193522018005931,0.09525217465729839,0.11032599782760881,0.11890051963833169,0.1295892891086969,0.14182473498584186,
0.012380983572305668,0.028932700082961622,0.04494323156633776,0.056512810385722034,0.06915640616321626,0.07770265876264128,0.08267047503442312,0.09020274923198696,0.10063944131858102,
0.013288603833670497,0.03577459967999701,0.05916552778101916,0.07837959982510023,0.10101694812205897,0.11555025495158612,0.12385289495430714,0.1352521227681149,0.15179253833441203,
0.01417979139086519,0.039108971633080136,0.06468943129700312,0.08730381360198444,0.11662112615141942,0.1370477371523765,0.1498699998774944,0.16721487403005586,0.19047237355570412,
0.017567435610278532,0.044562735575094284,0.07142021200336045,0.0917901422623413,0.11564139758069174,0.13147247164116774,0.14097363971613322,0.15454222575393856,0.17289761362105097,
0.009754348516827046,0.027845924397920992,0.046920729258957995,0.06432681406046774,0.086611238475635,0.10281422692149994,0.11279019494131858,0.12568550020542532,0.1421850759498263,
0.01265515600468823,0.03273158107618096,0.05324000969233059,0.07002308706015678,0.08940345765311938,0.10192613762189368,0.10925409950349417,0.11863595238260423,0.13109640807580106,
0.014159468621317593,0.03666717323846248,0.0588741169067077,0.07627902291231348,0.09649775600307349,0.10967345912994021,0.11708198086154316,0.1276516246663608,0.14220075369927895,
0.011508554078554622,0.01980855264248316,0.026285220232314804,0.030205068734069602,0.03460944367098933,0.03660681431476042,0.03992243387589832,0.042241985970205724,0.045343994669554646,
0.012619113456620078,0.032025693094786235,0.05144987249319823,0.06588233254985278,0.08234078260938431,0.09348790102039074,0.10038152394541884,0.11064173147443766,0.12608532549401127,
0.018004359387686606,0.04631165724306702,0.07370620375278361,0.09728350316175487,0.12582471060158107,0.14622829115753427,0.15790792443664606,0.17384567682611185,0.19472015891658415,
0.014068844663824314,0.035168294797736734,0.056245198489927734,0.07254738653770286,0.09169976862992289,0.1058028526656307,0.11396208324407787,0.12705421476880827,0.14518030321547568,
0.011460797180852267,0.021699448470166145,0.029705328885280737,0.035269557827940716,0.04128530468088541,0.045993363458681914,0.048806512196692804,0.05324522984585126,0.05878857789259456,
0.013339623824989938,0.03886803265553062,0.06620833807998724,0.09030518566487569,0.12119003052566878,0.14313411813638857,0.15613040092538524,0.17443283890173383,0.19949636288257278,
0.014369090450840163,0.03418365184710222,0.05301746592621257,0.0671122827918006,0.08264609552401934,0.09282288533505648,0.09946017261210797,0.1081449268846626,0.12096359384626261,
0.010801528555144577,0.028720348630737542,0.04747457654466503,0.06289170100256003,0.08125980238841271,0.09419398343489889,0.10199166072302891,0.11316894893478019,0.1303677382270731,
0.015142046094565485,0.04014965963232259,0.06583078809837822,0.08780398913184378,0.11461493180780621,0.13334635742452483,0.14413916055011436,0.15935336883334703,0.18000862364068546,
0.013313331550094662,0.03584740173244943,0.0589036627599408,0.07853275212903245,0.10206008203088036,0.11750263335891369,0.1265869052593694,0.13885319738710578,0.1550540558071382,
0.014726609377043951,0.03819869958008693,0.061735381701585976,0.08028572971931962,0.10170033459561618,0.11587172112242879,0.12307814141704987,0.13340366310476978,0.14574963489919407,
0.014571595375750708,0.03723035986293974,0.060807618946739216,0.08091509481920414,0.1050243877983303,0.1206879100464097,0.12895913202115497,0.13984481037428412,0.1536667436680609,
0.014077765445629876,0.033726331695647746,0.05365039264370349,0.069897039315205,0.08951955055077067,0.10385065238786977,0.11299851879804612,0.12446698851776716,0.14163436732855764,
0.01263107781717431,0.03392957866768858,0.056185017028079674,0.07378991709676451,0.09296485617309827,0.10478559530220945,0.11114044590790445,0.12060720282182325,0.13431608723283994,
0.015719788713478042,0.04230460481821731,0.0695070377778677,0.09044873294341983,0.11308068570278705,0.1263827460116385,0.13367318653331245,0.14402674752888603,0.15964965995248104,
0.013225278821091336,0.035002403511242425,0.056373367594998704,0.07514329151980936,0.09771757925780264,0.11277134725648022,0.12153135706861945,0.133102418881464,0.14772829626962722,
0.01364126803332241,0.0363508936511361,0.05992440247750553,0.07975220580042132,0.1044501298568221,0.12258202449633877,0.13368444340268207,0.1504929763259417,0.17353353652889775,
0.012556601454399175,0.03343949676676746,0.054879834022963,0.07277969895283437,0.09381798608793097,0.10732070804159866,0.11534233604682928,0.12606083031788978,0.14050879460930768,
0.013664928927258093,0.033989813216014776,0.05425927493206666,0.06961996255681234,0.08811283655066433,0.1014595272521888,0.11059781542077089,0.12451253638401982,0.14601094628625694,
0.013998996788513345,0.0371722690216492,0.06042732489326138,0.07929516868478403,0.10173724116209958,0.11717313900232532,0.12687152537257415,0.14040916989754135,0.1597504928112457,
0.008824259973247983,0.02669464993519392,0.044912824654775495,0.06205891898501647,0.08390700274330441,0.10025673278539426,0.10915441206708586,0.12210065896245668,0.13858054412586188,
0.009626860096585475,0.02719556513554032,0.04540221659442877,0.06238684144613896,0.08387760828884273,0.09928117767328005,0.10831478327999128,0.12050370297119065,0.13653090054731978,
0.012985006879483228,0.024535060976881788,0.0341542008569007,0.04008743099915811,0.04788846942278437,0.05380137646540689,0.05869026423216317,0.06434985127645322,0.07092355096033881,
0.01240646781763032,0.026222358002342103,0.039002276514809246,0.04773854297745053,0.05632421392724511,0.06237645545706574,0.06671259360273561,0.07176036977909338,0.07975809975177084,
0.016163090468027854,0.041339819368153306,0.0664441324371091,0.08638285226833266,0.10957147993018049,0.12494602219552342,0.13422039232739985,0.14629238981114762,0.16242217125197486,
0.014106615202235204,0.03641626256899877,0.058877239148043846,0.07759793268853835,0.09873423162799029,0.11196235452903264,0.11922324627884345,0.12770129620419118,0.13746708346594252,
0.013217401056875425,0.03906530358796977,0.06742605582035223,0.09100659061488639,0.11979040292291641,0.13913963215950173,0.15040538219024743,0.16521014879882837,0.18671917095193422,
0.01461574248913867,0.033802920656839305,0.05285390456434413,0.06787892875486189,0.08618704838967547,0.09918481504181419,0.10690299575907469,0.11780827852754161,0.13425841671886746,
0.01392913651545543,0.03695114480273088,0.06129894872607681,0.08233283982893404,0.10707621324947814,0.12355039199069047,0.13272810229984017,0.14450498698135325,0.15885201770478113,
0.01494476294881241,0.03443940674524246,0.053279010425847845,0.06713337496130466,0.08344151435573731,0.09452937397878013,0.10125967603094461,0.11108204871230862,0.12479374598967308,
0.010335868511561933,0.02685215745377498,0.04364807946156802,0.056514231131410894,0.07128846332558193,0.08079922822207353,0.0856143975139135,0.09398350330329908,0.1050890869637204,
0.013532655653822011,0.036868947295343436,0.06150291813640151,0.08154989494986413,0.1042211794667548,0.1189063326010329,0.12803071199420032,0.1406793997763918,0.15997708805311814,
0.012228499282234082,0.03434897568575053,0.05778301057886798,0.07693142108327311,0.09953471331554399,0.11396483852938258,0.12202163156478077,0.13362024217542134,0.150611971537163,
0.012756547947279097,0.03729371947364599,0.06439223717389632,0.08797167664344141,0.11646611458958041,0.13548562882024104,0.14604308916164122,0.15966362535277404,0.17784283494623948,
0.00958580595223403,0.026903931463627895,0.04488903589595757,0.061363596468884445,0.08122241004831735,0.09513035758732112,0.10292889058679194,0.1136971912326106,0.12771234629508132,
0.011745851451351102,0.031673383351424056,0.05266503520476284,0.0706996127621053,0.09245655504412056,0.10696390416072639,0.1146411640177061,0.12503445042970918,0.13716041999516523,
0.015903602350600173,0.04223953469920458,0.06929993383701788,0.0912265042311166,0.11721528585966469,0.1348408960061026,0.1456091144847661,0.1606515957089405,0.18130754506522115,
0.018891149980966332,0.04591265707323085,0.0728281094739054,0.09529688781282203,0.1216135351920433,0.13840616224064226,0.1477953876792072,0.15961715407583124,0.1735161873483831,
0.01383235799643335,0.033482550129847,0.052905019155446265,0.06765246228435895,0.08464954694246844,0.09605267185579906,0.1021427176854828,0.11225356054230344,0.12456006296188682,
0.015630575762599637,0.04222544508871691,0.06937211417915319,0.09057106234119296,0.11552159037283995,0.13217259804526907,0.14214727510796626,0.15543014476090639,0.1736070341397534,
0.013982499175575926,0.0389728600523327,0.06520043978959043,0.08711872994297243,0.11391497204067234,0.132187099240647,0.14235758064128057,0.15683168946730314,0.17558490324988044,
0.013570915319356081,0.025936180982365803,0.03668575069909804,0.0438447531409973,0.05107565666347643,0.055771901647950824,0.05773221603497799,0.061947430435410074,0.06779430267067543,
0.017771082361419548,0.045680702448908914,0.07325904700306793,0.09567860288266535,0.12203827573642295,0.13985407265603536,0.1499840054582116,0.16353398568128014,0.1816968928809146,
0.011067474879901389,0.031014581749818648,0.05223220257444388,0.0706680547608015,0.0927070264943204,0.10737551535909196,0.11609553874233662,0.1267417143119785,0.14042717489461057,
0.012515271994110127,0.03413420665236375,0.05704943984091268,0.07564046622207633,0.0969226440584488,0.11028964014982286,0.11778487359418954,0.127732663245624,0.14282253511961404,
0.012477468945971057,0.03390078526833567,0.05637739484023834,0.07431998111866812,0.09519989239542545,0.10863637528732539,0.11644944042291526,0.128420487743199,0.14660936173221656,
0.012474585641632898,0.03458275417682361,0.05728653756013442,0.07683729069606925,0.10136976775117967,0.11821202961111754,0.1277740851173883,0.1417133231234937,0.15906646648440848,
0.013929598971698667,0.029416234091465418,0.04246355931689889,0.05078406685045764,0.05921698085143131,0.06406854544087305,0.0674825250576543,0.07053932302606992,0.07334354781992442,
0.01433540326153378,0.0332862334478312,0.05164288414504997,0.06571092459747381,0.08258156854498468,0.09442819465550666,0.10163408192492568,0.11219840075331812,0.12541181281868233,
0.014743114636689682,0.04127222670622822,0.06923965539326676,0.09346095116857354,0.12314625885041841,0.14349676672569012,0.1559144366138519,0.1730424123476404,0.19613880255551935,
0.015954442098345158,0.04256491154695575,0.06999606832094331,0.09266196261821033,0.11938250218530565,0.13677247899406472,0.1468485672076864,0.16052264943792932,0.17964824662606318,
0.011468390926206289,0.032642701319680355,0.05570121789543236,0.07591741585497222,0.10067160602610066,0.11675469494859995,0.12547465158837562,0.1356112124792609,0.148092515740525,
0.012539457189908421,0.021868804751512195,0.028699453409970547,0.032894197108096455,0.038168673240479956,0.04205161162974558,0.044539603413394066,0.047063107208004475,0.0511576539554521,
0.014173593756929401,0.037618712752141716,0.061136559692482,0.08052368966575167,0.10318284561550337,0.11870364647594393,0.1275518429485675,0.14038972525031565,0.15796450103916812,
0.01398301805725873,0.038173366701169276,0.06350025470926111,0.0852276175886592,0.11138897122690589,0.12893134858346292,0.13915823489994042,0.152585208656425,0.16881348081190134,
0.012376849684673754,0.03001957639368651,0.04771187483003367,0.060990514804887506,0.07745457900832341,0.08915247406149854,0.09714520846960568,0.10887371374543545,0.12675146931271894,
0.012931598950028102,0.03580947224799598,0.0598226612515913,0.08032526387274387,0.10606811466130726,0.12380535293866758,0.13410394886355473,0.14789021046993944,0.16409598127387443,
0.012878734937151703,0.034355111967952885,0.05728842473174471,0.07548416153089796,0.09776251159465939,0.11352013514478425,0.12342541733892645,0.13877075144096804,0.16203700055987721,
0.012801822537386308,0.028231095788383346,0.04198938843364964,0.0514462188780858,0.062076844644322365,0.07000672457322397,0.07544817452768317,0.08253211950773567,0.0928319519652068,
0.010323638739138712,0.017147371351516665,0.021801372603820323,0.02433337834410567,0.027391382764858557,0.030282218418434165,0.03143635825347629,0.03277143578465314,0.03379993505259548,
0.013693074210226355,0.028205604837169492,0.04111166772220979,0.049770297933571676,0.05917024431919475,0.06537559266051615,0.06930371343119826,0.07523722486797221,0.08395838076409123,
0.013647609064301392,0.027173034903997383,0.03960531536765722,0.04802330625535175,0.057095146525328974,0.0640538656719142,0.06689794237365147,0.07243025622936199,0.07911086420224,
0.013735925148698022,0.035442012033991985,0.056890840435906184,0.07498798732507479,0.09546977576126171,0.10887278348442306,0.11660323318325562,0.1265696160291514,0.14045825900274547,
0.01858521208641539,0.04433945218818808,0.06839597307056511,0.08847167686659883,0.11165062464310699,0.12656651652844067,0.13518788855723057,0.14650713222499245,0.160044557319069,
0.012269190609633551,0.02138660944185971,0.028743530402539484,0.032919564121844304,0.038238924162197256,0.041878405030357564,0.04478261132544075,0.04886079824783951,0.055641191095168206,
0.013213864199616388,0.032916639591900505,0.052357065396771485,0.0683124363998643,0.08660731693325215,0.09885837163380168,0.10599641214376863,0.11596324445032288,0.12911868628860643,
0.008625145156985653,0.014438109689248966,0.018806909374861725,0.021326525353412028,0.02462609517761417,0.02647672302125389,0.025544871726446598,0.027056767070482594,0.027781985454905286,
0.01445509419811363,0.0387979377687042,0.06398937494494612,0.08505237148656206,0.10979830174000689,0.12640061010682407,0.13665451076400975,0.1502555104746442,0.16968032326261406,
0.013915639819413196,0.03698825557088873,0.061220988206796355,0.08112656040036362,0.1035608280632494,0.11767788602699596,0.12490018436269042,0.13423030266433753,0.1469546612580786,
0.01165065204291678,0.03363204002963017,0.05682218956233775,0.07760712929728254,0.10384700559711747,0.12274594949706213,0.13340787796013126,0.1473036360701549,0.16583336625791384,
0.009869892878766204,0.027667741837282375,0.04608456401198071,0.06250161626098938,0.08300769095213174,0.09726080703328896,0.10548554228495309,0.11706115751710895,0.13124864744201678,
0.01292342350923753,0.032183611412385675,0.05073934043923597,0.06501302858567459,0.08151523925261532,0.0920346430812202,0.09861487774061357,0.10764206934098289,0.12047088915731649,
0.011182310975416762,0.02977712893989713,0.04932418303685533,0.06460058049146336,0.08174121012865661,0.09267376521344421,0.09882443412226422,0.10812054461041491,0.1220604838924401,
0.01151661001988762,0.03047995149871219,0.05074820413913255,0.0674765004302955,0.0877215450696072,0.10162620721271046,0.11002389911973763,0.12335633906999631,0.14288255651202425,
0.015036519652456457,0.035426349540529846,0.05504199127416405,0.06964347947702608,0.08590214873674638,0.09729561775235274,0.10419579620278058,0.11398359815878485,0.12738458508159775,
0.013589229294129214,0.037571223759021076,0.06250106601470397,0.08279728157534508,0.10700587446803084,0.1234616933915571,0.13302741461727383,0.1468541376969588,0.16634618216069189,
0.0126490967552762,0.03314217034786914,0.05363297325674003,0.06992368879924764,0.08943529688356679,0.10214540330124076,0.10994305777857581,0.12000338690844715,0.13320549386504252,
0.01404787611540096,0.03793861803057278,0.06206474457453537,0.0823476241233526,0.10702893767604822,0.12373875291123354,0.1337956713605661,0.1472651120984241,0.16500606087685638,
0.016252094413172883,0.04231784544432315,0.06823555944128007,0.08969709792925921,0.1155232636297683,0.13264302808712003,0.14279542818531682,0.15524047586546444,0.17089934045538194,
0.016516718568743823,0.042598458552879935,0.06886300942718125,0.08971392484460824,0.11427567877281583,0.13080533734766944,0.14097703992959415,0.15486145957226768,0.17406185077650757,
0.013800330489900264,0.03672015067038251,0.060536064123846135,0.07964463350296354,0.1017626833589418,0.11694943863504316,0.1255943901079089,0.1380773543282887,0.1564971760861695,
0.014378671115585143,0.03837336663480855,0.06309693806893268,0.08241292390502636,0.1052989144681472,0.1210553132163809,0.1312433647855824,0.14602507181533034,0.16831795702192584,
0.013143462772381962,0.03660151649272224,0.06172972996352988,0.08336782374148688,0.10963602745487251,0.12794007434357701,0.13808477567194208,0.15274261919758644,0.1717945038611337,
0.010617436384021482,0.027324744876490458,0.04432892310661769,0.05817740116275575,0.07464913768717095,0.08577745857793512,0.09225373717023068,0.10107731200633657,0.11204992631223824,
0.016654389402124294,0.04339080189034127,0.06898674855719153,0.09151242245890115,0.11918301099785374,0.13807077058948186,0.15008823331439894,0.16551929056281534,0.18507990531821802,
0.014748278597681463,0.0386623901940466,0.062775552571262,0.08382604159695402,0.10998992666653992,0.12780193996441103,0.13894474746995206,0.15351510033017113,0.17225558131612478,
0.010578278433699012,0.032402793162467254,0.056746899400049344,0.07938333109860632,0.10883147585696076,0.12966290526693205,0.14187362566515838,0.1579531812663611,0.17750312362514287,
0.014155041203246298,0.0287420136887053,0.041400028870398675,0.05004947438456976,0.059379055742137386,0.06624314340061722,0.06956914109630624,0.07596179122926817,0.08424399587072007,
0.012912920368485055,0.03466655431193135,0.05700228793982211,0.07656218182748552,0.10066499728133842,0.11715164659554853,0.1265859854627563,0.13862065510735,0.15386213674365132,
0.01397762455285226,0.03405818634144506,0.05413834964375703,0.07146503236692277,0.09241661584585585,0.10720281425758792,0.11580543007540835,0.1270865115618874,0.14137984478251656,
0.012518692424211372,0.03067082096899808,0.0483511148087052,0.06117940988980312,0.07555648106801223,0.08547665975528712,0.09129030308029386,0.099975924038148,0.11234380108929994,
0.01274816683154729,0.035510979678226265,0.06005867885206925,0.08038512372282682,0.10421620193087831,0.11901104372446508,0.1271322891746147,0.13737736679190957,0.15117173287030553,
0.011015980863291924,0.019925728452508194,0.02687346333276527,0.031210948500613723,0.03553679577201857,0.039234513752555655,0.04115657151734922,0.04497344869442697,0.049463318162728066,
0.014613650631437823,0.039452611769944704,0.06537187333809417,0.08661708116257255,0.11135382866704288,0.12666369684258894,0.1349308904450774,0.14597639028589454,0.1602836520462967,
0.013434281868113058,0.02985205516364076,0.04516081433433067,0.05608668198071597,0.06851378431661763,0.07663267974062649,0.08201389215769728,0.08912513764314538,0.09982070758288593,
0.016339383000009228,0.044812537999718585,0.07436028236403112,0.09888272696320519,0.12854212157163494,0.14868767651846687,0.16137302434261638,0.17850187232406234,0.20390587147113814,
0.012957522985630899,0.03422322430507686,0.05519482541510875,0.07366352267101395,0.0963311120291963,0.11185877302874048,0.12087838343939011,0.133077120174634,0.14836901915914855,
0.012686921475003214,0.03606717288609401,0.06184844061085915,0.08358174636807225,0.10903613774379974,0.12498559733392843,0.13367776125671305,0.1446473355140521,0.16103582152034351,
0.015979656126516282,0.04147325538715313,0.06723847915295929,0.08787337476114847,0.1124829197722842,0.129380851116185,0.1397331465543922,0.15396327043082608,0.17345104307851492,
0.014270483564152501,0.038237819049570736,0.0622065710852352,0.08112242286055388,0.10251584803717513,0.11570378443569043,0.12311841556687603,0.13282332734024058,0.1468833597998859,
0.013095302678810598,0.03446310639490597,0.05541103703551944,0.07253666013131087,0.0924729809067805,0.10497926239736319,0.11236892483452465,0.1221569835345118,0.13519082640603816,
0.012815829972946335,0.024189124963805406,0.03386224094220293,0.03979164343169134,0.04637828372403931,0.051393857205704,0.05453205766405374,0.0586561036057991,0.06574060517855301,
0.010820025218644738,0.018064461126862337,0.023233597037212318,0.026775394313797964,0.03147711847129476,0.03620683574880501,0.03937443137267741,0.04454697837682371,0.052467027852405985,
0.010907589392590542,0.03272598566102339,0.056279142533760894,0.07849200041965644,0.10744617842963068,0.1289598929590985,0.14149741262923043,0.1594278906419151,0.1831772121934444,
0.012472906322413215,0.030557819645951962,0.047827300744837965,0.06093826159357707,0.07566092119118639,0.08550556212165555,0.09085149998998429,0.09909103541336467,0.11114075365833616,
0.010935267625390375,0.029834955321220494,0.04967562783779474,0.06699225318834454,0.0877804083133873,0.10155037484982869,0.10963758227903951,0.11959038629428397,0.13356386637868392,
0.01444129160017479,0.03842270240514605,0.06281224738221745,0.08401572959792598,0.11046192969549289,0.1285807224979545,0.1395040692231537,0.15400698671579674,0.1720563171294395,
0.010220383411173657,0.027574636978285366,0.045935075569669685,0.061525684562630155,0.08017731980414668,0.09231536981356683,0.0996329321142848,0.10883325239892047,0.12210120915716957,
0.012460985604031152,0.035440252925771416,0.06141799454617804,0.08500267524019374,0.11713771616625132,0.1403712896172815,0.1539594806073312,0.1708158964585207,0.19157881758882386,
0.01358433892174677,0.035977478191922437,0.059281437701669173,0.07790504458591699,0.10070723333574212,0.11674437892290726,0.12688257583369403,0.14153536554391968,0.16339602165256215,
0.011007099859635727,0.032630102410711445,0.05658439654139614,0.0781981985302772,0.10469008390002336,0.1227189094231234,0.13285024743942817,0.14569377505001035,0.16071003879883683,
0.01227672721517798,0.02960996684901396,0.045835349656809445,0.057822502023451815,0.07116969922969968,0.08006055139860282,0.08569404727507776,0.09309483673939171,0.1050061900951924,
0.013014408869803462,0.032981007818073935,0.05257662669000558,0.06750531605445087,0.08488608498376655,0.09689917922874122,0.10391278169272636,0.11332371458974438,0.12789992326771252,
0.01288513105995173,0.033107194064363014,0.05349302379366171,0.07201453956595917,0.09491327946192878,0.11049408723812,0.1194881742847356,0.13200371926187057,0.14784493577435148,
0.012168017227036032,0.027816366763959845,0.043155852953408146,0.05427918626974556,0.066380263475787,0.07469876460850233,0.07870156883277916,0.08678895435068563,0.09897665814215387,
0.012511062050315925,0.030388762587244107,0.04972101102490409,0.06550278215640719,0.08461150719475481,0.0987398055425264,0.10738444160374501,0.11933386579358657,0.1371329737211219,
0.011709657439164646,0.031687294525749435,0.05119691151183932,0.0688797707278304,0.09047991903326756,0.10559941278501485,0.1143245737541416,0.12641982773329818,0.141168341190153,
0.012626358190052919,0.032383031938771845,0.05258673558360044,0.06827006621240629,0.08599988240110788,0.09715683531970608,0.1043764546052512,0.11251750154072813,0.12138528467708666,
0.01265355665402507,0.03224478854645428,0.05204417619339998,0.06930062483667104,0.0894700475892749,0.10308512505782348,0.11075766452727712,0.12174754404790032,0.13641365787654916,
0.01241174005603711,0.03281036746409401,0.05396748933182966,0.071722933576615,0.09202020229494089,0.10501825550680159,0.11240237733416947,0.12213936982064433,0.13397243847233495,
0.014379146211788082,0.03695293151020889,0.05892467767661942,0.0765092210372021,0.09586486046905063,0.10832980496640589,0.11521597275938804,0.12557614167292638,0.1385259539820583,
0.018788791000928586,0.0444317717600027,0.0688812934392312,0.08882476628629378,0.11177102592882325,0.12658324356309664,0.13502745939800342,0.14591344647391247,0.1596473080851206,
0.012776925029672972,0.034774667045682335,0.057945201604505676,0.07610191714665673,0.09695858565943959,0.11029103524431602,0.11847529666171373,0.1299779046790208,0.1477285423821115,
0.009763520352564283,0.027600737760356122,0.04639261421857982,0.06366618352364972,0.08584447893497107,0.10203880711195841,0.11143911940760177,0.12408968465156266,0.14098726443314374,
0.013427399407817722,0.03316218702991967,0.05310109190368934,0.067966092807179,0.08539398795800333,0.09783403075332621,0.1058389072621667,0.11839993012234107,0.13857977513690836,
0.01318521753367746,0.034581997611238896,0.05557502405165353,0.07089239295265816,0.08645639829817345,0.09498309039025334,0.09983300237718008,0.10530609706666537,0.11088047251552875,
0.008108618608088746,0.02316850664997768,0.03838445040876155,0.05188902445932973,0.06911555789339237,0.08087535635017708,0.08817772631422828,0.09718519589793687,0.10847425282798775,
0.014268206501581258,0.03839041999465474,0.0631095915670218,0.0820064123138967,0.10311600105182483,0.11661510370270307,0.12481312909431813,0.1373020211741824,0.15583130661684225,
0.01293431516591074,0.03346367345637071,0.054180845906664346,0.07147816715458927,0.09305060789739475,0.1077352226688669,0.11672314825411455,0.1281003390074246,0.14402159012302562,
0.012655639769578154,0.036399013253598504,0.062130448203323176,0.08363716852275427,0.1099027978382165,0.1278757426919306,0.13896118907750138,0.1546033077087614,0.1782298978445429,
0.014851661824680232,0.03863692646879429,0.06345995704953701,0.08484200069389497,0.11040414191766722,0.12725488611471397,0.1363997734103242,0.1479035773815696,0.16157457059798902,
0.012910054601716639,0.03254478245405507,0.051972293784219345,0.06695483886986991,0.08383935587759497,0.09543123005171122,0.10263069392159478,0.11318814664633715,0.12840535327590966,
0.01153850219784801,0.031573011541170544,0.05249583826214214,0.07024527105989961,0.09119223709153348,0.10473278253996189,0.11295509558843984,0.12338334690596728,0.13816088402020196,
0.013921302992510053,0.03629850249651944,0.05797686405465911,0.07624134510762702,0.09758506280555677,0.11176143539419546,0.12017661739623597,0.12971449116928802,0.1418592555138069,
0.013970217751138448,0.0381682391682352,0.06357885411919166,0.08414791756641184,0.10823184480086931,0.12435051475813685,0.13410462921403618,0.147506628471863,0.16664793595589725,
0.01397349427826947,0.03650853332302635,0.059586634096067126,0.07857463131861343,0.10150234883547073,0.11645101923881192,0.12502884296619166,0.1367793709138932,0.15188431147191772,
0.013846094913302007,0.03495697701670976,0.0560421540804499,0.07395896875678974,0.0951372379253144,0.10936815733979058,0.11757451552532323,0.12786109339028331,0.14098851166461937,
0.009929185904054503,0.02650423595605486,0.04331205061879117,0.057553890184359094,0.0747376224808799,0.08645254306938252,0.09288208688423073,0.10224916318713666,0.11542204022275963,
0.00908684944479237,0.025638191862847146,0.04381362420125274,0.05986905270508367,0.08140642064935667,0.09633961136907489,0.10561541515723367,0.11745661837662423,0.13425868997282106,
0.011903996427322344,0.02298828767553209,0.03204253240831624,0.03796487814086213,0.0450810379695474,0.05018558787594729,0.054345544105775793,0.058923780413227295,0.06524139017720468,
0.014013229672788173,0.03223839540530451,0.050335475491255555,0.06394329100986519,0.08081286387184464,0.09357120442474333,0.10114020804693165,0.11267192882618808,0.12888336209624038,
0.012293491951791415,0.03558177089605089,0.06083558454113281,0.08328088460884998,0.11176498847623753,0.13139857719319153,0.14277227932777584,0.15713262113963392,0.17545904566273335,
0.014589511428217952,0.0363971005220243,0.057441795487381445,0.07461685027302462,0.09475019553754445,0.10779395522423453,0.1147273711198503,0.12457388278379875,0.136050885273428,
0.010988631960142506,0.030623693828059226,0.05131675743293216,0.06886402224239417,0.09038499550213422,0.10525807937287004,0.11347915514127488,0.12534009005484845,0.1410908911520651,
0.010086668574396508,0.026845291113492212,0.043395346762226186,0.05731558347310361,0.07330339634789963,0.0831580881004679,0.08873481496738836,0.09627666496140681,0.1059470226141518,
0.013772875452336172,0.0336705559439387,0.05331663291027473,0.06811359158254822,0.08483076537419774,0.09601719414230069,0.1026502484464884,0.11176383335548905,0.12487793469366547,
0.01501326608547837,0.03634930073024739,0.05756384951442862,0.07345230663354486,0.09230416434537539,0.10581749162686192,0.11418251514100682,0.12628468597957992,0.14406440778153165,
0.0132671433621359,0.032992067238546634,0.0523072264603026,0.06782955402225176,0.0854920888945172,0.09712508498063245,0.10424639795150142,0.11391354151913545,0.12741600228854108,
0.010968357864554074,0.029968650957593768,0.04893982024912443,0.06572314743303362,0.08563496641527413,0.09869231246445417,0.10629955344847242,0.11633191697442775,0.12926512719482755,
0.011608763372727548,0.024721146662208128,0.036838578381521936,0.045382450107469545,0.05641547211343933,0.06549861136224827,0.07220332897632756,0.08309863337942629,0.0976473828321325,
0.012856453104963242,0.035394175378542114,0.0588427397146312,0.07916068715972985,0.10396752012257371,0.12108973169762387,0.13158694720495848,0.1451701584204381,0.16419227187576646,
0.013348552231394238,0.02796036271935101,0.04100338339591843,0.05036617227784858,0.06014245470102087,0.06737200900946623,0.0721077552259338,0.07875008256492892,0.0899248380329303,
0.014009498831260757,0.034554404905359694,0.05481131332509119,0.07029684327010355,0.08793622539527284,0.10023730800337666,0.1078724636361404,0.11928415359572946,0.13660837707160287,
0.008856632485146057,0.026557005163816694,0.04611951460732673,0.0643169755429346,0.088667351379634,0.10646068703224634,0.11765482198779768,0.13208607887930437,0.15020133081114914,
0.008407006139420407,0.024183225928915506,0.04186973515317665,0.057445224250100825,0.07685171467018038,0.09017459438591718,0.09787302009184246,0.10810169218429748,0.12246967331179442,
0.012819084035124143,0.029496234228809936,0.04703690911465426,0.06022369219417264,0.07608384736509953,0.08839198436401928,0.09671089156314502,0.10871797657194911,0.12712238346616633,
0.014933501387327155,0.03872678047506617,0.06210420770564618,0.08063812889580119,0.10240580675806533,0.11674199241118516,0.12485796324283083,0.13635555958046927,0.15121340682200207,
0.014155382355930649,0.03708069573706729,0.0594566265080393,0.07781296433579896,0.09878646101928473,0.1124328522869017,0.12001887499342673,0.13133831184026235,0.14638849076103444,
0.013644673069268056,0.03596493399824657,0.05943585842448394,0.07942592028344074,0.10473929634592695,0.12325563053575522,0.13415562148213764,0.15100733117440068,0.17283261384753565,
0.013809391229529244,0.03708873035251953,0.0617251471679521,0.0830327692990704,0.1101150688378095,0.13017278012472386,0.14292310292168867,0.1602984455802286,0.18486462367472695,
0.01631652544279968,0.040702977698156846,0.06425011196564731,0.08404001502152839,0.10704462234180899,0.12185876725728392,0.13031772996456298,0.14129675422564342,0.15508691645023726,
0.014677279399664556,0.04026477302134324,0.06667188491328892,0.08773017650828613,0.1119915073432257,0.12760715597566397,0.13666831511667177,0.1496996825966901,0.16861333226696018,
0.012316145988126212,0.024520353461330312,0.035200864181571555,0.04229129402668106,0.05128390943312424,0.057991475818360214,0.06205411048620721,0.06946291165586149,0.07938667889807105,
0.01031877696682716,0.027833281269488804,0.0452108107740496,0.060705579282528295,0.08007396865951179,0.09386086321386132,0.10215084576562809,0.11314112689362571,0.1271658612352056,
0.012362977440783103,0.03403960634120296,0.05678006820261509,0.07517809102978211,0.09725336222797196,0.11179774146769746,0.12019652499930558,0.13116006013658932,0.14401158244147533,
0.014213615997590969,0.03785500672542685,0.06227207809332733,0.08115887564199652,0.10178031494537984,0.11457848650776363,0.12182762451539347,0.1326211141001422,0.14810960052601294,
0.01225289038001582,0.03394198952898896,0.056646074201457904,0.0767751640274459,0.10232242522693123,0.12049624554821152,0.13133303717017977,0.1464245016428753,0.16631720690561003,
0.017546219284865654,0.045732866712184086,0.07377335769859661,0.09687709396188392,0.12386386732617531,0.1416236036282709,0.15122134556897032,0.16407560343952787,0.18050556173953375,
0.012605041640742607,0.03456473416480613,0.05716269493438734,0.07704586738219277,0.10213940322910046,0.12014913803198123,0.13095285330511405,0.14538192648073506,0.16587200433235427,
0.013504581840305582,0.03442285336765779,0.054955714439894054,0.07218445030432141,0.09193581481714716,0.10436518302073208,0.11109065322817575,0.11990943240537419,0.13064818320140248,
0.011822639616631929,0.030460196056089912,0.04999323275607048,0.06549796522531526,0.08461714037144968,0.09868026788371517,0.10757827463321556,0.12229589785284654,0.14518876698354438,
0.016612535431727225,0.04281887859389149,0.06942099418510267,0.09175640483579384,0.11801661169653715,0.1353889677626751,0.14521609545959915,0.15785030445048848,0.17378556100711826,
0.011742691738024598,0.031063528880608884,0.05020027943479927,0.06662462849515191,0.08641801482051253,0.09981826585814339,0.10731125877690773,0.11763500941086137,0.13110971969245327,
0.01256855107447308,0.028097686021614464,0.04251680564184456,0.052452820710028054,0.06361866104455595,0.07186888352256512,0.07719571811452751,0.085333129349918,0.09747691265869554,
0.014252652511495309,0.03684396850172233,0.06025567745650661,0.07962027267311646,0.1041459613290586,0.12184447060511162,0.13334927069318045,0.147749982927116,0.16829433252163553,
0.009936039697344192,0.02837537610927374,0.048548979458075084,0.06527922026314364,0.08506722392902655,0.09808211300335727,0.10481924171767425,0.11520443870554573,0.1302111299902186,
0.014071019936390736,0.035655907349162484,0.057122175047476756,0.07468433652336916,0.09553542244011624,0.10918582359697833,0.11705651801662592,0.1280313911445426,0.141778780936036,
0.013950669386497984,0.03211814401597745,0.04976322698670174,0.06292185010158981,0.07896665817718494,0.08992887245720585,0.09707440171209926,0.10869998202451832,0.12430577037867713,
0.012443515325939456,0.034519330161869616,0.0585481196362276,0.07814137035448712,0.10072436940563985,0.11511330050828285,0.1232384124856825,0.13448080818206884,0.1509309505175082,
0.015342884239178428,0.03716296670519708,0.058846165068505964,0.07542734416988128,0.09433873138865441,0.10689424038996624,0.11470241084697974,0.12483389175303095,0.1395380873506112,
0.013290617859356993,0.02956443497376582,0.0447555546641231,0.05590498063007473,0.0680425014386294,0.07643274274873377,0.08132689803878888,0.08790395917943368,0.09815858801203589,
0.01331158644578333,0.03690277463299635,0.06150932071167135,0.08204191969921262,0.10535379399340274,0.11999483987751673,0.12836383289787445,0.13958710991442558,0.1552076640485261,
0.013030044368650018,0.026727618996485042,0.039261676486558136,0.047864713939733475,0.058048616055203325,0.06580050777952633,0.07117202258068515,0.07858845313589627,0.09095961572906429,
0.015125763461186105,0.04146359315177438,0.06876377358256557,0.09041835206786664,0.1150964873831886,0.130819824163736,0.13982542707425613,0.1524481344823849,0.1700037388804676,
0.015772999857142637,0.041450847259366194,0.06761556708513844,0.08985117533791015,0.11713719009839946,0.13583496324589028,0.14716033961336428,0.16244760209012118,0.18229238202387357,
0.013599502929640775,0.032639718084040495,0.05169436748750481,0.06680850687328453,0.08466168284759905,0.09740586246176275,0.1052470019614246,0.11574984357182995,0.13127044529257048,
0.01070624217353043,0.0280264010748424,0.04528998693044767,0.06072413081198047,0.07964218162371273,0.0930569279499061,0.10052461708952727,0.11103215692952068,0.12474698774009595,
0.015736496391103753,0.03810217009969797,0.06031192161249819,0.0794062055610657,0.10240879525837827,0.11800637796654458,0.12700913851372087,0.13903587615963986,0.15335959059980833,
0.013024477681560367,0.027513969431332507,0.04115236409260267,0.05071566137098853,0.060564861843225626,0.06583321506354302,0.06985384107402708,0.07461277277758595,0.085288373055929,
0.014983574708439038,0.04033505352276362,0.06644296470950208,0.08826011877980171,0.11426693164519464,0.13205911677782928,0.1426325987217796,0.15842471257326826,0.17939258301334915,
0.012225259503382536,0.03353471349795242,0.05546590042760245,0.07516399380711658,0.10029663039177485,0.11819509798964162,0.12895052907935095,0.14353371567071346,0.16189062583074265,
0.014063132253698526,0.037187684391300435,0.06118149474492774,0.08063740905630651,0.10486083822613745,0.12244929391455271,0.13297646395770088,0.14889965422829385,0.171328292574113,
0.012549846099060555,0.03137098627921709,0.04998069623053588,0.0641723410943095,0.07960932146078839,0.08980776658899234,0.09579478420352891,0.10412704628312523,0.11659283136932688,
0.016848159717128358,0.04636670608676834,0.07689755064221168,0.10169454315922873,0.1296486798276132,0.1473343024024806,0.1565230533333733,0.1685447991582257,0.1835527429777841,
0.012836081604285907,0.027826285683914296,0.04092851535744012,0.04934010282304517,0.058151920157524475,0.06303957938523351,0.06808050843024165,0.073775208840397,0.08243318109338332,
0.015383143564862894,0.038910650323269444,0.06292767334653915,0.081970610547989,0.10410980578270239,0.11904217639373466,0.1275241275615259,0.14014481173467888,0.15750768897137132,
0.012379408776304055,0.035037477914529505,0.05949825971831568,0.07982515320196228,0.10414754683377002,0.11974283524127208,0.1283961308973475,0.14130239185136867,0.15872367184575606,
0.01709748305850322,0.04381000285119249,0.0700335683787968,0.0918155676985467,0.11708640750173062,0.13368876060450066,0.14282775891861002,0.1550476699692779,0.16922132870242101,
0.00916042794820043,0.02669921579307035,0.04607875747152867,0.06362900320580966,0.08619897952899919,0.10269782027625496,0.11185854602256484,0.12427658167440915,0.14123204370993414,
0.011726643237364904,0.02200390792508459,0.03013833627150957,0.034515802299159154,0.038381923552767594,0.040613205898812184,0.041368781048751475,0.039605847059150004,0.032685545505890916,
0.011470120223645307,0.03155597185139114,0.05334871697220593,0.07130933277151995,0.09197196170636915,0.10508015997159967,0.11216272006010443,0.12307025134145186,0.1388363649851748,
0.014505534854025724,0.0384516293961825,0.06305601187978153,0.08325546961746651,0.10661742853607585,0.1217256703274429,0.1299180281038099,0.14113360192193888,0.1555272948340152,
0.01647935941223014,0.04485016863664447,0.07446002351224654,0.09940094628293171,0.12988390865307434,0.1503269639695366,0.1622851350674984,0.1781704442023536,0.19840184220846183,
0.011361993706033843,0.031720195873369876,0.05382784458139854,0.0723290953200864,0.09525961024383606,0.11055622982696525,0.1196815244043276,0.132843545144092,0.15175402683022113,
0.012641328460653006,0.024627555014599317,0.033950968145500277,0.03924387870649381,0.045076629924563065,0.049207415560859245,0.0524043216510597,0.05694356081452235,0.06873979085427169,
0.01628091994528448,0.03508953179026565,0.05531158501732647,0.07042832657295862,0.08823878318875172,0.10023241041248036,0.10646288504305622,0.11541487637343019,0.12609097053041612,
0.016253453573781256,0.0353538052956176,0.053256445601248516,0.06686687811486093,0.08271206844647477,0.0923233517770978,0.09845478121483159,0.10358765440423184,0.11272142550691253,
0.016472753133341334,0.04260645109087406,0.06844469686541355,0.08957692274104233,0.1146565407320814,0.13101946293855668,0.14061732546678837,0.15426239884744772,0.17237856775587826,
0.013781045405326323,0.02708747491222519,0.03939047273353993,0.04785171306095038,0.05771173527361737,0.0643738277888959,0.06951045438953747,0.07721409354820172,0.08876093210256458,
0.014360109315277586,0.03856318673237935,0.06366820486463792,0.08535291547520127,0.11118778573070334,0.12872211196920924,0.14011329348920906,0.1538222139717679,0.17331369991984763,
0.013833008345461398,0.03756216888623728,0.06206140502375319,0.08219494652501266,0.10523692077969633,0.12113936844214246,0.12941098500026577,0.1404281657902207,0.15460170222677888,
0.015260892985555281,0.03987327337024376,0.06444102624856303,0.08433938952931419,0.1078336572335843,0.12361233936332251,0.13220802193731956,0.14451223354334633,0.1604729208629818,
