0.0460588,0.0431492,0.0415684,0.0398027,0.0343212,0.0324829,0.0296827,0.0283091,0.0256624,0.0230054,0.0208568,0.0186798,0.016217,0.0142753,
0.0760315,0.0751523,0.0745638,0.0730396,0.0560412,0.0497202,0.0426867,0.0350655,0.0289033,0.0219372,0.0167693,0.0140599,0.008978,0.0052604,
0.0501628,0.0486982,0.0467512,0.0447319,0.0353135,0.0328512,0.0303977,0.028479,0.0264447,0.0237409,0.021802,0.0201748,0.0177501,0.0158371,
0.0131357,0.0130995,0.0129746,0.0131788,0.0115994,0.0119562,0.0119929,0.0111557,0.0115626,0.0113241,0.0113228,0.0107509,0.0104366,0.011064,
0.0315359,0.0316497,0.0306825,0.028283,0.0230717,0.0218113,0.0205301,0.0196582,0.0188214,0.0176103,0.0168424,0.0160948,0.0147881,0.0141175,
0.0418406,0.0418172,0.0413847,0.0406681,0.036433,0.0347985,0.0327475,0.0310765,0.0283138,0.0257429,0.0239495,0.0211024,0.0178865,0.014861,
0.042671,0.0417164,0.0408472,0.0396962,0.0338116,0.031887,0.0298672,0.0276274,0.0256035,0.0234714,0.0216144,0.019582,0.0175939,0.0159511,
0.0377843,0.0379226,0.0372552,0.0371057,0.0323776,0.03077,0.0289122,0.026977,0.02523,0.0232796,0.0205432,0.0186483,0.0165828,0.0155136,
0.0507934,0.0504152,0.0494914,0.0486131,0.0398515,0.037091,0.0334771,0.0305746,0.028637,0.0268152,0.0231086,0.0194432,0.0156212,0.0133864,
0.0282351,0.027614,0.0273687,0.0260178,0.0235192,0.0226401,0.0215703,0.0207246,0.0198466,0.0184119,0.017917,0.0160639,0.0155722,0.0137606,
0.0344419,0.0349797,0.0347341,0.034644,0.0333563,0.0326665,0.031473,0.0307412,0.0291349,0.0271257,0.0249895,0.0229686,0.0201841,0.0184077,
0.0381732,0.0368643,0.0354869,0.0335968,0.0269064,0.0254501,0.0234072,0.0217211,0.0199083,0.0183799,0.0161859,0.0152406,0.013567,0.0120866,
0.0371642,0.0360736,0.0344367,0.0332942,0.0269199,0.025474,0.0238272,0.0219408,0.0205719,0.0182748,0.0166711,0.0156073,0.0134207,0.0131051,
0.0442634,0.0444019,0.044049,0.0437041,0.0379995,0.0358775,0.0343359,0.0303944,0.0284511,0.0245967,0.0222899,0.019194,0.0167996,0.0131469,
0.0684871,0.0635666,0.0581794,0.0533224,0.0403397,0.0386643,0.0351708,0.0322044,0.0285049,0.0244633,0.0213122,0.0176642,0.0151909,0.0126407,
0.0755461,0.0676369,0.0614605,0.0580118,0.0491097,0.0442474,0.0408775,0.0388327,0.041498,0.0568974,0.0547416,0.02905,0.0194568,0.0124298,
0.0664438,0.0616036,0.0581303,0.0558217,0.0444685,0.0392163,0.0346342,0.0305392,0.0261,0.0215423,0.0172304,0.0123229,0.0122902,0.0109334,
0.0270887,0.0274041,0.0281008,0.0284677,0.026721,0.0257057,0.0235918,0.0218229,0.0202955,0.0182276,0.0162564,0.0143298,0.0121624,0.0105518,
0.0251814,0.0258256,0.0253931,0.0255393,0.024346,0.0243684,0.0237054,0.0232214,0.0228854,0.0224469,0.021547,0.020824,0.0198288,0.0189855,
0.0189168,0.0187365,0.0183113,0.0185575,0.0171001,0.0162191,0.0159114,0.0149409,0.0136536,0.0131135,0.0121423,0.0120841,0.0102729,0.0096783,
0.051403,0.0515449,0.0501295,0.0495438,0.0429301,0.0403946,0.0380805,0.0351546,0.0322601,0.0291201,0.0260321,0.0210254,0.0162925,0.0125574,
0.0642124,0.0640838,0.0632247,0.0622435,0.0512252,0.0471781,0.0423453,0.0382299,0.033418,0.0285705,0.0233645,0.0187323,0.0159245,0.0124185,
0.006198,0.0052095,0.0058066,0.0059376,0.0070597,0.0044622,0.0056949,0.0057979,0.0055645,0.0052442,0.0063543,0.0051878,0.0061431,0.0064252,
0.0324628,0.0327159,0.0321483,0.0318527,0.0267269,0.0250878,0.0243816,0.0231726,0.0212131,0.0206533,0.017981,0.0169036,0.0140217,0.0130901,
0.0470138,0.0462213,0.0458145,0.0447463,0.0368803,0.0353133,0.0325277,0.0301915,0.0275137,0.0253478,0.022349,0.0198025,0.0173018,0.013808,
0.0484415,0.0471735,0.0447936,0.0425432,0.0345296,0.0327219,0.0306702,0.0293208,0.0263484,0.0246131,0.0216605,0.0193633,0.0181268,0.0154884,
0.0222489,0.0211145,0.021537,0.0211458,0.0200135,0.0199002,0.0196652,0.0191617,0.0195988,0.0191166,0.0191495,0.0191004,0.018463,0.0182274,
0.0457823,0.0461358,0.0464584,0.0474232,0.0452361,0.0430525,0.0400049,0.0359884,0.0318131,0.0277741,0.0236618,0.0193109,0.0160197,0.014089,
0.0430174,0.0424764,0.0417294,0.0414567,0.0348579,0.0330657,0.0307867,0.0289297,0.0272956,0.0246512,0.0236605,0.0209619,0.0197213,0.0181287,
0.061304,0.0608357,0.0587855,0.0586209,0.0506399,0.0478855,0.0452632,0.0428341,0.0404189,0.0368965,0.0347387,0.0310871,0.0282287,0.025894,
0.0457731,0.0463225,0.0461503,0.046206,0.0406869,0.0380239,0.034774,0.0313809,0.0277791,0.0237064,0.0193436,0.0161851,0.0132394,0.0091389,
0.0392414,0.0382731,0.0363896,0.0350914,0.0304025,0.0293098,0.0278505,0.0262573,0.0251993,0.0228046,0.0206216,0.0182729,0.0159589,0.0127141,
0.0510863,0.0521424,0.0512188,0.0508746,0.050027,0.0490826,0.0484605,0.0481441,0.0475168,0.0464729,0.0452424,0.0443715,0.0422036,0.0400745,
0.0123769,0.0120906,0.0123344,0.0116792,0.0113808,0.0110761,0.0114552,0.0109851,0.0111602,0.0106182,0.0105948,0.0097839,0.0111992,0.0093067,
0.0519285,0.048846,0.047313,0.0462344,0.0459084,0.0437946,0.0421401,0.0391435,0.0361134,0.0319081,0.0284392,0.0260763,0.0217643,0.0192642,
0.0448723,0.0450666,0.043352,0.041887,0.0343703,0.0320882,0.030003,0.0278881,0.0261479,0.0241355,0.0213602,0.019381,0.0170993,0.0152432,
0.0506569,0.0492184,0.0474005,0.045117,0.0351498,0.0323577,0.0301622,0.0282327,0.0257256,0.0230181,0.0210335,0.0184667,0.017335,0.0157374,
0.0463266,0.0455531,0.0453824,0.0443898,0.0361127,0.032739,0.0295903,0.0260479,0.0219004,0.0188058,0.0158863,0.0120422,0.0096371,0.0072201,
0.0566565,0.0569401,0.0570504,0.056712,0.0482874,0.0439894,0.039309,0.0344689,0.0289667,0.0238742,0.0185029,0.0145617,0.0112054,0.0076009,
0.038317,0.0377255,0.0373654,0.0365384,0.0304934,0.0286686,0.025494,0.0228243,0.0199979,0.0171164,0.0142176,0.0114116,0.0085304,0.0069177,
0.0680264,0.0672343,0.0661798,0.0647398,0.052144,0.0477743,0.0426004,0.0383486,0.0327953,0.0277435,0.0233524,0.0191793,0.0151171,0.0122973,
0.0276553,0.0273678,0.0276703,0.0274676,0.0266179,0.0260453,0.0249221,0.023579,0.0227454,0.021499,0.0208521,0.019055,0.0173883,0.0159276,
0.0842779,0.0798332,0.0745096,0.0697013,0.0498071,0.0424593,0.0360098,0.0286369,0.0224034,0.0161178,0.0119664,0.0066248,0.0042061,0.0025499,
0.0508917,0.0495972,0.0484731,0.0469804,0.0377507,0.0344936,0.0317613,0.0295654,0.0265888,0.0231005,0.021391,0.0184148,0.0160048,0.0141579,
0.0451298,0.0441001,0.042902,0.0412449,0.0324995,0.0301751,0.0279413,0.0254896,0.0235752,0.0214299,0.0197396,0.0181282,0.0158564,0.01393,
0.0562382,0.0551447,0.0539128,0.0527111,0.0453407,0.0430813,0.0405459,0.0378299,0.0350504,0.0318843,0.0283476,0.0257397,0.0224865,0.0197671,
0.0294577,0.029393,0.0297447,0.0285926,0.0263018,0.0254919,0.0245847,0.0235873,0.0221835,0.0213754,0.019758,0.0185239,0.0168095,0.0161791,
0.0495058,0.0487996,0.0466616,0.0442307,0.0373797,0.0344525,0.0318321,0.0295762,0.0270357,0.0250705,0.0224985,0.0200144,0.0171156,0.0140468,
0.0360069,0.0358359,0.0351921,0.0347339,0.0314978,0.0300181,0.0287129,0.0271386,0.0262924,0.024412,0.0231821,0.0218029,0.0195295,0.0177668,
0.0599963,0.0595743,0.0588338,0.0578578,0.0493319,0.0452575,0.0413717,0.0366951,0.0326132,0.0270123,0.0226782,0.0184003,0.0159222,0.0122364,
0.0418647,0.0421379,0.0409346,0.041288,0.0401572,0.0400857,0.0401295,0.0389935,0.0392264,0.0385054,0.0374747,0.0366151,0.0338419,0.0321549,
0.0530759,0.0521918,0.0505904,0.0494107,0.0395981,0.036667,0.0338064,0.0311694,0.0288341,0.0260003,0.0242839,0.0217534,0.0191113,0.0177003,
0.074827,0.0741535,0.0727872,0.0709905,0.05267,0.0461364,0.0387438,0.0329164,0.0266714,0.021362,0.0158574,0.0132698,0.0092815,0.0096718,
0.0454744,0.0451246,0.0450359,0.0444247,0.0364807,0.0338432,0.0313432,0.0277261,0.0243829,0.0215256,0.0179733,0.0149661,0.0119531,0.0096861,
0.0666757,0.0612545,0.0561967,0.051727,0.0373849,0.0351105,0.0332962,0.030144,0.0264409,0.0243982,0.0219026,0.0185768,0.0153945,0.0120483,
0.0289081,0.0283931,0.0289612,0.0290442,0.0280598,0.0275224,0.0273397,0.0275279,0.0263606,0.0264223,0.0260137,0.0266383,0.0255751,0.0248313,
0.0104746,0.0109542,0.0111425,0.0114671,0.0102583,0.0101419,0.0108624,0.0105612,0.0097824,0.0100836,0.0099357,0.0097849,0.0094613,0.009605,
0.0192824,0.0187692,0.0193395,0.018182,0.0171371,0.0166071,0.0163922,0.015546,0.0156928,0.0142878,0.0142425,0.0133181,0.0132035,0.0124213,
0.0525432,0.0506142,0.0501448,0.0479974,0.0415378,0.0391923,0.0371751,0.0350941,0.0316356,0.0286624,0.0258777,0.0238811,0.0213064,0.0199467,
0.0438533,0.0433647,0.0433227,0.0427707,0.0413401,0.0405042,0.0387506,0.0371355,0.03497,0.0334117,0.0290848,0.0268179,0.022988,0.0205154,
0.0355622,0.0349131,0.0342127,0.0333783,0.0292026,0.0277326,0.0265238,0.0254299,0.0237528,0.0231043,0.0212992,0.0200115,0.0188621,0.0168697,
0.0666801,0.0669018,0.0660702,0.0657954,0.0596176,0.0569384,0.0544854,0.0511238,0.0471132,0.0431685,0.0386393,0.0345664,0.0307008,0.0260273,
0.058939,0.0581637,0.0578147,0.0568231,0.0494836,0.047197,0.0433193,0.0399631,0.0363049,0.0316815,0.0277078,0.0234881,0.019129,0.0149236,
0.046655,0.0460294,0.0446342,0.041961,0.0302036,0.0266186,0.0231694,0.0209083,0.0196184,0.0172842,0.0137539,0.0102422,0.0089994,0.0067343,
0.0457336,0.0465197,0.0471557,0.0470838,0.0389264,0.0352938,0.0313102,0.0271351,0.0232196,0.018889,0.0154026,0.0125755,0.0087198,0.006829,
0.0488192,0.0471178,0.0460617,0.0450343,0.0423083,0.0409616,0.0393782,0.0373293,0.0348617,0.0320788,0.029455,0.0261454,0.0231223,0.0198563,
0.0450491,0.0444796,0.0438415,0.0423202,0.0286915,0.0241148,0.0200387,0.0178367,0.0178593,0.0170363,0.0134334,0.0106664,0.0109451,0.0086848,
0.0396933,0.0400269,0.0401032,0.0396085,0.0374254,0.0357007,0.0341035,0.0332301,0.0311026,0.0293365,0.0266086,0.0246552,0.0217352,0.0191506,
0.0651916,0.065121,0.0641385,0.0625806,0.0572079,0.054867,0.0528875,0.0514637,0.0483832,0.0464799,0.0434081,0.0397362,0.035099,0.0318593,
0.0806351,0.0819939,0.0823467,0.0825167,0.0699543,0.0648597,0.0572664,0.0498174,0.042164,0.0344575,0.0279617,0.0214209,0.0157166,0.0124882,
0.0749565,0.0752889,0.0757287,0.0751544,0.0657264,0.0620984,0.0573622,0.0524678,0.0487616,0.042207,0.0366607,0.0313519,0.0256776,0.020203,
0.0385475,0.0372979,0.0363816,0.0350637,0.0288824,0.0274802,0.0256966,0.0240298,0.0225471,0.0210485,0.0193436,0.0176972,0.0166332,0.014748,
0.0251612,0.0244758,0.0239839,0.0243823,0.0202476,0.0191426,0.0186754,0.0172081,0.0163385,0.0154537,0.0140578,0.0133281,0.012709,0.0108625,
0.0460527,0.0452194,0.0442757,0.0432269,0.0342248,0.0321445,0.029714,0.0277439,0.0251841,0.0227278,0.0208868,0.0184201,0.0167588,0.0144598,
0.0746517,0.0734458,0.0727517,0.0703178,0.0590811,0.0544731,0.0499999,0.0461044,0.0408913,0.0357414,0.0298359,0.0253144,0.0206146,0.0160018,
0.0375563,0.0381757,0.0380329,0.0379369,0.0336557,0.0323225,0.0305995,0.0290403,0.0273689,0.0252395,0.0239128,0.020785,0.0170154,0.0145939,
0.0866959,0.0820686,0.077019,0.0718669,0.0485337,0.0441637,0.0406977,0.0373037,0.0339358,0.0312703,0.0289922,0.0250583,0.0220863,0.0191872,
0.0510686,0.0481483,0.0459554,0.043965,0.0325878,0.02969,0.0255435,0.0226045,0.0207537,0.0180529,0.016363,0.0133554,0.0111385,0.0100574,
0.0412825,0.0404443,0.0405011,0.0393385,0.0338835,0.0304409,0.0278449,0.0258929,0.0246445,0.0227203,0.0208251,0.0189757,0.0158278,0.0145377,
0.0841791,0.0799392,0.0769586,0.0742643,0.0681376,0.0642924,0.0601966,0.0542478,0.049446,0.0426546,0.0369153,0.0303709,0.0240407,0.0184663,
0.0116272,0.0114074,0.0117377,0.0110224,0.0106817,0.0097993,0.0098578,0.0099292,0.0094089,0.0090713,0.009046,0.0086967,0.0089246,0.0084442,
0.0702981,0.0690259,0.0667663,0.0643241,0.0510345,0.048048,0.0446129,0.040773,0.0378988,0.035655,0.0320982,0.0287754,0.0261778,0.0233855,
0.0641896,0.0631573,0.0619459,0.0602606,0.0484648,0.0445316,0.0402288,0.0358567,0.031336,0.0264665,0.0221133,0.0174423,0.0143032,0.0100857,
0.0811154,0.0779417,0.0744484,0.070981,0.0555361,0.0517235,0.0480208,0.0438215,0.039336,0.0340832,0.0298192,0.0240942,0.0190682,0.0157792,
0.0357007,0.0360253,0.0352535,0.0351909,0.0325646,0.0320016,0.0301805,0.028983,0.0272353,0.0252275,0.0234885,0.0209211,0.0186948,0.0156477,
0.044202,0.0445462,0.0443584,0.0438241,0.0401963,0.0386747,0.0372067,0.0355023,0.0333768,0.0312517,0.0290958,0.0265834,0.0240568,0.0214925,
0.0472794,0.0475394,0.0473857,0.0465397,0.0409732,0.0395313,0.0384453,0.0366642,0.0351361,0.0320154,0.0283889,0.0255997,0.0222807,0.0196011,
0.044602,0.0445645,0.0440348,0.0439339,0.0388109,0.0375331,0.0353751,0.0330741,0.0297707,0.0272289,0.0243191,0.0218138,0.0186238,0.0153441,
0.0497722,0.0491325,0.0479193,0.0461295,0.0384612,0.0354519,0.033249,0.0304421,0.0273031,0.0243944,0.0211073,0.0177234,0.0122873,0.0113112,
0.0342361,0.0337965,0.0336079,0.0329265,0.0292288,0.0284265,0.0260063,0.0240974,0.0220077,0.0197366,0.0186353,0.0155872,0.0140873,0.0125323,
0.0572703,0.0553361,0.0544706,0.0533898,0.0384421,0.0334059,0.0244231,0.0147669,0.0112989,0.0088088,0.0073868,0.0037228,0.0025726,0.0009822,
0.0837583,0.0851096,0.0848849,0.0837653,0.0645698,0.0564587,0.0481705,0.0399111,0.0329215,0.0264876,0.0199202,0.0159139,0.0112597,0.0094659,
0.0415164,0.0404531,0.0390422,0.0369518,0.0283444,0.026143,0.0239097,0.0221772,0.0200045,0.0184687,0.0166525,0.015175,0.0139481,0.0130058,
0.0327724,0.0326776,0.0320359,0.0315703,0.0267611,0.0259441,0.0249196,0.0232276,0.0221014,0.0199081,0.0187482,0.0174549,0.016179,0.015084,
0.0430529,0.0427936,0.0427041,0.0426467,0.0403021,0.0386232,0.0360315,0.0340826,0.0314865,0.0291483,0.0266817,0.0232067,0.0198525,0.0164224,
0.0300646,0.0284574,0.0264581,0.025068,0.0203644,0.0192338,0.0182579,0.0173167,0.0163507,0.0146733,0.0134988,0.0119508,0.0112828,0.0103759,
0.05974,0.0582514,0.0561592,0.0530832,0.0421625,0.0390661,0.0367286,0.0348456,0.0309945,0.0290068,0.026335,0.0234074,0.0201467,0.0178973,
0.0527568,0.0521639,0.0511286,0.0498438,0.0419992,0.03901,0.036189,0.0327661,0.0295561,0.0263464,0.0230426,0.02022,0.0171623,0.0140612,
0.0496863,0.0481208,0.0461821,0.0442035,0.0332241,0.0302751,0.0280312,0.0244722,0.0225113,0.0195026,0.017412,0.0150706,0.013127,0.0112264,
0.0342829,0.0334425,0.0325554,0.0320122,0.0285528,0.0275047,0.0264883,0.0251822,0.0232005,0.0217209,0.0196856,0.0186073,0.0166314,0.0148214,
0.0641259,0.0651716,0.0651604,0.0641532,0.050995,0.0456672,0.0399943,0.0335497,0.0278521,0.0219561,0.0167287,0.0124803,0.008613,0.0062885,
0.0770948,0.0758365,0.0736924,0.0723852,0.0626797,0.0591929,0.055625,0.0504042,0.0464916,0.0407255,0.0360294,0.0313289,0.0269618,0.0221147,
0.0218071,0.0215399,0.0212443,0.0201542,0.0204846,0.0206749,0.0199985,0.0200046,0.0195909,0.0192696,0.0187447,0.0183763,0.0179428,0.0175276,
0.0545925,0.0535947,0.0519084,0.0505672,0.039566,0.0367209,0.0346238,0.0319399,0.0288812,0.0267401,0.0239384,0.0215962,0.019697,0.0166624,
0.0224623,0.0221892,0.0225917,0.0221617,0.0209989,0.0204038,0.0201464,0.019241,0.0187986,0.0183951,0.0181188,0.0179758,0.0175522,0.0170911,
0.0309776,0.0303548,0.0306579,0.0301696,0.0273667,0.0272797,0.0267623,0.0246879,0.0237129,0.0219876,0.0215027,0.0191404,0.0172461,0.015447,
0.1135438,0.1122737,0.1108105,0.1092742,0.0936575,0.0888689,0.0850885,0.0800907,0.0747127,0.0674412,0.0620209,0.0546622,0.0481968,0.0413718,
0.0543436,0.0510371,0.0475577,0.0452598,0.0353545,0.0327227,0.0298133,0.0267429,0.0238281,0.0204722,0.0172043,0.0147624,0.0122585,0.0089912,
0.0178323,0.0181136,0.0179467,0.018021,0.0174637,0.0176488,0.0174677,0.0170304,0.016832,0.0164386,0.0159559,0.0156983,0.0151467,0.0147232,
0.0432765,0.0407113,0.0336849,0.0277007,0.000939,0.0112776,0.026271,0.0318443,0.0261082,0.0194369,0.0070152,-0.0023049,-0.0078464,-0.0115889,
0.0398341,0.0393152,0.039786,0.0398407,0.0396539,0.0388974,0.038289,0.0382766,0.0373069,0.0358085,0.0346067,0.0326334,0.0309078,0.0284646,
0.0103407,0.0096772,0.0094655,0.0094628,0.0089048,0.008743,0.0094097,0.008345,0.009206,0.0090559,0.0091821,0.0093653,0.0086454,0.0088353,
0.0667851,0.066138,0.0660304,0.0640455,0.0566329,0.05393,0.0514902,0.0478054,0.0446331,0.0405471,0.035825,0.0317924,0.0276761,0.0227286,
0.0510846,0.0506092,0.0503611,0.0493767,0.043899,0.0422547,0.0398201,0.0382734,0.0350985,0.0327075,0.0296085,0.0264386,0.0237666,0.020183,
0.0660969,0.0661625,0.065246,0.0634978,0.0520243,0.0485419,0.043833,0.0402695,0.0361166,0.0320721,0.0284816,0.0245847,0.021362,0.01753,
0.0501098,0.0494362,0.0487281,0.0476169,0.0414923,0.0397056,0.038135,0.0359731,0.0337625,0.0313018,0.0287772,0.0262095,0.0234352,0.0209789,
0.067281,0.0665769,0.0654799,0.0644643,0.0539178,0.0508229,0.0475483,0.0444974,0.0408268,0.0371074,0.0336136,0.0304683,0.0267815,0.0236894,
0.0512471,0.0501701,0.0487586,0.0475957,0.0394705,0.037287,0.0350092,0.0320029,0.0308454,0.0279115,0.0248802,0.0224072,0.0203276,0.0184979,
0.038163,0.0368455,0.0361264,0.0343726,0.0273989,0.0255148,0.02331,0.0215752,0.0195713,0.0182503,0.01618,0.0150048,0.0132033,0.012528,
0.0238275,0.0234711,0.0236538,0.0232306,0.0225417,0.0218403,0.0217649,0.0215369,0.0213707,0.0206845,0.0204586,0.0195941,0.0195477,0.0182719,
0.0405159,0.039729,0.0389898,0.0370068,0.0310979,0.0297296,0.0283066,0.0267648,0.0245233,0.0230978,0.0212125,0.0205785,0.0182767,0.0161068,
0.0294732,0.0294263,0.0287901,0.0290155,0.0263687,0.0259988,0.0253571,0.0244811,0.0231047,0.0225314,0.021637,0.0213022,0.0195258,0.0181302,
0.0542881,0.0543084,0.0538687,0.0536506,0.0506623,0.049018,0.0471115,0.0444408,0.0411568,0.0376568,0.0339008,0.0295655,0.0250438,0.0203348,
0.0246153,0.0242893,0.0244042,0.0249222,0.0247806,0.023614,0.0237353,0.0239095,0.0225601,0.0217314,0.0212847,0.0200977,0.0196088,0.0176506,
0.0593701,0.0575018,0.0551743,0.0538051,0.0433218,0.0401806,0.0369025,0.0339185,0.0312703,0.0281346,0.0251387,0.0225965,0.0192753,0.0188017,
0.0676557,0.0673257,0.0662377,0.0644578,0.052056,0.0482136,0.0445008,0.0408288,0.0380027,0.0341219,0.0299453,0.0258255,0.0232825,0.0197181,
0.0616137,0.0606056,0.0589434,0.0563378,0.0471959,0.0436809,0.0411103,0.0371598,0.0330704,0.0293306,0.026147,0.0215027,0.0187583,0.0146189,
0.056513,0.0548573,0.0538848,0.0532885,0.0426176,0.0379023,0.0329589,0.0270479,0.0212781,0.0176239,0.0128163,0.00989,0.0075698,0.004433,
0.0295856,0.0292384,0.0285042,0.0279345,0.0263237,0.0237522,0.0202065,0.0178557,0.0170652,0.0164746,0.0150965,0.0143212,0.0121893,0.0104275,
0.0282548,0.0271759,0.0270306,0.0264502,0.0245801,0.024196,0.0239882,0.0233529,0.0228428,0.021988,0.0211554,0.0200872,0.0189501,0.017651,
0.0433497,0.0404143,0.0386998,0.037045,0.0333787,0.0318811,0.0306801,0.0288575,0.0281376,0.0259642,0.0243896,0.0223495,0.0202539,0.0180661,
0.0411823,0.0399245,0.0390259,0.0378505,0.0306954,0.0283481,0.0259729,0.0245464,0.0224267,0.0202819,0.0192739,0.0170096,0.015931,0.0145004,
0.0358763,0.0350862,0.0341641,0.0329495,0.0261579,0.0246106,0.0229968,0.0217324,0.0205139,0.0193817,0.0180069,0.0165987,0.0156155,0.0145588,
0.0522079,0.0519945,0.0505336,0.0480504,0.0410476,0.0393895,0.0369581,0.0351845,0.0334155,0.0306652,0.0292893,0.0279051,0.0248294,0.021501,
0.0354123,0.0351236,0.0344701,0.0335488,0.0278667,0.0270279,0.0248702,0.0243769,0.0235874,0.0206251,0.0190613,0.0187284,0.01675,0.0141765,
0.0388239,0.0369083,0.0359707,0.0342649,0.0267181,0.0251913,0.0226918,0.0213342,0.020167,0.0183456,0.0171695,0.0158819,0.0137532,0.011953,
0.0632115,0.0619856,0.0620307,0.0626879,0.0577564,0.0551295,0.0511076,0.0464112,0.0410852,0.036781,0.0321012,0.027356,0.0237531,0.0190164,
0.0397717,0.0401773,0.0401167,0.0394939,0.0321395,0.0288049,0.02587,0.0224501,0.0188479,0.0155684,0.0128094,0.0093252,0.006889,0.0053981,
0.0675032,0.0665372,0.0652398,0.0636453,0.0528487,0.0492741,0.0448451,0.0408605,0.0357348,0.0317608,0.0269877,0.0228747,0.0186612,0.0127906,
0.0267096,0.0265736,0.0264991,0.0265162,0.0239015,0.0234937,0.0226037,0.0219918,0.0209299,0.0195824,0.018666,0.0177028,0.0163458,0.0147875,
0.0324594,0.0309819,0.0300178,0.029442,0.0267735,0.0260663,0.0246789,0.0242591,0.0237954,0.0221732,0.0214937,0.019709,0.0181418,0.016457,
0.0181816,0.0184189,0.0182974,0.017879,0.0175779,0.0178486,0.017239,0.0173343,0.0163785,0.0165083,0.0156457,0.0157777,0.0150859,0.0144044,
0.0395838,0.0399328,0.0399017,0.0393816,0.0346528,0.0331143,0.0296525,0.0270719,0.0244619,0.0213602,0.0179208,0.0149484,0.0126767,0.0088492,
0.0270996,0.0266479,0.02573,0.0256183,0.0223239,0.0224689,0.0216584,0.020458,0.0205611,0.019152,0.0172668,0.0160927,0.0148158,0.0141084,
0.060931,0.0588154,0.0557059,0.0527202,0.0386654,0.0362966,0.0333388,0.0306934,0.0271828,0.0235568,0.0223362,0.0188332,0.0147768,0.0124124,
0.058237,0.0579161,0.056799,0.0553177,0.0467165,0.0443938,0.0414324,0.0394757,0.036244,0.0339111,0.0319336,0.0298345,0.0266459,0.0241934,
0.0293454,0.0302237,0.0301904,0.0304095,0.0297222,0.0293123,0.0289967,0.0279279,0.0280497,0.0269562,0.0260898,0.0257879,0.0234996,0.0222609,
0.0531863,0.0528211,0.0516736,0.0499843,0.0402994,0.038241,0.0353667,0.0328947,0.0308935,0.0277894,0.0256416,0.0225373,0.0201864,0.0177577,
0.0691998,0.0694906,0.0688793,0.0675751,0.0576738,0.0544922,0.0513604,0.0480556,0.0442477,0.0400837,0.035952,0.0320387,0.0274788,0.023242,
0.0531083,0.0539811,0.0544765,0.0541746,0.046245,0.0423223,0.0381459,0.0337416,0.0289435,0.024371,0.0198535,0.0161353,0.0126434,0.0094057,
0.0118665,0.011819,0.0102528,0.011859,0.0115924,0.0119584,0.0123119,0.0127153,0.0126407,0.0124148,0.0122594,0.0113101,0.0115945,0.0102564,
0.0769483,0.0767121,0.075107,0.0718281,0.0480389,0.042899,0.0381192,0.0330026,0.0288001,0.025095,0.02046,0.0146407,0.0103126,0.0076068,
0.0625284,0.0622056,0.0616093,0.0602035,0.0482925,0.0436673,0.0384755,0.033336,0.0280705,0.0224771,0.0181657,0.0140297,0.0100915,0.0084479,
0.0576766,0.0523786,0.0496003,0.0469421,0.0402904,0.0373054,0.0346293,0.0309165,0.0275971,0.0237287,0.0204081,0.0167128,0.0135042,0.0091378,
0.040251,0.0379943,0.0375203,0.0367161,0.0346941,0.033708,0.0329552,0.0314885,0.0294949,0.0273252,0.0258371,0.0232865,0.0207334,0.0182962,
0.0242522,0.0243084,0.0248077,0.0247945,0.0229592,0.0232603,0.0225133,0.0217608,0.0214486,0.0203845,0.0197215,0.0188651,0.0177712,0.0164908,
0.0308051,0.0312594,0.0311881,0.0315897,0.0300777,0.0296282,0.0280356,0.0266304,0.0253183,0.0233512,0.0215693,0.0198791,0.0166509,0.0161299,
0.0659548,0.0650858,0.0634167,0.0614385,0.0499318,0.0466146,0.0427777,0.0397499,0.0364553,0.0325921,0.0295044,0.0249717,0.0227828,0.0188702,
0.0441297,0.0437974,0.0436466,0.0427106,0.036873,0.0350101,0.0330245,0.0309545,0.0284323,0.0257518,0.0233393,0.0203389,0.0179336,0.0154067,
0.0529117,0.0523234,0.0518997,0.0509703,0.043786,0.0410908,0.0382029,0.0347736,0.0307,0.0272771,0.0233655,0.0188363,0.0150093,0.0128806,
0.0449816,0.0429356,0.0416727,0.0396255,0.0289313,0.0259516,0.0236169,0.0210439,0.0194234,0.0167289,0.0153894,0.0129861,0.0116178,0.0106101,
0.0588411,0.0596471,0.0597198,0.0583889,0.0398,0.0329976,0.0268211,0.0214883,0.0204783,0.0182466,0.0171256,0.0169854,0.0149113,0.0125132,
0.0631828,0.0613699,0.0596635,0.0570739,0.0446428,0.0411278,0.0374603,0.033737,0.0304984,0.0275098,0.0240411,0.0213977,0.0190841,0.0161787,
0.0382426,0.0375569,0.0368299,0.035965,0.0297711,0.0273137,0.0263679,0.0240931,0.0218052,0.0206326,0.0179289,0.0170235,0.0145075,0.0114157,
0.0068823,0.0070387,0.00659,0.0072135,0.0068502,0.0061154,0.0066814,0.0058119,0.0057295,0.0054461,0.0054847,0.0051586,0.0058758,0.0057154,
0.0599346,0.0599965,0.0603516,0.0600729,0.0550764,0.0534645,0.0515601,0.0491074,0.046044,0.0424857,0.039947,0.0356457,0.0309534,0.027509,
0.017497,0.017404,0.0171921,0.0176594,0.0169703,0.0160309,0.0163311,0.0164171,0.0160638,0.015761,0.0154939,0.015496,0.0147127,0.0136052,
0.0487722,0.0468961,0.0457792,0.0452796,0.0419569,0.0403154,0.0380938,0.0355769,0.032624,0.0294096,0.0259368,0.022385,0.0186174,0.0150825,
0.0493192,0.0498197,0.0494253,0.0496378,0.0467644,0.0454749,0.043562,0.0407028,0.0376676,0.0341255,0.0301357,0.0261207,0.0233898,0.0176259,
0.0625552,0.0589903,0.0568363,0.0552719,0.0488512,0.0450067,0.0419798,0.0376518,0.0339003,0.0296175,0.0253648,0.0217317,0.0184242,0.0138621,
0.1024044,0.1036882,0.1040873,0.1032682,0.0923356,0.0865833,0.0797545,0.0716603,0.063001,0.0536665,0.0429148,0.0349666,0.0259495,0.0208291,
0.046903,0.0454471,0.0436177,0.0417217,0.0311863,0.0287024,0.0254844,0.0233411,0.0212258,0.0187951,0.017215,0.0156771,0.013963,0.0111104,
0.044605,0.0425739,0.041888,0.0416719,0.037953,0.0357739,0.0330852,0.02989,0.0269076,0.0233488,0.0207989,0.0170707,0.0137459,0.0110839,
0.0094039,0.0095751,0.0084379,0.0091852,0.0098304,0.0092164,0.0093522,0.0097717,0.0096055,0.0088916,0.0086144,0.0088442,0.0088403,0.0080367,
0.0244015,0.0243827,0.024166,0.0243314,0.023573,0.0233381,0.023286,0.0229019,0.0232114,0.0229986,0.0224148,0.0222748,0.0215764,0.0209235,
0.0793118,0.078864,0.0781148,0.0765611,0.0659064,0.0632254,0.0589961,0.0558354,0.0526691,0.0484727,0.0439522,0.0403973,0.036294,0.0309879,
0.0324543,0.032907,0.0325594,0.0333095,0.0296403,0.0281659,0.0259106,0.023627,0.0228872,0.020801,0.0183399,0.0169428,0.0144319,0.0132389,
0.039958,0.0381151,0.0367977,0.0344397,0.0271945,0.0265615,0.0255248,0.0239691,0.0218913,0.0210285,0.0195881,0.0177935,0.0151771,0.0148857,
0.0538933,0.0532845,0.0523013,0.0508488,0.0418261,0.0388406,0.0359234,0.0323433,0.0286875,0.0258756,0.0224916,0.0192348,0.0158661,0.0140867,
0.0257023,0.0253816,0.0255133,0.0249723,0.0233505,0.0218734,0.0201989,0.0201322,0.0184969,0.0179953,0.0170743,0.0160294,0.014509,0.0129045,
0.0464303,0.0458654,0.0454002,0.0447006,0.0403226,0.0384425,0.0370325,0.0351309,0.0324727,0.030498,0.0280974,0.0256833,0.0228532,0.0206619,
0.0451094,0.0444611,0.0432202,0.0421633,0.0353064,0.0332689,0.0315455,0.0280555,0.0252216,0.0244855,0.0214349,0.0184591,0.016662,0.0147941,
0.0660968,0.0618109,0.0572001,0.052662,0.0392309,0.0359253,0.0326044,0.029121,0.0250247,0.0204177,0.0168651,0.012687,0.0102081,0.008392,
0.0757946,0.0720003,0.0686002,0.0655911,0.0529338,0.0501161,0.0472752,0.0426652,0.0389535,0.0345794,0.0304268,0.0267377,0.0229707,0.0172441,
0.039599,0.0384814,0.0374233,0.0362389,0.0285293,0.025918,0.0241186,0.0221856,0.0196442,0.0173697,0.0156045,0.0144154,0.0125672,0.0107682,
0.0170511,0.0173323,0.0172914,0.0174479,0.016441,0.0163578,0.0157694,0.0156095,0.0154732,0.0153489,0.0148207,0.0144231,0.01408,0.0139898,
0.0049301,0.0041866,0.0030076,0.0026359,0.001479,0.0023148,0.0015696,0.0034131,0.0026551,0.0013976,0.0014819,0.0035659,0.0015502,0.0026548,
0.0721714,0.0710828,0.0707881,0.0691183,0.0608373,0.0574678,0.0539507,0.0489546,0.0445619,0.0394735,0.0344816,0.0296408,0.0222517,0.017537,
0.0414282,0.0396033,0.0382804,0.0370453,0.0315068,0.0300058,0.0286308,0.027094,0.0252048,0.0226234,0.0201154,0.0172184,0.0152631,0.0124921,
0.0306876,0.0306576,0.0308203,0.030644,0.0299587,0.0290473,0.0282091,0.027148,0.0264806,0.0248397,0.0235481,0.022106,0.0197904,0.0184011,
0.0304717,0.0302532,0.0298891,0.0291728,0.0259552,0.0248819,0.0235073,0.0224428,0.0211399,0.0197264,0.0184764,0.0167743,0.0150863,0.0133599,
0.0917984,0.0881151,0.0858336,0.0827585,0.0721365,0.0694248,0.0659393,0.060483,0.0544286,0.0469563,0.0406375,0.032684,0.0269153,0.020816,
0.0477821,0.0469997,0.0470017,0.0457196,0.0385608,0.0358624,0.0335008,0.0303794,0.0273665,0.0253504,0.0225636,0.0206311,0.0166352,0.0157667,
0.0634357,0.0615912,0.0596746,0.0572099,0.04458,0.0408236,0.0369117,0.0327893,0.0291893,0.0250797,0.0207983,0.0182329,0.0145481,0.0122705,
0.0547508,0.055503,0.0555275,0.055275,0.0401597,0.0343378,0.0298933,0.0250082,0.020182,0.0159132,0.0123338,0.0100967,0.0071243,0.0057205,
0.0222135,0.0213944,0.0211333,0.0205329,0.0180141,0.0171733,0.0165255,0.0157816,0.0149688,0.0138613,0.0134144,0.0125106,0.0115089,0.0112336,
0.0244729,0.0240862,0.0252129,0.0250392,0.0231892,0.0229958,0.023244,0.0231827,0.0240091,0.0231028,0.0227817,0.0218075,0.0213857,0.0203162,
0.0318774,0.0306379,0.0303827,0.029547,0.024004,0.0225943,0.0215292,0.0195973,0.0180909,0.0171042,0.0161763,0.0144534,0.0130909,0.0125986,
0.0318071,0.0315118,0.0310796,0.0307233,0.0267483,0.0260083,0.0248429,0.0236271,0.0225618,0.0212647,0.0199123,0.0186908,0.0170826,0.0154905,
0.0438839,0.0440001,0.0438043,0.0421757,0.0313931,0.0331588,0.0346383,0.0353581,0.0350177,0.0351013,0.0349139,0.0331615,0.033041,0.0325305,
0.0365401,0.0360851,0.0357582,0.0349064,0.0288806,0.0278051,0.0261706,0.0243567,0.0221064,0.0212204,0.0185265,0.0166652,0.0154757,0.0135484,
0.0430782,0.0421552,0.0421729,0.042074,0.0383655,0.0362179,0.0340358,0.0316009,0.028754,0.0258951,0.0231688,0.0206768,0.0177171,0.0149841,
0.0925792,0.0918009,0.0916095,0.0895696,0.0774815,0.0734727,0.0695766,0.0650708,0.0599477,0.0543582,0.0494468,0.0439257,0.0382219,0.0337071,
0.0889867,0.0856049,0.0811548,0.0765813,0.057307,0.0525517,0.0483418,0.0433783,0.0388454,0.0352961,0.0311701,0.0281388,0.024973,0.0219694,
0.0761887,0.0742528,0.0711012,0.0686982,0.0567442,0.0533672,0.0496821,0.0449335,0.0404284,0.0353972,0.0298761,0.0253318,0.0227431,0.0186962,
0.0414465,0.0415399,0.0413359,0.0415059,0.0363581,0.0344179,0.0322887,0.0300752,0.0263649,0.0240167,0.0202437,0.0168531,0.0132227,0.0113379,
0.056931,0.0560228,0.0547897,0.0529685,0.0429366,0.039446,0.0363775,0.0338569,0.0308599,0.0275299,0.0243394,0.0212435,0.0179138,0.0152555,
0.0123906,0.013082,0.011747,0.0119697,0.0111904,0.0118385,0.0116077,0.0119136,0.0120068,0.01164,0.0112359,0.0121612,0.011884,0.0117494,
0.048076,0.0472055,0.0461701,0.0450053,0.0372506,0.0351895,0.0328193,0.0306564,0.0286343,0.0267628,0.0249146,0.0230485,0.0213351,0.0187613,
0.1145883,0.1116689,0.1100724,0.107323,0.097887,0.0948201,0.0886262,0.0812342,0.0747231,0.0647721,0.0557969,0.0470933,0.0379423,0.0293997,
0.044795,0.0442922,0.0430563,0.0418999,0.0343109,0.0320978,0.0305194,0.029016,0.0266334,0.0246542,0.022526,0.0212123,0.0181506,0.0167006,
0.015118,0.0134147,0.0138391,0.0134924,0.0124932,0.0111406,0.0113325,0.0099411,0.0104859,0.0099329,0.0092946,0.0088369,0.0084341,0.0079875,
0.0439036,0.0440815,0.0436391,0.0439165,0.0395199,0.038088,0.0365635,0.0345382,0.0316819,0.0290894,0.0258675,0.0226295,0.0194422,0.0156485,
0.0373218,0.0372541,0.0372092,0.0370377,0.0356262,0.035382,0.0339504,0.0331956,0.031063,0.0306065,0.0284518,0.0258561,0.0244602,0.0212157,
0.0357516,0.0352325,0.0338433,0.0332961,0.0271915,0.0261216,0.0240777,0.0227266,0.0209918,0.0200437,0.0181471,0.017123,0.0157688,0.0142838,
0.0764899,0.0772493,0.0770253,0.0768421,0.0671978,0.0613614,0.0556313,0.0496016,0.0424064,0.0348396,0.0288308,0.0233829,0.0179821,0.014162,
0.0530019,0.0520228,0.0500923,0.0477597,0.0354675,0.032059,0.0285959,0.0247734,0.0205398,0.0180794,0.0152706,0.0126964,0.0092048,0.0073833,
0.0746735,0.0739917,0.0723517,0.0714459,0.0628484,0.0604151,0.057656,0.0545575,0.0515899,0.0484662,0.0448968,0.0406609,0.0374272,0.0338017,
0.0553136,0.0537593,0.0524922,0.0506317,0.0387956,0.0341871,0.029514,0.0245798,0.0202629,0.016039,0.0119125,0.0088529,0.0066023,0.004995,
0.0432764,0.0426776,0.0423905,0.041383,0.0364732,0.0342937,0.0319025,0.0288784,0.0278139,0.0255913,0.0248799,0.0218417,0.0194052,0.01837,
0.0446267,0.0443409,0.0439995,0.0430142,0.0374829,0.035732,0.0331507,0.0308013,0.0284794,0.0262925,0.0238844,0.0213426,0.0189144,0.0165268,
0.0549931,0.0549156,0.0545494,0.0539601,0.0480923,0.0455936,0.0428039,0.0393018,0.0357849,0.031808,0.0280108,0.0241135,0.0204354,0.016977,
0.0494777,0.0502843,0.0502823,0.0495249,0.0463555,0.0439231,0.0406244,0.0370499,0.0336117,0.0282311,0.0246949,0.0197982,0.0152736,0.0118507,
0.0479372,0.0471211,0.0451456,0.043417,0.0351877,0.0327649,0.0309135,0.0286798,0.0268631,0.0254398,0.0229332,0.0211216,0.0195445,0.0172222,
0.0561981,0.0543654,0.0520676,0.0497048,0.0380333,0.0352179,0.0317105,0.0289088,0.0259573,0.0232554,0.0197664,0.0178385,0.0156703,0.0132375,
0.0373079,0.0368664,0.0363114,0.0353604,0.030752,0.0292739,0.0277143,0.0264439,0.024731,0.0231679,0.0215903,0.0201436,0.0191633,0.0170725,
0.0575045,0.0562149,0.0534502,0.0509898,0.0407932,0.0386312,0.0359646,0.0335197,0.0315816,0.0285749,0.0264878,0.0237734,0.020525,0.01762,
0.0582985,0.0578075,0.0570201,0.0570971,0.0496301,0.0463934,0.0430079,0.0384522,0.0341134,0.0309678,0.0270792,0.0221609,0.0184453,0.0170378,
0.0394494,0.0391999,0.0390347,0.0387438,0.0345682,0.0327804,0.0305368,0.0276175,0.0249647,0.0214772,0.0187971,0.0161442,0.0132382,0.0117357,
0.0260366,0.0260072,0.0258223,0.0253642,0.0228777,0.0221131,0.0218922,0.0205426,0.0202861,0.0195188,0.0188957,0.0174896,0.0174958,0.0167313,
0.023807,0.0217095,0.0191538,0.0197098,0.0189554,0.0180016,0.0179525,0.0172265,0.0169727,0.0157856,0.0152988,0.0141892,0.0133088,0.0128035,
0.0612518,0.0602471,0.0610722,0.0606557,0.0583516,0.056722,0.055084,0.0525149,0.0490659,0.0450177,0.0408684,0.0365746,0.0310443,0.0253421,
0.0675385,0.0667392,0.0647697,0.0622915,0.0444638,0.0387204,0.0342883,0.0299161,0.0274125,0.0247955,0.0223446,0.020912,0.0173551,0.0121803,
0.0649772,0.063477,0.0615764,0.059275,0.0476327,0.0439149,0.0399395,0.0367417,0.0322447,0.0280626,0.0234264,0.0204982,0.0174749,0.014821,
0.027806,0.0279061,0.0275739,0.0277604,0.0263382,0.0267774,0.0264234,0.0259682,0.0253009,0.0246537,0.0232151,0.0226831,0.0215044,0.0198026,
0.0480271,0.048048,0.0474999,0.0466088,0.0331963,0.0286922,0.0237636,0.0197379,0.0156676,0.0127991,0.0089265,0.0069343,0.0046702,0.0035314,
0.02559,0.0246024,0.024372,0.0235629,0.021549,0.0214454,0.0208757,0.0198332,0.0206928,0.0198109,0.0192283,0.0184174,0.017772,0.0161946,
0.042897,0.0409193,0.0395729,0.0377426,0.0299638,0.0280502,0.0259622,0.0243713,0.0224041,0.020497,0.0183071,0.0162359,0.0144853,0.0119486,
0.0443359,0.0435914,0.0426038,0.041112,0.0342464,0.0322966,0.0308691,0.0283246,0.026725,0.0248407,0.0229036,0.0202181,0.0184282,0.016183,
0.0483387,0.0471685,0.0458041,0.0438754,0.0346746,0.0323659,0.0301967,0.027874,0.0260533,0.0238374,0.0221244,0.0198468,0.0178331,0.0164913,
0.0497389,0.0484716,0.0475786,0.0464954,0.0405984,0.0381378,0.0358392,0.0334567,0.0303197,0.0276636,0.0248182,0.0214442,0.0189329,0.0159791,
0.0448066,0.0440648,0.0435313,0.0431688,0.0364663,0.0334485,0.0303351,0.0275421,0.0253462,0.0218246,0.018668,0.0149149,0.0133547,0.0109306,
0.0645013,0.0596814,0.0547029,0.0510727,0.0399998,0.0375891,0.0334307,0.0310186,0.0270082,0.0237268,0.021054,0.0184575,0.0150996,0.0135977,
0.0732133,0.0663495,0.0614565,0.0573468,0.0494404,0.0477393,0.0452493,0.0422368,0.0391542,0.0354853,0.031482,0.0283002,0.0241871,0.0197688,
0.0704984,0.0686046,0.0663561,0.063218,0.0393532,0.0327736,0.027449,0.0224359,0.0176166,0.0145733,0.010744,0.0072555,0.0049749,0.0035479,
0.031828,0.0311634,0.0298818,0.0296083,0.0268744,0.0264159,0.0247552,0.0236962,0.022564,0.0202965,0.0178778,0.0172938,0.0148745,0.0132938,
0.0580065,0.0587431,0.0584714,0.0581762,0.0532594,0.0507989,0.0480796,0.0455326,0.0415748,0.0393357,0.0355315,0.0320679,0.0287801,0.0253218,
0.0659049,0.0658779,0.0655674,0.0650467,0.0590074,0.0557837,0.0525565,0.0479771,0.0428711,0.0375455,0.0325163,0.0274418,0.0222562,0.0188503,
0.0179916,0.0189599,0.0179268,0.0185069,0.0172895,0.016989,0.0175021,0.0169198,0.0159667,0.0158099,0.0158607,0.0153541,0.0152722,0.0147165,
0.0806588,0.0804837,0.0797812,0.0781572,0.0679563,0.0646449,0.0602,0.0552994,0.0500336,0.0429483,0.0377165,0.0305691,0.0236678,0.0185602,
0.0385343,0.0388582,0.0383346,0.0379855,0.0297809,0.0275501,0.024171,0.0215922,0.0185012,0.0151185,0.0121716,0.0094168,0.0076292,0.006685,
0.0529003,0.0517187,0.0500223,0.0482329,0.0392933,0.03711,0.0344514,0.0319848,0.0297292,0.0269974,0.023939,0.0214568,0.0179033,0.0153752,
0.0469558,0.0460322,0.0446369,0.0423257,0.0360437,0.0346759,0.0326267,0.0313167,0.0288766,0.0263159,0.02504,0.022718,0.019823,0.0169202,
0.0511576,0.0505925,0.0487987,0.0472409,0.0387256,0.0360643,0.0334326,0.0307069,0.0276513,0.0261086,0.0226575,0.0198254,0.0170273,0.014407,
0.0249801,0.0246513,0.024663,0.0240556,0.022886,0.0226494,0.022264,0.0215755,0.0216112,0.0210839,0.0206574,0.0201147,0.0192934,0.0186392,
0.0447805,0.0448012,0.0441045,0.0434888,0.0374091,0.0355643,0.0333728,0.0308327,0.0289949,0.0264422,0.0236531,0.0207922,0.0185503,0.0167623,
0.0650388,0.063053,0.0612333,0.0595126,0.0510396,0.0486493,0.0449463,0.0412515,0.0379762,0.0332291,0.0292261,0.0244603,0.0211339,0.0170598,
0.0607062,0.0592105,0.0576873,0.0551504,0.043334,0.0399952,0.0363146,0.0324583,0.0282365,0.0248281,0.0210067,0.0179349,0.0144233,0.0120856,
0.0387543,0.0373228,0.036253,0.0352018,0.0284936,0.0268138,0.0247842,0.0222204,0.0199558,0.017915,0.0163648,0.014218,0.0118882,0.0102362,
0.0129387,0.0138749,0.0135613,0.0132159,0.0124886,0.0124927,0.0120988,0.0119365,0.0116161,0.0115715,0.0114108,0.0113781,0.0113015,0.0111412,
0.0475066,0.0474931,0.0470795,0.0457356,0.0393635,0.0376307,0.035104,0.0327362,0.0294705,0.0265811,0.0231743,0.0211504,0.0171038,0.0146186,
0.0508949,0.0505347,0.050435,0.04977,0.0450672,0.0429296,0.0408084,0.0385625,0.0362576,0.0336852,0.030394,0.0277994,0.0249781,0.0224952,
0.0263757,0.0260954,0.0255203,0.0250987,0.0225819,0.0218071,0.0208796,0.0199903,0.0191536,0.0175873,0.0169663,0.0157988,0.0149138,0.0137251,
0.0570424,0.0557284,0.0541317,0.0527894,0.0430709,0.0399203,0.0375238,0.0348989,0.0322034,0.0302667,0.0275322,0.0250769,0.0229508,0.0204486,
0.0372079,0.0367922,0.0361355,0.0350927,0.0297344,0.0282418,0.0265854,0.0251453,0.0230849,0.0219145,0.0204177,0.0189637,0.0176113,0.0162084,
0.0247707,0.0247298,0.0247626,0.0247961,0.023289,0.0234969,0.0222703,0.0223102,0.0220084,0.021584,0.0211803,0.0205597,0.0190282,0.0183143,
0.0080235,0.0085921,0.008942,0.0092513,0.0082408,0.0091631,0.0085635,0.0081704,0.0084286,0.0081933,0.0076385,0.0077616,0.0086783,0.008384,
0.0237463,0.0229205,0.0233809,0.0227015,0.0219104,0.0211413,0.0210261,0.0209314,0.0202003,0.0201135,0.018762,0.0185565,0.0179938,0.0172341,
0.0250776,0.0246084,0.0247019,0.0251581,0.0244063,0.0235607,0.0232649,0.0233519,0.0228735,0.0221343,0.0220745,0.0211723,0.0202595,0.0185273,
0.0615586,0.0605742,0.0591743,0.0575863,0.0491242,0.0458485,0.042447,0.0389707,0.0352204,0.0308688,0.0273342,0.0233289,0.0188042,0.0156017,
0.0885792,0.0895311,0.0890559,0.0878552,0.0693083,0.0603195,0.0510406,0.0413316,0.0320738,0.0244449,0.0176429,0.0127868,0.0077689,0.0073958,
0.0140532,0.0145145,0.0141201,0.0138935,0.0131574,0.01288,0.0130881,0.0126748,0.0125147,0.0130147,0.0126144,0.0126144,0.0133235,0.0129357,
0.0325211,0.0323011,0.0317108,0.0316199,0.0306787,0.030518,0.029054,0.0283584,0.0267419,0.0250546,0.0240886,0.0207162,0.0192935,0.0178959,
0.0023664,0.0027204,0.0023473,0.0009799,-0.0060227,-0.0092256,-0.0086172,-0.0044099,-0.0022042,2.8e-05,0.0022162,0.0081194,0.0087259,0.0074415,
0.0451695,0.0432938,0.0426994,0.0429916,0.0396219,0.037457,0.0353346,0.0326605,0.0295371,0.0265894,0.0237688,0.0206113,0.017232,0.0144555,
0.0558913,0.0555889,0.0547528,0.0536536,0.0446743,0.0410467,0.0377967,0.0341729,0.0307444,0.0272764,0.0237599,0.0210494,0.0179326,0.0148277,
0.0639295,0.0630593,0.061571,0.0594968,0.0493331,0.0462363,0.0432139,0.0397082,0.035743,0.0332944,0.0291272,0.0264298,0.0210353,0.0181118,
0.0570321,0.0565249,0.0563328,0.0553215,0.0469767,0.0430269,0.0394398,0.0351552,0.0307233,0.0248901,0.0201985,0.0155573,0.0122402,0.0091101,
0.0422195,0.0418889,0.0413219,0.0400008,0.0338161,0.0317081,0.0295076,0.027975,0.024777,0.0238882,0.0211399,0.0196741,0.016523,0.0146791,
0.0438387,0.0426474,0.040321,0.0386647,0.0299068,0.0280499,0.0259384,0.0241128,0.0218963,0.0205901,0.0189647,0.0175525,0.0157534,0.0142801,
0.025347,0.0255556,0.0252866,0.0255179,0.023718,0.023057,0.022328,0.0219248,0.0212614,0.0198705,0.0190618,0.018096,0.016938,0.0154328,
0.0352788,0.034841,0.0347985,0.0339788,0.0323679,0.0312651,0.0304291,0.0305124,0.0294673,0.0274799,0.0262575,0.0248084,0.0233973,0.0216768,
0.0538413,0.0514106,0.0494789,0.0465287,0.0347728,0.03256,0.0296878,0.0269283,0.0243278,0.0224052,0.0197238,0.0177698,0.0160137,0.0130877,
0.0426643,0.0421406,0.0418618,0.0407776,0.0334304,0.032064,0.0298741,0.0280738,0.0264219,0.0244409,0.0217178,0.0201459,0.0171426,0.0153443,
0.0587899,0.057575,0.0550621,0.0535192,0.0416837,0.0379501,0.035861,0.0327796,0.0309609,0.027602,0.0253087,0.0228341,0.0210119,0.0188782,
0.079496,0.0791046,0.0779037,0.0762627,0.0600031,0.0534582,0.0481075,0.0420939,0.037516,0.0324978,0.0277192,0.024425,0.0215801,0.0185033,
0.0721459,0.0712643,0.0695699,0.0669161,0.056905,0.0538521,0.0513418,0.0486639,0.0454666,0.0419772,0.0387711,0.0352483,0.032255,0.0282346,
0.0471159,0.0463107,0.0454242,0.0444992,0.0393475,0.0371809,0.0348488,0.0322335,0.0291403,0.0262127,0.0225082,0.0195995,0.0167145,0.0140234,
0.044318,0.0432166,0.0419948,0.0405277,0.0327168,0.0300679,0.0277116,0.0252887,0.0234143,0.0208702,0.0186402,0.0170186,0.0145608,0.0127605,
0.0423539,0.0420148,0.0413606,0.0405658,0.0340745,0.032288,0.03009,0.0278726,0.0260012,0.0232586,0.0215483,0.0195321,0.0173591,0.0153753,
0.034951,0.0342141,0.0334446,0.0333015,0.0296809,0.0280425,0.0270091,0.0251397,0.0243736,0.0223313,0.0208376,0.0189528,0.0169771,0.0161171,
0.0894551,0.0897219,0.0893108,0.0886337,0.0783852,0.0730911,0.067046,0.0597537,0.0510377,0.0431285,0.0350525,0.028987,0.0227049,0.0173566,
0.0741269,0.0739732,0.0742767,0.0735303,0.0666137,0.0624,0.0576047,0.0524,0.0472936,0.0414783,0.0349907,0.0301064,0.0255544,0.0199138,
0.0579314,0.0540757,0.0494786,0.0459485,0.0357615,0.0340367,0.0326202,0.0308116,0.0274897,0.02495,0.0221346,0.0196387,0.0166442,0.0145074,
0.0225868,0.0225808,0.022582,0.0225286,0.0204381,0.0198708,0.0193759,0.0184004,0.0177832,0.0173163,0.0168147,0.0161355,0.0152957,0.0146582,
0.0584201,0.0585609,0.0580407,0.0573841,0.0481014,0.0433517,0.0385667,0.0337963,0.0284418,0.0240608,0.0199895,0.0163796,0.0119078,0.0102653,
0.0742136,0.0770274,0.0779311,0.0781483,0.0589993,0.0517931,0.0434438,0.0357904,0.0286095,0.0232678,0.015919,0.0122985,0.0090402,0.0048902,
0.0415224,0.0405002,0.039193,0.0382202,0.0317743,0.0300124,0.0283213,0.0262984,0.0242407,0.0229874,0.0217051,0.0191263,0.0181278,0.016668,
0.0531502,0.0533547,0.0530713,0.0523052,0.0437941,0.0411734,0.0376525,0.0342153,0.0300422,0.0264787,0.0227658,0.0198097,0.0167382,0.0136989,
0.013274,0.012337,0.0111125,0.0116717,0.0104078,0.0110698,0.0109471,0.0112664,0.0103317,0.0100299,0.0100045,0.0095079,0.0092253,0.0078929,
0.0688211,0.0694688,0.0695304,0.068718,0.0570675,0.0517274,0.0458606,0.0392407,0.0332164,0.0269574,0.0214557,0.0165273,0.0127104,0.009664,
0.0372906,0.0371692,0.037033,0.0370068,0.0335791,0.032387,0.0312092,0.0290605,0.0279827,0.026684,0.0238504,0.0227814,0.0213959,0.0192364,
0.0582046,0.056526,0.0544966,0.0527396,0.0411568,0.0382547,0.0354123,0.0319608,0.0295138,0.0263255,0.0236573,0.0209736,0.0193065,0.0169815,
0.0519345,0.0505964,0.0497744,0.049855,0.040086,0.0356312,0.0318992,0.0295773,0.0270844,0.024492,0.0212231,0.0183165,0.0156763,0.0154577,
0.0424176,0.0417788,0.0412969,0.0406469,0.0361283,0.0341544,0.0320472,0.0296012,0.0267678,0.0235959,0.0206653,0.0168148,0.0139993,0.0116495,
0.0590625,0.0509048,0.0441284,0.0400664,0.0358491,0.0349683,0.0348215,0.03293,0.0319497,0.0292908,0.0267869,0.0247557,0.0203428,0.0187289,
0.0547132,0.0548968,0.0543219,0.0535381,0.0462116,0.0436507,0.0404656,0.036795,0.0330106,0.0296197,0.0252881,0.0215789,0.0176766,0.0142243,
0.0512588,0.0509173,0.0513153,0.050707,0.0465126,0.0453882,0.0425411,0.0397368,0.0367542,0.0331072,0.0282228,0.0239742,0.020688,0.0164981,
0.0214654,0.0220574,0.0215782,0.0217592,0.0192818,0.0193355,0.0182814,0.0182527,0.0176503,0.0168122,0.0161761,0.0152753,0.0147448,0.0128826,
0.0088244,0.0083817,0.0097306,0.0092429,0.0121612,0.0119733,0.011736,0.011017,0.0119676,0.0109715,0.0111982,0.0102236,0.0095544,0.0096864,
0.0609549,0.0595035,0.0576603,0.0555917,0.0460399,0.0429262,0.0395532,0.0367469,0.0335849,0.0302747,0.0267755,0.0231906,0.0204925,0.0169172,
0.0337085,0.0321722,0.0314468,0.0309729,0.029718,0.0294566,0.0287102,0.0268785,0.0264589,0.02487,0.0238388,0.0223781,0.0201204,0.0191055,
0.0393708,0.0385538,0.0379704,0.0369625,0.0316726,0.0292999,0.026637,0.0237805,0.0202652,0.0179202,0.0146813,0.0115611,0.0097191,0.0080503,
0.070188,0.0708308,0.0702562,0.0696346,0.0580913,0.0526941,0.0461113,0.0386758,0.0328394,0.0248917,0.0182589,0.0150278,0.0096272,0.0070824,
0.0422486,0.0407916,0.0391119,0.0371765,0.0294206,0.0270816,0.0246174,0.0215823,0.0195619,0.0177459,0.0147227,0.0132509,0.0106471,0.0092311,
0.0451218,0.0444874,0.0440384,0.0434054,0.0373991,0.0357812,0.0336882,0.0316674,0.0290923,0.0263765,0.0244001,0.0227318,0.0197547,0.0186714,
0.0468363,0.0461471,0.0453968,0.0442159,0.039129,0.0373215,0.0351889,0.0327853,0.030676,0.0283335,0.0256867,0.0234857,0.0211887,0.0193966,
0.0465764,0.0451193,0.0433347,0.0415305,0.0327909,0.0304373,0.0281407,0.0257402,0.023399,0.0211665,0.0197095,0.0177801,0.0159254,0.0138547,
0.0359639,0.036006,0.0355443,0.0341162,0.0285728,0.0271318,0.0247123,0.0231463,0.0213241,0.0195637,0.0176988,0.0166746,0.0149231,0.0130452,
0.0447076,0.0437288,0.0420948,0.0405192,0.0307228,0.0288745,0.0265996,0.0246843,0.0224257,0.0206228,0.0194865,0.0180267,0.01583,0.0151112,
0.0560694,0.0568149,0.0572108,0.0569764,0.0494965,0.0456097,0.0410169,0.0354553,0.0284466,0.0237867,0.0187733,0.0163649,0.0124725,0.0105677,
0.0247561,0.0247158,0.0248659,0.0244944,0.0230048,0.0219415,0.0214304,0.0206044,0.0197762,0.0185242,0.0185528,0.0174073,0.0163873,0.0157583,
0.0316335,0.0315828,0.0317706,0.0311557,0.0287552,0.0281087,0.026812,0.0259584,0.0245586,0.0233586,0.022092,0.0210438,0.0192462,0.0178766,
0.0528829,0.0525608,0.0514326,0.0508223,0.0427405,0.0395496,0.0361176,0.0337751,0.0304899,0.0270298,0.0240779,0.02172,0.0175992,0.0146898,
0.035778,0.0350085,0.0337658,0.0329735,0.0269202,0.0246924,0.0239144,0.0224613,0.0205418,0.0188792,0.017302,0.0154951,0.0144334,0.0128802,
0.0584407,0.0572997,0.0558319,0.0535076,0.0437994,0.0406545,0.0387152,0.0351953,0.0332188,0.0309198,0.0279233,0.0247423,0.0216628,0.0178312,
0.0634005,0.0566771,0.0513835,0.0485233,0.0437375,0.0405608,0.0376015,0.0335877,0.028894,0.0247042,0.0213261,0.0154096,0.0129036,0.0114991,
0.0405358,0.0392554,0.0390663,0.0381459,0.0330914,0.0309245,0.0290797,0.0269599,0.0243288,0.0222066,0.0201905,0.0178361,0.0159737,0.0144065,
0.1005637,0.0954019,0.0904377,0.0840964,0.0599628,0.0543723,0.0495215,0.0439497,0.0375634,0.0315925,0.0253771,0.0196616,0.0147549,0.0119661,
0.0449981,0.0438684,0.0424844,0.0409569,0.0337492,0.0317542,0.0297631,0.0276005,0.0256557,0.0235982,0.0215245,0.0196671,0.0178519,0.0158441,
0.0487702,0.0462973,0.0440582,0.0409291,0.0329691,0.0311144,0.0288689,0.0271535,0.0258575,0.0241713,0.0216877,0.020358,0.0171292,0.0155577,
0.032936,0.0327574,0.0324887,0.0318813,0.029701,0.0285273,0.0274277,0.0264938,0.0254297,0.0242985,0.0226158,0.020727,0.0193361,0.0175321,
0.0399711,0.0403842,0.0407103,0.0399843,0.0343425,0.0329917,0.029564,0.0258288,0.0238787,0.0221145,0.0216679,0.0205064,0.018152,0.0166563,
0.0325724,0.0327141,0.0329416,0.0329035,0.0324851,0.0318144,0.0302729,0.0283982,0.026841,0.0252241,0.022302,0.0194612,0.0167243,0.0147188,
0.0487892,0.04816,0.0468594,0.0453151,0.0365694,0.0338589,0.0315097,0.0290396,0.0264598,0.0238469,0.0216818,0.0188741,0.0168154,0.0145981,
0.058973,0.0585704,0.0570178,0.0555865,0.0449267,0.0423171,0.0388211,0.0365429,0.0333463,0.0311194,0.0275331,0.0245112,0.0228159,0.0197562,
0.0386996,0.0384136,0.0379626,0.0370768,0.0324287,0.0311467,0.0298679,0.0281453,0.0265061,0.0244616,0.0231391,0.0210713,0.0190076,0.0164407,
0.0572214,0.0549971,0.0531802,0.0512041,0.0396819,0.0357159,0.0313741,0.0270771,0.0231135,0.018841,0.0157211,0.0123592,0.0088531,0.0072878,
0.0430772,0.0422298,0.0413154,0.039567,0.0328812,0.0306087,0.0284794,0.0266187,0.0249063,0.0229363,0.021456,0.0195067,0.018156,0.0167746,
0.065416,0.0617371,0.0577869,0.053343,0.0416702,0.040244,0.0383228,0.0350396,0.0323573,0.0298757,0.0263022,0.0224805,0.0192296,0.0159505,
0.0646015,0.0635482,0.0623771,0.0605432,0.0514161,0.0469031,0.0421816,0.0368666,0.0313945,0.0257061,0.0212584,0.0166441,0.0123996,0.0105373,
0.0423009,0.0417487,0.0411989,0.0409664,0.0371969,0.0357084,0.0340666,0.0318748,0.0291297,0.0260838,0.0237251,0.0208287,0.0177417,0.0156309,
0.0553177,0.0539288,0.0527685,0.0514114,0.0424861,0.0393214,0.0356423,0.0323687,0.0295984,0.0255636,0.0209507,0.0176836,0.0129413,0.0099373,
0.0690941,0.061789,0.0560823,0.0527091,0.044462,0.0415971,0.0377733,0.033069,0.0286219,0.0234132,0.0188708,0.0154619,0.0114983,0.0097054,
0.0401561,0.0396934,0.0389142,0.0373663,0.0321405,0.0305269,0.0292686,0.0270757,0.0247938,0.0231876,0.0208592,0.018784,0.015455,0.0140054,
0.0324495,0.0318119,0.0308017,0.0300754,0.0253918,0.0241078,0.0231754,0.0222601,0.0203996,0.0189975,0.0172762,0.0162774,0.0148804,0.0135905,
0.0229117,0.0227767,0.0227654,0.0225536,0.0199304,0.0191875,0.018284,0.0175474,0.0165795,0.0160893,0.0151089,0.0144194,0.0136056,0.0130497,
0.0379327,0.0377165,0.0358366,0.0357136,0.031212,0.0294513,0.0279034,0.0264994,0.0255084,0.0244903,0.0226733,0.0221591,0.0206131,0.0185539,
0.058201,0.0558104,0.0528766,0.0509925,0.0401316,0.0367692,0.0325368,0.0287654,0.0250924,0.0210326,0.0181892,0.0146213,0.0120023,0.0092251,
0.2551484,0.339221,0.3960142,0.4324422,0.3102733,0.1757335,0.0836405,0.01486,-0.0040621,0.0053519,0.0119662,0.0149129,0.0137968,0.0124251,
0.0479196,0.0478823,0.0476127,0.0466275,0.0393823,0.0369022,0.0342392,0.0311597,0.0289466,0.0254453,0.0228944,0.0206632,0.0180384,0.0160397,
0.0405059,0.0405435,0.0401353,0.0394158,0.033927,0.0325467,0.0306527,0.0283998,0.0264616,0.0236174,0.0217883,0.0196753,0.0168182,0.0141104,
0.046312,0.0466377,0.046263,0.0457825,0.0410966,0.0388527,0.0370736,0.0344284,0.0337932,0.030998,0.0288218,0.026197,0.0233391,0.0212627,
0.0406433,0.0407876,0.0407541,0.0405301,0.0387689,0.038495,0.0379405,0.0369439,0.0362425,0.034674,0.033094,0.0311462,0.0287788,0.0267342,
0.0407016,0.0370476,0.0357175,0.0340289,0.0317091,0.0304234,0.0292711,0.028213,0.0273339,0.0246794,0.0219356,0.0210846,0.0193432,0.0175353,
0.044367,0.0409906,0.0395195,0.0387556,0.0362993,0.0353773,0.0333023,0.0319362,0.0299613,0.0271778,0.0249535,0.022116,0.0197514,0.0160138,
0.0191847,0.0189124,0.0190743,0.0194647,0.0181346,0.017645,0.0172693,0.0168507,0.0168257,0.0160005,0.0155728,0.0152487,0.0143998,0.0139159,
0.0467702,0.0466783,0.0468059,0.0462251,0.0422811,0.0396184,0.0374576,0.0343024,0.031475,0.028023,0.0249675,0.0220847,0.0192499,0.01569,
0.0285273,0.0283124,0.0275581,0.0278518,0.0254471,0.0254647,0.0246107,0.0235445,0.0223365,0.0221294,0.0211938,0.0201772,0.0190113,0.0174494,
0.0340164,0.034701,0.0344925,0.0341298,0.0320915,0.0311767,0.0298752,0.0291883,0.0273,0.0255464,0.0236654,0.0216237,0.0196947,0.0175987,
0.0585195,0.0590804,0.0588624,0.058062,0.0506235,0.047124,0.0431812,0.0387123,0.0339084,0.0296372,0.0247292,0.0206336,0.0167444,0.0133654,
0.0359418,0.035883,0.035235,0.0346838,0.0297823,0.0284541,0.0267669,0.0254103,0.0237771,0.0216346,0.0198123,0.0186603,0.0169071,0.0160328,
0.0221575,0.0220649,0.0219289,0.0218708,0.0192814,0.018648,0.0181912,0.0182081,0.0173406,0.0155943,0.015472,0.0145296,0.0134799,0.013341,
0.0583018,0.0576493,0.0571762,0.0558061,0.0491328,0.0467599,0.0441501,0.0402348,0.0374433,0.0341599,0.0303761,0.0258304,0.0229068,0.0190994,
0.0576724,0.0551811,0.0533502,0.0508474,0.039158,0.0362814,0.0329979,0.0304906,0.0273927,0.0243548,0.0220182,0.0190398,0.0166053,0.0139843,
0.053661,0.0516401,0.0502506,0.0480328,0.038596,0.0362857,0.033837,0.0316849,0.0293331,0.027412,0.0252853,0.0232861,0.0205082,0.0187783,
0.0509293,0.0499813,0.0481665,0.046261,0.040475,0.0378584,0.0360577,0.0333324,0.0309931,0.0286837,0.0257064,0.0231949,0.0210484,0.0189097,
0.0734998,0.0727522,0.0720873,0.0713095,0.0607794,0.0554828,0.0497334,0.0423636,0.036254,0.0296466,0.024225,0.0180186,0.0135497,0.0106421,
0.0585626,0.0564123,0.0535094,0.0503921,0.0379447,0.0348726,0.0317624,0.0289492,0.0262351,0.0240743,0.021111,0.019037,0.0167361,0.0140356,
0.0196906,0.0194733,0.0194719,0.0192007,0.0184398,0.0178321,0.0172689,0.0172535,0.0167919,0.0161047,0.0158217,0.0155712,0.0149847,0.0144258,
0.051998,0.0518783,0.0518188,0.0514413,0.0454077,0.0425044,0.0385153,0.0348463,0.0301761,0.026198,0.0207768,0.0183504,0.0153702,0.0126216,
0.0330667,0.0326688,0.0326241,0.0318148,0.0282282,0.0272843,0.026123,0.0250536,0.0231845,0.0220852,0.0196822,0.0178888,0.0171851,0.0151197,
0.0483864,0.0480466,0.0476013,0.0473854,0.0431965,0.0416288,0.03983,0.0377486,0.0353703,0.0333148,0.0306845,0.0280689,0.0249756,0.0222592,
0.067943,0.0676001,0.06722,0.066369,0.0554761,0.0496631,0.0431422,0.0380586,0.0314267,0.0258488,0.0202386,0.0155277,0.012344,0.0084104,
0.065676,0.0635762,0.0618602,0.0602373,0.0515193,0.0485695,0.044528,0.0405242,0.0360683,0.0315905,0.0272712,0.02293,0.0194923,0.0152233,
0.0635886,0.0628951,0.0615845,0.0610169,0.0527497,0.050165,0.0471331,0.0433693,0.0397,0.0356698,0.0313729,0.0267846,0.0228682,0.0190395,
0.0689712,0.068575,0.0678757,0.066376,0.0498715,0.044908,0.0398859,0.0346542,0.0293287,0.0246061,0.0207726,0.0176433,0.0148983,0.0109688,
0.0287227,0.0283925,0.0282908,0.0275106,0.025065,0.0240103,0.0232179,0.0220947,0.0211134,0.0200327,0.0188454,0.0177423,0.0164583,0.0156025,
0.0702695,0.0702873,0.0696128,0.0685462,0.0568609,0.0518523,0.0464454,0.0408207,0.0355173,0.0301747,0.0253418,0.0205863,0.0166314,0.0134381,
0.0425363,0.0434486,0.042822,0.0420277,0.036167,0.0339553,0.0318928,0.0291457,0.0269446,0.0244677,0.0219458,0.0195307,0.0178362,0.0136829,
0.0272929,0.0271608,0.0265995,0.0266698,0.0253021,0.0246083,0.0240021,0.0229304,0.0223917,0.0216598,0.0204332,0.0195721,0.0183877,0.0170466,
0.065911,0.0654838,0.0634025,0.0616391,0.0500291,0.0469899,0.0441524,0.0411953,0.038209,0.0350453,0.0329294,0.0288285,0.025991,0.0231133,
0.0438093,0.0417295,0.0399146,0.0391723,0.0372513,0.0361006,0.0344721,0.0330878,0.0309511,0.0282116,0.0260775,0.0226394,0.0199636,0.016617,
0.076183,0.0740519,0.0712542,0.0687748,0.0531184,0.0486396,0.0443212,0.0384111,0.0342936,0.0296672,0.025115,0.0218569,0.0186603,0.0162314,
0.0223083,0.0228787,0.0229133,0.022443,0.0221597,0.0219916,0.0215566,0.0213337,0.021357,0.0210431,0.0207365,0.0210018,0.0200345,0.0192675,
0.0399326,0.0389221,0.0382459,0.0371425,0.0318013,0.0301082,0.0278932,0.0256654,0.0230812,0.0209303,0.0180102,0.0156534,0.0131987,0.0105076,
0.0279133,0.0268975,0.0269271,0.0269783,0.0247012,0.0247124,0.0232945,0.0226397,0.021726,0.0203011,0.0186668,0.0168434,0.0149209,0.0135121,
0.0281295,0.0285191,0.0281269,0.027737,0.024248,0.0230056,0.022246,0.0208501,0.0194522,0.0185668,0.0167613,0.0162144,0.0143437,0.0136114,
0.0421756,0.0427191,0.0432962,0.0428815,0.0369518,0.03437,0.0321254,0.0296759,0.0272237,0.0250626,0.0226904,0.0207567,0.0177712,0.0148472,
0.0345792,0.0346262,0.0345737,0.0340516,0.0301566,0.0283678,0.0276565,0.0269171,0.0242657,0.0230723,0.0224149,0.0212772,0.0201074,0.0189566,
0.0559815,0.0557285,0.054834,0.0540925,0.0472293,0.0449588,0.0422849,0.0394016,0.0362348,0.0330672,0.0291576,0.0259691,0.0223662,0.0192684,
0.0870042,0.0847211,0.0817204,0.0797648,0.0690296,0.0650941,0.0612397,0.056313,0.0508005,0.045332,0.040045,0.0340449,0.0281521,0.0221975,
0.0268948,0.027415,0.0273132,0.0275881,0.0267554,0.0264004,0.0264152,0.0260859,0.025561,0.0249357,0.0238945,0.0234061,0.0213169,0.0194043,
0.0413848,0.0412737,0.0403452,0.0393986,0.0340569,0.0319317,0.0299533,0.0282525,0.0253352,0.0225935,0.0201776,0.0165443,0.0137381,0.0108363,
0.0816395,0.0753382,0.0699047,0.0641375,0.0381557,0.0315324,0.0258765,0.0220231,0.0176606,0.0150546,0.0118415,0.0111587,0.0089291,0.0056054,
0.0222398,0.0223212,0.0225432,0.0226085,0.0206529,0.0205545,0.0199517,0.019882,0.0188384,0.0180356,0.0181839,0.0172172,0.0164919,0.0158258,
0.0479152,0.0478906,0.0472466,0.047035,0.0424816,0.0411643,0.0395171,0.0371776,0.0352415,0.0323221,0.0290161,0.0265611,0.0235682,0.0201061,
0.0784305,0.0778068,0.0777009,0.0762789,0.0687833,0.0649682,0.0614308,0.0563263,0.0502988,0.0442375,0.0383851,0.032155,0.0264953,0.0217464,
0.0600162,0.0588134,0.057244,0.0550515,0.0446818,0.0416181,0.039137,0.0357721,0.0329666,0.0306469,0.0273752,0.0252605,0.0216326,0.0196177,
0.0368506,0.0361734,0.0359369,0.0348312,0.0286367,0.0272499,0.0261579,0.0236931,0.0221001,0.0196457,0.0187032,0.017052,0.0151624,0.0133318,
0.0697917,0.0697745,0.0692365,0.0678835,0.0498442,0.0457957,0.0395995,0.0338868,0.0288451,0.0251311,0.0224979,0.020127,0.0162469,0.0122761,
0.0288809,0.0290595,0.0285609,0.028683,0.0250752,0.0235444,0.0225679,0.0215118,0.0204411,0.0186503,0.0181843,0.0165547,0.0155856,0.0137601,
0.0538584,0.053614,0.0524683,0.0510234,0.044924,0.0428002,0.0401519,0.0374611,0.0346478,0.0309961,0.0281537,0.0236765,0.0196225,0.0164568,
0.046841,0.0457148,0.0441405,0.0426605,0.034858,0.0330646,0.0309875,0.0289733,0.0271521,0.024882,0.0230016,0.0210499,0.0190232,0.0166757,
0.0592853,0.0577912,0.0556,0.0536482,0.0368747,0.0319619,0.0284863,0.0241095,0.021822,0.0193414,0.0157785,0.0094392,0.0078551,0.0087211,
0.041508,0.0408312,0.0393044,0.038311,0.0304666,0.028636,0.0261804,0.0244246,0.0221863,0.0206678,0.0191178,0.01703,0.0148847,0.0132494,
0.0135634,0.0138866,0.0135567,0.01302,0.0118466,0.0113041,0.0111311,0.0105194,0.0104686,0.0098911,0.0094661,0.0090695,0.0088803,0.007734,
0.0419359,0.0413344,0.0410179,0.0405956,0.0371756,0.0354436,0.0337042,0.0310897,0.0287237,0.0259313,0.0232353,0.0202952,0.0172592,0.0145604,
0.0569902,0.0539796,0.0515822,0.0499464,0.0407446,0.0372716,0.0333939,0.0299876,0.0262137,0.022433,0.0185615,0.0146941,0.0123679,0.0104619,
0.0735448,0.0736496,0.0733746,0.0718952,0.0596562,0.0546205,0.0484395,0.0431,0.0372483,0.0307003,0.0246967,0.0201277,0.0151606,0.0121404,
0.0272676,0.0266479,0.0255304,0.0241013,0.0246122,0.025857,0.0262385,0.0248136,0.0225976,0.0212767,0.0195379,0.0170267,0.0157379,0.0138004,
0.0130005,0.0133034,0.0134276,0.0129294,0.0123551,0.0118404,0.0122066,0.0116204,0.0119735,0.0116045,0.0113799,0.0116569,0.011839,0.0115494,
0.0359507,0.036241,0.0368763,0.0360957,0.0361047,0.0353941,0.0360568,0.0355967,0.0354541,0.0358813,0.0369622,0.0361044,0.0359658,0.0365624,
0.0358274,0.0367706,0.0355693,0.0351995,0.0344097,0.0332824,0.0328875,0.0329315,0.0319841,0.0305864,0.0300755,0.0284956,0.0275888,0.0255002,
0.0597478,0.0584907,0.0570929,0.0553535,0.0437319,0.0405096,0.0368473,0.0337341,0.0294414,0.0265021,0.0228681,0.0191497,0.0163968,0.0127546,
0.0199315,0.0189617,0.0192447,0.0191832,0.0181935,0.0174518,0.0176201,0.0172302,0.0162175,0.015836,0.0145594,0.0144055,0.0137624,0.013006,
0.0547241,0.0543808,0.0529708,0.051736,0.0435681,0.041776,0.0391158,0.0361815,0.0338393,0.0305299,0.0283959,0.0254025,0.0221658,0.0200825,
0.057234,0.0549172,0.0526705,0.0516136,0.0434616,0.0401744,0.0363991,0.032115,0.0297004,0.026665,0.0241884,0.0231513,0.019853,0.0173439,
0.0468543,0.046215,0.0458081,0.0449129,0.0395927,0.0370024,0.0346689,0.0325444,0.0301571,0.0263717,0.0237742,0.0210289,0.0183373,0.014494,
