0.01155222433859912,0.03209114563372349,0.05437178056916956,0.07452372828530861,0.10017088637605272,0.11861607404439296,0.12970445924816348,0.1446169252800771,0.16562823576085964,
0.01772436406509831,0.045136202865075574,0.07180985781520384,0.09510287915799528,0.12278990615615663,0.14151757336569523,0.15274871822706568,0.16779150949477603,0.1868946670810006,
0.013749144544808276,0.03565254723369507,0.05796762452399485,0.07490660771172479,0.0935529421712086,0.10570279390120982,0.11344238202317312,0.12413154502832963,0.1394714426578522,
0.011649606812739403,0.01796558455931718,0.02251944114333491,0.024807897770781923,0.028236547335294123,0.029280132856196645,0.032220244724293384,0.03210135723868405,0.03633214423492816,
0.012286559184121986,0.03126503206334285,0.05088894451678707,0.06745849547725564,0.08802060876404982,0.10277876307924677,0.11068293386915391,0.12265243736410265,0.13755801322446587,
0.015808566917221822,0.04020760171967594,0.06462978093752715,0.08389476829138794,0.10686743849210435,0.12137485962900547,0.1304435364370615,0.14278259147491223,0.16038386788238454,
0.01332335587191688,0.03943245773549676,0.06779411291100162,0.09092002725986446,0.11845233709057011,0.13593623674921987,0.14657491160807773,0.1624553251434797,0.18577878285939978,
0.015467450885826408,0.03556848754046361,0.05477686464621483,0.06823462391139853,0.08359544500456907,0.09384855054937978,0.09926712296454397,0.1089740299455665,0.1220507091950013,
0.014823691884497886,0.039853946098770264,0.06578730735313432,0.0872094634166338,0.11242385587489939,0.12925688338493121,0.13883405730292836,0.15086579045742174,0.16596945607922284,
0.012290196645809248,0.028291279377723952,0.04285284442979173,0.053431384034616315,0.0648616498211733,0.07321239773209415,0.07828611270621437,0.08679334659088316,0.10262255261971905,
0.013275567751529513,0.03416325975284284,0.055190895531181616,0.07244145955934986,0.09228902504054122,0.10554622010140774,0.11269953693766738,0.12329408399279225,0.13820685606949457,
0.015143083581436496,0.04070148528728612,0.0666536573850438,0.08665952092112474,0.1101769953106077,0.12571218446448154,0.13496424563116186,0.1495871743929201,0.1697413073808357,
0.011789266102380545,0.03283524419437389,0.05485287693214092,0.07371964659942279,0.0959965496430762,0.11123674639483862,0.11968292876205963,0.13232937162200809,0.15002212252765543,
0.00917404234440732,0.028182882285894315,0.04883430347243376,0.068434128299266,0.09388763332622731,0.11203897781205135,0.12437152415149082,0.13977669674153873,0.1605571623184847,
0.015047214857275339,0.03901175936958125,0.06343132081633994,0.08233789713256455,0.104184010389071,0.1178688061602417,0.12555161070481136,0.1343357329875127,0.14572710371742834,
0.016454843867973704,0.03911639328937255,0.06171302603312243,0.08237736407339295,0.10765181233105453,0.1254599103564177,0.13623963849537318,0.15025729777449107,0.16831842850155843,
0.013857806378093704,0.037021552881442925,0.05911924484195729,0.0798157502757925,0.1057648169675785,0.12464508086538072,0.13517430302656963,0.14990260279951115,0.16864162715553208,
0.008846097421768444,0.02551358787114828,0.04289495462900564,0.05869219308246739,0.07806893080779198,0.09209685200462597,0.09911558111723533,0.10933015032121547,0.12343356238469394,
0.015991283218829793,0.03720451759279852,0.060086201732248844,0.07790364204000857,0.09980698556184536,0.11541612401423312,0.12556733729036132,0.14398430016092464,0.17055940586345955,
0.01432022193763303,0.028029044447566164,0.04084299538848637,0.04985454706907519,0.06083712315764434,0.06773594798673939,0.07297634720674749,0.08004707701139302,0.08983330774644414,
0.012523560932007259,0.03395907259560702,0.05594623357247386,0.07499794329042218,0.0994409388110286,0.11619394674330506,0.12547558829655628,0.13835948416041036,0.1546208231717597,
0.015424855044850803,0.0399797947421243,0.06457667554448615,0.08511581704238774,0.10905261467778506,0.12498361076508441,0.13430428898520563,0.1466821181987395,0.16383803801032001,
0.009051767390282376,0.015481396946422017,0.01938646344490125,0.022515546498217923,0.02426745037511209,0.026010885835925677,0.02698270746718717,0.03057489524741305,0.031522798223221904,
0.010487647867322696,0.026893082558251666,0.042576923944357296,0.05566713859093478,0.07038253864836184,0.07968458027068177,0.0850687669513537,0.09243087785025748,0.10279284806184985,
0.015019261020027487,0.038840192598382124,0.062098988092119896,0.0807331544015233,0.10159020005943557,0.11406770157475245,0.12143653302386768,0.13197539308253292,0.14478890433626837,
0.012946413179119398,0.034938442527192685,0.057390384893896966,0.07713476208060309,0.10107485641194279,0.11743574733260269,0.12743037564016632,0.14088568699765258,0.15966968376426607,
0.0172749692325842,0.03873009219862577,0.06281566603311367,0.0827300686319807,0.11131984108634181,0.13077433080510167,0.14479101090528296,0.15886622810302278,0.18318008922663853,
0.010232935004448912,0.029188005612701556,0.049779228913330885,0.06916483983792794,0.09365159910873742,0.11152942037128598,0.12143504295840525,0.13466587548116846,0.15223213450106965,
0.014554341180092504,0.04038546478018024,0.06750392473065762,0.08975005033390465,0.11621058482252462,0.13364965206140422,0.14362002668918852,0.15721034060444328,0.17529714676959782,
0.016424755531769312,0.04057237197507793,0.06413537599235015,0.0837533600548994,0.10707664725149983,0.12342822702943175,0.1325329340375099,0.14504479549861304,0.1625722544997944,
0.013504374317883332,0.036727473148432506,0.059880435233237626,0.07929984607657949,0.10115918132035868,0.11477932573308879,0.12266770243225385,0.13324019254882327,0.14760874606725427,
0.01307413962593011,0.03477868254244279,0.05717314403090328,0.07517747375215508,0.09494818685013955,0.10764969449647077,0.114421889531803,0.12456545405891196,0.1372395711314093,
0.01758730994142527,0.04273228270344829,0.06956851823488376,0.09170654199453564,0.12095830425741617,0.14288249701132777,0.15446113321721416,0.17364384222969098,0.19836470645172385,
0.013894582588150442,0.023525742832933,0.031036670097261215,0.03597591416282154,0.04071398952820304,0.04476519854608479,0.047820276560713665,0.050416002544463615,0.05623273919851713,
0.01205229600046654,0.034315218852968406,0.05696202627227425,0.07726682996028593,0.10366609126397824,0.12212829035758031,0.13436326530631654,0.14954863939367463,0.16951794741174292,
0.011423339267041333,0.033150398768770364,0.057340535252198885,0.07860754235607348,0.10539835301290218,0.12344466030888766,0.13377083981408677,0.1472044861068652,0.1657645445158419,
0.0159997813989588,0.040451921953824306,0.06473545020109281,0.0831851362293402,0.1044871217651953,0.1190990565066491,0.1280238639711371,0.13969145830063556,0.15660520992951452,
0.013749397683675857,0.037676634940962184,0.06328632333529434,0.08531564935670134,0.11075176998836926,0.1268897892784797,0.13552297904685823,0.1472465832432035,0.16270182774640535,
0.01543671490418719,0.04160887891767374,0.06955336414703789,0.0926109411273092,0.11934205637431818,0.13548006826352713,0.14420141782651502,0.15512074772190768,0.17013062292278047,
0.011905480733455695,0.03296736514897981,0.0541998221179271,0.07326733345664334,0.09561334578745923,0.11073460193731559,0.11854284667774581,0.13038660776807856,0.14517230616198862,
0.01632803247450526,0.04539002329301719,0.07574669402649724,0.1015315056017805,0.13235161657908648,0.15310149515825697,0.16580731077503727,0.18222889280617033,0.20627203404052735,
0.014381766781729493,0.0323772847498707,0.04979243616680795,0.06154594091911459,0.07567478724910524,0.08588889469335116,0.09102283229095483,0.1007869839774406,0.11672932911231386,
0.02087481372428596,0.04770006684508123,0.0736032893319154,0.09537365498561208,0.12133898898432884,0.13809676356427897,0.14769734305293813,0.16042514933783142,0.17502066845573488,
0.016156668955737585,0.04121163352230129,0.06587744778882339,0.08506874356695901,0.10767555650823196,0.12249116021735897,0.13254497301310766,0.14661044938983447,0.16702241319033306,
0.01338871566497465,0.03621286079447783,0.06021982914182166,0.07907631526381849,0.10060667141742263,0.1146745388937536,0.1226386490186928,0.13535918328572197,0.15521136706483105,
0.014480901666186268,0.04311548251662331,0.07456005880804108,0.10120255506826599,0.1341629883839564,0.15653088239631618,0.1689049661067617,0.185494801603204,0.20809056248876673,
0.016294259760954177,0.03508479617344872,0.0531131882232104,0.06647358731512389,0.08169802471197135,0.09183172147513637,0.0984596118000489,0.10737204009088282,0.11947676511231672,
0.01685268763989438,0.04717556261690612,0.07894857074940802,0.10407621830847463,0.13110269703728697,0.14726924125482907,0.15598833932306808,0.1676368050648839,0.1839343467981003,
0.01646776062758136,0.03635729487360572,0.055226043329761575,0.06903118097712531,0.08360711125839952,0.09366685911744257,0.09987130431693121,0.10772412157095539,0.12074541041059329,
0.01529783884650769,0.04048718251091511,0.0650701819199526,0.08637649173727724,0.11261327602356583,0.1309811720450895,0.14225523749272767,0.1558982196586207,0.17578036120007892,
0.018632137511232164,0.040371791817051826,0.06177144643223544,0.07788598500902942,0.09754257404748419,0.1105611044694103,0.11617786410148721,0.12582784473677922,0.13902303194513937,
0.01361105562488161,0.037151774575376446,0.06139839506592005,0.08139158530581916,0.10482625046034792,0.12065452476825732,0.12940070616502372,0.14056889847195247,0.15686444409163117,
0.017936688177808694,0.045402553356090794,0.07253998899747317,0.09586223996484136,0.12314341767829258,0.14150515141800038,0.15207941777308787,0.16646415387658428,0.18565679194897086,
0.01079465010949273,0.030186738702169248,0.05049432756761351,0.0684670866763844,0.09150186161964241,0.10767166427509042,0.11662017915678646,0.13047960297505778,0.14732749336925008,
0.01665357241582786,0.04571948916181954,0.07537287874581078,0.10006665219147041,0.12901977120428346,0.14753155310911978,0.15722559346530077,0.17001968384637514,0.18402545245728305,
0.016840861283667255,0.035393113057303534,0.054362873285264714,0.0683881504702886,0.08257761502276949,0.09239765397301035,0.09837386946933188,0.10734407289995333,0.12046587291473902,
0.011543094821696886,0.02024626277491803,0.026793071209516166,0.03156273984114976,0.03755777837643801,0.042722093609981956,0.04675911699143765,0.05371851568920834,0.06199612347627699,
0.01414929516581309,0.025137071767851217,0.03425286190248397,0.04024631610858876,0.047135141817702744,0.053997739232657084,0.05952652460762751,0.0649687085077828,0.07879040474106264,
0.018199465127292754,0.04160602425884285,0.0644984476540973,0.0820153949521594,0.10326184896310955,0.1179953340461908,0.12720210442531854,0.14015419832241005,0.15757785594664664,
0.014809567628587301,0.040232752878471174,0.06873874398673235,0.09452409982646086,0.12855320344043072,0.15484041924239741,0.16957336955725336,0.19124642377503176,0.21942295493977557,
0.011859735104016387,0.03128879361324501,0.05233600959531215,0.07050059784171771,0.0944067420304613,0.11129318753099018,0.12184766311394502,0.1365267059477832,0.1543027030554888,
0.0122930724339684,0.03812731875872585,0.06600557849941315,0.09280817937650296,0.12805281183386386,0.1557558531028742,0.1712130461405168,0.19568514652291605,0.22685248033287994,
0.015917390652703495,0.04263417845639851,0.06940257700259699,0.09252243586697874,0.1212959046611619,0.1405910902163928,0.15282967252885235,0.16910539238637096,0.18943624594433575,
0.015490787481400913,0.044061728218275475,0.07412283258049962,0.09876678194971315,0.12648346307833677,0.14322975314566253,0.15115717458058062,0.1614963677480007,0.1734267659424762,
0.012823632515871953,0.0361437427911051,0.060967112703354934,0.0823812993702556,0.10760458270380607,0.12392836870675175,0.1330400836159301,0.14519575749462998,0.16225907403064707,
0.015069365776592859,0.04129353083193888,0.06916104321349147,0.09140425448309314,0.11757355032660531,0.13448697132617532,0.14444370501719522,0.15865471409481027,0.17905722955300588,
0.011779881944298595,0.03130482318857054,0.05134302968163888,0.0680341816303809,0.08823235782310339,0.1005104465545644,0.10773777133043087,0.115956882392533,0.12705442727735194,
0.016174676769275705,0.04001129635117225,0.06521846832379373,0.0863018197233903,0.11277726518843302,0.13120526089407572,0.1423709270480772,0.1576838312926174,0.17963281649582155,
0.01826143541102548,0.04415481801682553,0.06894780338035839,0.08871016807122169,0.11155410443669049,0.1271040438705953,0.13528838892357925,0.14804705300825038,0.1622687307034241,
0.019379033290726703,0.04880295607187732,0.07842204344555269,0.10409390543848465,0.1356691862487107,0.15707210536883354,0.17012305065442834,0.18723138833786973,0.20850192343356827,
0.019211440126096345,0.06003273417801767,0.10318273475716103,0.14163740880193393,0.19016155304920676,0.22373582265577777,0.24374209977418618,0.2684037148608086,0.29911046014486914,
0.013672435216131948,0.038943830096143196,0.06732538676110769,0.09148578947696075,0.12279292938089138,0.14505156316509907,0.1575455577322491,0.1804771704829819,0.2142633185206826,
0.012909384809072067,0.02834419075856612,0.041738314016720124,0.05062832945044738,0.06064865716286772,0.06813417430653532,0.07402479830449216,0.07997488920802097,0.0913805669899646,
0.014096415466901716,0.04206816291024936,0.07341641078833396,0.10032461359805048,0.13329905187004917,0.1551707516059682,0.16814672883151258,0.1868520945498084,0.2154649662154769,
0.015114879786552144,0.041849195788401926,0.0681438837349937,0.09180379293698845,0.12067521541352748,0.14070576693413667,0.15205180703998913,0.1685292054031925,0.18852245437200918,
0.01414941543103548,0.03603644270427698,0.05727616052319575,0.0739594767203353,0.0928674221713486,0.10509871059284684,0.11284290126779456,0.12216772963920343,0.13500509354309692,
0.018552693333598866,0.049391541658830924,0.08010706733246394,0.10575266425568763,0.13662580848777178,0.15741260530294313,0.1704336828995545,0.18655482914038896,0.20797519187015465,
0.014761589306212892,0.04098042695146778,0.0683766850308079,0.09072696351897472,0.11666678413891772,0.13255228426147933,0.14215477864540382,0.15375087642816299,0.1681184105634624,
0.008632331926387795,0.026528916145988575,0.04561594180492326,0.0632141441168666,0.08479179686578613,0.09990710602471603,0.10880359751526875,0.12016785768295123,0.13449934865298904,
0.014766039308340657,0.03910433512657451,0.06508870973711028,0.08849821685626223,0.1193357433384,0.14154638982767753,0.15447522774714165,0.1734265566906675,0.19731806206328414,
0.013317351318435902,0.02417124653316124,0.032590823863989406,0.037661176521304074,0.04384919006458701,0.04831033719612234,0.05224845648414612,0.055551911884717343,0.06139344016832887,
0.01477671778960456,0.044170138641893404,0.07700355073148296,0.1057719938526026,0.1440418156525531,0.17136676598072695,0.1864033978698802,0.20782457338535665,0.23461863441644693,
0.016383196588456272,0.04165638240276958,0.06630238707908914,0.0871320751854362,0.11137074634844929,0.1275355797842531,0.13719108079780729,0.14973269532029257,0.16576532729748153,
0.018290578318843616,0.04925016996898182,0.08118789200831861,0.10793138698477317,0.1373328289214571,0.15612020434960486,0.16598440964768854,0.17931698974025453,0.19673008286030358,
0.014960245061049532,0.03587805071579896,0.05620120433298291,0.07186305005780279,0.08909685629118355,0.10022752373743059,0.10741881041498338,0.11581006924779304,0.13119650478254755,
0.017134147311121565,0.043639795816931545,0.07042482571314945,0.0912946752081716,0.11629185109115704,0.1332897397433186,0.14454827362480627,0.15972997081648146,0.18225509885498284,
0.014239072199074389,0.04069597287245849,0.06888650893686153,0.09161135953708203,0.11761166438165026,0.13435257237528486,0.14382526591714576,0.15661263818765428,0.1752120009736528,
0.011157876121611763,0.03246229931288611,0.05606506354992469,0.07783294619455795,0.10587094872489963,0.12600982404331706,0.1379380861701,0.15340995932941925,0.17472883874953227,
0.013566141142195613,0.0359848250852406,0.05865817244799843,0.07817395734107113,0.10178796216910932,0.1175771106814748,0.12592948200298384,0.1382665785081355,0.15350273660680314,
0.013993609798627517,0.035954928016067804,0.058079474081798844,0.07548762200754244,0.09558161444035136,0.10860613682729807,0.11639796162317802,0.12820305825225034,0.1450450301796482,
0.015505602012419632,0.041460060069060556,0.0666345205424515,0.0881893189758688,0.11316754974173675,0.13025134460424162,0.13993158385957166,0.1521529690472416,0.16587961573515211,
0.0180247478208979,0.04389085620128694,0.06967868803441425,0.09233011437202089,0.11937726950203138,0.13783755225289152,0.14884197366247764,0.16350367913177163,0.1826692766022525,
0.013204771540027279,0.03753834451384251,0.06399760007397266,0.08599581778338261,0.1125825435167903,0.13121485443307893,0.14242964275264344,0.15991527895985627,0.18589092352566217,
0.015822204674943,0.035915860107853866,0.055105534037240125,0.06928601438201887,0.08496140015900976,0.0961434214441243,0.10444155562139147,0.11509444165881726,0.13078721138965757,
0.015650601644478464,0.040657504081857525,0.0653109610239093,0.08683327711299137,0.11155632410740242,0.12829456148134546,0.13907436521177577,0.15258916746609025,0.1721243396500415,
0.01228699095938139,0.03352690218690391,0.05572030460873054,0.07424682243078683,0.09688700335836482,0.11353191243608102,0.1231928241686943,0.13857458955293062,0.16196502924119335,
0.013493549873063197,0.03759416281232895,0.06251384110943457,0.08430945410607114,0.1123791204602611,0.1326779775931536,0.14480749019335815,0.1615550200781546,0.1825774051691285,
0.01656855667892376,0.04342035319596341,0.07061291833029948,0.09213202377586421,0.11568051439714482,0.12990609226033767,0.1376732335080887,0.1480840461555055,0.16312668012573853,
0.01664250749553549,0.042635074356541534,0.06832082361835569,0.08802226000794457,0.11010541929083094,0.12519363562470595,0.13343065792733458,0.14611008028026304,0.16338132813266748,
0.01429952371914737,0.034048486846825696,0.052735979779089094,0.06692734894060147,0.08271219306383769,0.09386669067457301,0.10060197615345422,0.11013915667372148,0.12222976513283774,
0.01658258288639175,0.04224459541380565,0.06809859499471306,0.0899700397724575,0.11482343375929219,0.13015632756269657,0.13880540644829506,0.1489594988344662,0.16123387401350806,
0.015743795831703107,0.04375685459115498,0.07283748336304516,0.09985033259267462,0.13444526152660782,0.1592356026419881,0.1731049586800917,0.1921220829267852,0.21332054890613636,
0.014751926757265917,0.030290002529482166,0.04699385857403812,0.059283921520687885,0.07325648175383064,0.08461985544103515,0.09517543562490147,0.10676523913561038,0.12729456387989896,
0.012225252542272429,0.03577983691349788,0.061136595280572685,0.08396607724064348,0.11323002598953329,0.13300027370570608,0.14562888630195878,0.1596002105742573,0.1790578546588315,
0.015115603441771265,0.02980493043046106,0.04268663561464816,0.051401987918472634,0.061303637115897765,0.06730772466450484,0.07281305276871494,0.07698592255569102,0.08631215525220796,
0.014680499458213927,0.034481412118454464,0.05273537000801382,0.06650041545550335,0.0814036539766993,0.09115686973880698,0.09622657437599165,0.10129275202355183,0.10994421026870659,
0.02278638777602683,0.057984650798600476,0.09115634524285907,0.11969364669086775,0.15285023981635437,0.1747693821349669,0.18822002543568908,0.20507523212642317,0.22539454669285097,
0.012432083426519027,0.04006500877050852,0.07055311062005934,0.0999972246308985,0.1391166586357633,0.16789546169391742,0.1831269021275752,0.20429350604006244,0.22899315393178493,
0.01323153923077189,0.02858410217835032,0.043081260214659634,0.05341721877977557,0.06578268474452369,0.07705659702856747,0.08428525401414722,0.09785700541784749,0.11694176534723562,
0.01599501773894379,0.041644307300883227,0.06759868081274184,0.08905922298534462,0.11459368722433784,0.13179508323991437,0.1407127089219107,0.15328488619779537,0.16985518920123244,
0.016259788571387823,0.04114990370096374,0.0669214873250245,0.08788653138391117,0.1131125897131155,0.13137077793485832,0.1428448905641594,0.1563469599669741,0.17526115680272636,
0.010919828572606304,0.01826697608899107,0.023349582596187652,0.02625191281009003,0.029480875758575508,0.032522454647074935,0.03580219788197037,0.03580968217797887,0.04716196889028209,
0.016714858721517106,0.04333040946040742,0.06986449252244668,0.09344118129836977,0.12186044948684464,0.14186534191737063,0.15434436687017292,0.1706256873713395,0.19284440269174044,
0.01566487754278184,0.04150574434312429,0.0673742756477518,0.08892825356762933,0.11251054152977259,0.1279183912148194,0.13672619744969502,0.1485140247608179,0.16422920534412497,
0.017304334567071863,0.04859174963601525,0.08114889210042815,0.10868255255663628,0.1430355767468382,0.1667130816592448,0.1804287075758437,0.20070347640741323,0.22694947833929655,
0.013373341429006945,0.039303647015876304,0.06978673323096628,0.09769533056666012,0.1357426437024306,0.1621608276218662,0.17732631135602428,0.19823576938352402,0.22633697877866765,
0.015324051168643214,0.04525937710749573,0.0783840529084454,0.10660881594773036,0.1427707106068077,0.1681636087213646,0.18288510681993123,0.20325644965084566,0.22974916392800435,
0.014016019935450796,0.03712656009938075,0.06095509074938269,0.0815120366512687,0.10669618905159106,0.12357579196268054,0.13442680681677424,0.1484058119457949,0.17005459857038308,
0.016541415340358977,0.03895784306176908,0.061467601240949785,0.07853801240345894,0.10000510969415169,0.11509024321007874,0.1259186619921836,0.13957369458032304,0.16052778327069642,
0.014894333890563665,0.034507314883358224,0.0550901833213909,0.07196401725797673,0.09339645563216792,0.10945706842609104,0.11872468691922057,0.1356558208990238,0.16073335412316894,
0.012087285471147369,0.02945932330187562,0.04642419289855761,0.06045201357586815,0.0769495006882535,0.08840245516542126,0.0954000655221085,0.10326280924406978,0.11457896421207298,
0.015012828921551143,0.031168613961687807,0.04577978616848364,0.05578986603009017,0.06661140727821441,0.07360585457713832,0.07891084405128,0.08581799626665343,0.09754659238433899,
0.018392321231401613,0.04947295395482599,0.08155593539974594,0.10671397728118913,0.13563696938307274,0.1542788557170005,0.16565807825239878,0.18138143365899884,0.2040143469435105,
0.0158882788942334,0.03503014030236685,0.05363424827838926,0.06731580846443734,0.08316867097053128,0.09425544989042518,0.10286785899537136,0.11268480937502418,0.12469089452681455,
0.01497498829816674,0.0399985525965473,0.06728339142849356,0.09137915290006955,0.12305579514854874,0.14551911182016802,0.15898628714999274,0.17818517178902085,0.20509708379635563,
0.017861665715161564,0.04632146222150743,0.0745715962428506,0.09839244216411026,0.12699960173023386,0.14643272747239586,0.1576535557938126,0.17512703831324386,0.19770266779996956,
0.012498288020682776,0.03328237994727068,0.05436589683614768,0.07199612534421826,0.09473251637996621,0.11065276538864541,0.11988676634783067,0.13184955364327247,0.14566479145099734,
0.018059882453746852,0.04555399103467794,0.07335438794405011,0.0963885125836394,0.1237125360116309,0.1418177490925762,0.15195562101614066,0.16609397123746203,0.18452159757771236,
0.014340159675298112,0.03991182505875465,0.06731834378533531,0.08942723719206987,0.11521736775149921,0.13116000666711122,0.14059789190565472,0.15349243631740836,0.17165020411699486,
0.017312781065919543,0.04015526199765384,0.06237258160863874,0.07851856649477455,0.09850382612086434,0.11339422107266546,0.12338177206687051,0.13807360773237812,0.1607165098878913,
0.012657641940102793,0.0395384819206255,0.0699885717360502,0.0984810345484881,0.13498357187787177,0.16118558929042068,0.17652832045843558,0.1949201510699605,0.21968547590363022,
0.013628866515564157,0.033438320224426804,0.05313340091362246,0.06877597377043214,0.08839725244497748,0.10182537171432665,0.10979550522545867,0.12096220809417214,0.13647050691377102,
0.014377302433977425,0.03707157042736761,0.06031909091381404,0.07765425969920052,0.09784669725664305,0.11090327977120912,0.11915277693241806,0.13196181455147557,0.15087797489255003,
0.016615623467207748,0.04283847198980427,0.06906350794189998,0.08999969163835142,0.11682143549405839,0.13450298815162515,0.14569645370861073,0.16071819401726672,0.18061302903833,
0.013849586273801505,0.030881420880314397,0.046031712386061414,0.05711430680572548,0.06926962892501078,0.07651595381032548,0.08033471979745153,0.0861318089386851,0.09426685877116366,
0.014590094875718702,0.036654014328309295,0.05780942832102288,0.07399772075839176,0.09183984295098034,0.1036931228981833,0.11131919311039275,0.12195330517881806,0.13669434249177173,
0.018311429333155493,0.048836410663630765,0.07962703773599582,0.10600559128407204,0.13770264081457728,0.15907065484079116,0.17153301156891718,0.18736119010581484,0.20769193571565805,
0.013931073160193591,0.039492026687086866,0.06684133074038724,0.09109958858240497,0.1210974978976457,0.1415052914817428,0.15274265953594626,0.16636331441277044,0.18400268855549118,
0.01877429531544171,0.04766211312786572,0.07669381699732368,0.1010938028160423,0.1304405714916879,0.1495772539619345,0.16053120316316735,0.1757757516406077,0.1951319239747136,
0.014239685101461598,0.035423239232697384,0.05754038145438132,0.07475884090909024,0.09564816913162077,0.11055954011696363,0.12015685934831134,0.1332417730263074,0.15284493789608436,
0.0157974419151008,0.03938159464336846,0.06321186851980702,0.08043000942561984,0.09963719162883486,0.1116867050880632,0.11746760355144244,0.12377228938600902,0.1285977357034511,
0.014111446271704893,0.02603895824079998,0.03594909356947606,0.04131158771937137,0.04740242535082297,0.051014372006955425,0.05401918020879869,0.05859185506031722,0.06618445326451367,
0.011971742060856423,0.03256354802444997,0.054457820438768414,0.07329029744864536,0.09700758486101631,0.11330828281995582,0.1229508488191039,0.136369696697793,0.1534611353140819,
0.01171737814336919,0.029735992894591976,0.049988707324360435,0.06839483814811079,0.09131695069815673,0.10873025328012693,0.11834814243577277,0.13333216548623905,0.15873474189913506,
0.010756915698324465,0.02968821791656376,0.04846302515061849,0.06491437105331505,0.08586338668902468,0.10021465011271967,0.10838336372162742,0.11916366669930585,0.13216408461722512,
0.013035023167383912,0.041777152729382545,0.07512236975276837,0.10678104569275185,0.14797318445532961,0.17616244836423403,0.19190299342286074,0.21093852358340953,0.23833285617260927,
0.016028468542640187,0.03723282120823369,0.059508696837063446,0.07786008757230788,0.10135503408422317,0.11911938133702503,0.1298626808184813,0.14500996985790057,0.16739800597554183,
0.014129109189501438,0.03735541878328739,0.06052579897828609,0.07979799500157476,0.10290991329931982,0.11867373229418143,0.12768516782322867,0.14101088222624497,0.15881529282771864,
0.013701785263409151,0.04439006581737636,0.07874794498248838,0.11099251320396537,0.15376031158601047,0.18594276160700787,0.20471439536177732,0.23054458607793674,0.2629585488819625,
0.012255609080750096,0.03443856021032635,0.05861137115505955,0.07891803089196346,0.1026400771621852,0.11718639422238523,0.1254488346410346,0.13622986257367892,0.1510321192783569,
0.012460602120735324,0.022817286997716825,0.03147593234880249,0.03651795468245875,0.041453424690331524,0.04465443003834788,0.0458319251137474,0.04833067639154392,0.05621393358033088,
0.01723229564417149,0.044255695058824505,0.07084268168087954,0.09340731382184055,0.12030105940464554,0.13776696903300237,0.14776757327192594,0.16049081494150072,0.17519022879310092,
0.01464444597800372,0.03690842286800911,0.05913987278681703,0.07832549566809986,0.10071897622082968,0.1152653222848516,0.12394789560010365,0.1350587628347917,0.14965690035017473,
0.013695625532933098,0.03675153445599791,0.0613016513642161,0.08272864897419295,0.10812362106343024,0.1247211445395524,0.13410379941389297,0.1465503045309352,0.16267861732103978,
0.014507468365259497,0.03744226390611694,0.06066980302450514,0.07847640992764071,0.09847839172300553,0.11174032942374754,0.120041740067215,0.13226791781323796,0.150004275142548,
0.01567519979760588,0.033421802547351484,0.04921810733779531,0.06014007280104571,0.0725917547463873,0.08101922033637717,0.08649057763819083,0.09531038423119577,0.1071648058103036,
0.011626246222729451,0.02841853243835221,0.04468839662114731,0.05799876239656052,0.07421716571665704,0.08449622483826859,0.0902963165908826,0.09740219097810386,0.10784399765988315,
0.01567577127132092,0.04029755451960206,0.06317655595798748,0.08340371338282118,0.10825234787143807,0.12447882927756039,0.13420142090918535,0.14767066078648083,0.16440775880005798,
0.014375760297799573,0.04301102664769186,0.07448903540511596,0.10057921862504676,0.13108723461473776,0.15019759246165532,0.16068026965545099,0.1756204242326141,0.19570502170179055,
0.017670560616812665,0.04762745757079943,0.07893827207927262,0.10458108014506337,0.13464089384626032,0.1543540626966284,0.16513982912375635,0.18063774715138325,0.2023678743468872,
0.011637309907260716,0.03738728801159343,0.06720869730069154,0.09435544643488232,0.13087447344773992,0.15563171881692248,0.16780717342152943,0.18286586143119304,0.2002567714150853,
0.014785349589266713,0.04075092130994132,0.06756739803267121,0.09178787883476208,0.12213001275776303,0.14310709134060481,0.1553748768436524,0.17120219764364863,0.19137938053687772,
0.01833193005600835,0.04932384250555358,0.08085306029311665,0.10524197096010522,0.13296729013000783,0.15068614434469962,0.16102508589692024,0.1757012222058019,0.19593578955420063,
0.011967110906917712,0.032135851790280744,0.05309339179941393,0.07073458780497059,0.0918441545308042,0.10614453079545019,0.11427931657158003,0.1261170278983865,0.14282884804422352,
0.007336329912246863,0.011858595545570559,0.015071557572085377,0.016704205394105713,0.018853451157006654,0.0204829988217144,0.021656569330765603,0.022916806526511697,0.02150641117345905,
0.016723082101051542,0.04371876744392335,0.07091085949174848,0.09384993742730308,0.12222764875978298,0.1411584074496069,0.1520135442800309,0.16745551103101644,0.18664376255006232,
0.014391979787141391,0.026820296808108723,0.036897995064894315,0.043816360690486965,0.05099340977653659,0.05622771733466051,0.06011993173553252,0.06669419775492959,0.0743170700313218,
0.012366603356770131,0.03465418722012939,0.05911439397272129,0.08047112985766329,0.10502933196706557,0.11979656474938004,0.12851788798464445,0.1397809029546053,0.15624020080914888,
0.01664934005040426,0.04406246754427564,0.07087549299420014,0.09218274053213153,0.11648630597634316,0.13156150584446824,0.14091001708377607,0.15344858997080602,0.17074269772275844,
0.016292518969075177,0.046735520028882434,0.07938713603972779,0.10683170587643316,0.13950500922887038,0.16108080038028497,0.1732745452501463,0.19042249979622264,0.21396583497950392,
0.018614744875589284,0.0509770808687546,0.08271942692065873,0.11019065573402463,0.14410424384900014,0.1681059722995747,0.18205705668161207,0.20128213303462444,0.225070124580589,
0.014163048614135592,0.04243892262452586,0.07308524646808466,0.09858687699423291,0.12906436643332733,0.14967079466571856,0.1605797584695042,0.1765199977882664,0.1965322598711812,
0.014343803432720343,0.038077080624898584,0.06286079051050823,0.0826931836712668,0.10581874241368701,0.1201676042793376,0.12806558861274603,0.1387548175353595,0.1538869343276055,
0.010327602495803563,0.016683548201034796,0.021828952533248014,0.02462013890559204,0.02725221658413134,0.029907321837101403,0.030618676696658294,0.03272384609158272,0.03650905130484273,
0.0166530198911834,0.036213057610950186,0.05409118183134723,0.06679704986156862,0.08161075753454741,0.09229851316744946,0.10091976056598626,0.11290209245106371,0.13126327086389178,
0.015224323550012244,0.04263735251725484,0.07202310840486527,0.09805620243676215,0.13175478592935033,0.15603115332597103,0.17108968144018083,0.1901759243675883,0.21525142343736425,
0.010661198384805701,0.03195934878690033,0.055545284738548625,0.07718736160175775,0.10565861109223881,0.1262653475679604,0.13734517415811484,0.15288462411391468,0.17206226224132826,
0.01335043010973915,0.03187257098120102,0.049354010903812216,0.06294343787515742,0.07852548741830562,0.08861300884283432,0.09445405837368279,0.10300511089466609,0.11451519196545186,
0.014168671753297911,0.03783775389990716,0.06043826819274162,0.07997165951590968,0.1025760518293541,0.11797708096188352,0.12591730645660512,0.13675578864640367,0.15147229229750347,
0.014040354581761115,0.030968466042020602,0.04649228519215508,0.056694844183021745,0.0677609141150046,0.07565661092184771,0.07950824676943129,0.08761234630786222,0.09818988273568494,
0.015759157160334384,0.04380623869040708,0.07490064343817852,0.10163089985175228,0.13626933131466898,0.16268892817008268,0.17761648775014646,0.19773177662917646,0.22534474411901423,
0.01214542426837741,0.031122935992716972,0.04964983506731801,0.06520623570715499,0.08404831543471147,0.09688111084108557,0.10451635052304893,0.11287623732606632,0.12421090105144113,
0.014953976096694301,0.037542602573640615,0.06128471449287499,0.08153710360692677,0.10622830808990483,0.1222409642148018,0.1313692973383343,0.14277006719460072,0.15634312768543387,
0.01619131064517321,0.04140605826463875,0.06628723742027359,0.08847296580577005,0.11540872614372512,0.13424943441256507,0.14555312455846672,0.15967488455898993,0.17913342033752816,
0.016153382165414565,0.040861172060180896,0.06583596674992113,0.08518901772515682,0.10847293263930284,0.1248324928906063,0.1354716546342351,0.15096238509226534,0.17299335469191132,
0.01203994786982285,0.02258146610015245,0.03140718063459503,0.037184137767841574,0.04430134040773785,0.049822753623510935,0.053761873483628,0.0589386478191975,0.06493840025151587,
0.006617124402430755,0.009737338362289006,0.012420305468681116,0.012856062599354918,0.013366933078298605,0.014859308295561154,0.012849685792871936,0.015505944276460569,0.018175976585277455,
0.015141968616861111,0.04089465874923542,0.06720752515618486,0.09099561664562243,0.12123504555184865,0.14292000914215464,0.15573759859679107,0.17386782046080973,0.19677348889747096,
0.014060692208566204,0.03755471543494338,0.06125425977521448,0.08072267630321629,0.1028147716321555,0.11673416855547193,0.12468438461319555,0.13553319879839065,0.15136217186515544,
0.015855308257334045,0.04011391233779896,0.06402287391201446,0.08199973589892592,0.10258206307731296,0.11738061592468466,0.12582203662667957,0.13912705492821,0.1576943901883794,
0.014364849400425159,0.035457713116490396,0.0565904872733043,0.07224194516985892,0.0907806122858189,0.10389415795593844,0.11291685916956215,0.12604010526059276,0.14673328380512557,
0.015772821195020652,0.04214189062226661,0.06883944591285701,0.0927470288235103,0.12292991175087316,0.14387610145295235,0.15700238182331727,0.17421143132091982,0.19601423670637527,
0.013747298874140985,0.03685910216927807,0.06060604224185614,0.08052048818140635,0.10497691585924356,0.12196857424048815,0.13137929856974015,0.14571424234425503,0.16406815148955642,
0.018028028567450012,0.04947691207967249,0.08193608529566439,0.10880145487501057,0.14106538213566797,0.16318298407260554,0.17636036242742648,0.194451633365923,0.21999657238612022,
0.015653083963144826,0.03890075974824199,0.06242651858584136,0.08219990563995912,0.10553742383054629,0.12017044542994554,0.1282332815647653,0.13816351327216475,0.14945942301616827,
0.010694281031675438,0.030863080883706713,0.053535728182771046,0.07345129916003569,0.0987457204626075,0.11656210483735686,0.12614884784908045,0.14153748147383713,0.16521565276077885,
0.017926164684835117,0.033536940355377604,0.046943466844490196,0.05507177504623376,0.06382755856635035,0.07062141515389302,0.07480135849727351,0.08115067062143796,0.09274068454447153,
0.012282406983597385,0.03121328359130815,0.04967884702115981,0.06291094772352553,0.07664155241390345,0.08434427774718346,0.08859584229212558,0.09368671141558947,0.09887033661859917,
0.012077667560373907,0.03213089627805515,0.053136661806608525,0.07025679302519802,0.09099917860353436,0.10531912241529284,0.11463201978515045,0.12847677875103974,0.14918468393385634,
0.01150649114855199,0.03395603209039535,0.05813166713320282,0.07947941352336622,0.10551115269663794,0.12268887232114856,0.13187242614384417,0.14413727860275596,0.15817095445215723,
0.014116443021673704,0.033169515493767,0.05101145095883907,0.06387126560342929,0.0781807878700139,0.0878500579233044,0.09410425157726712,0.1021182054036842,0.11444640221507278,
0.015070053185105455,0.040954824738310705,0.0682970185979349,0.09078372611845732,0.11736598612220915,0.13500114167651847,0.1450291598973789,0.15903741840707417,0.17860578683550504,
0.017116267660741133,0.047324298309042945,0.07865024291440284,0.10628284243701581,0.14223162635467823,0.16792135673861078,0.1842666487097068,0.20622015912704722,0.23490179979616188,
0.019284134587628923,0.05032614978514192,0.08092407235960407,0.10484724005689819,0.13263901850953272,0.15135525444236825,0.16216514978166344,0.17765398488024364,0.19831769576742891,
0.01075760163924125,0.031284883546389045,0.05276475271195671,0.07242312739086822,0.09793899257790177,0.11551796555816098,0.12702267379052073,0.14196760150056872,0.16056319355537513,
0.013036959429543993,0.03486797078903863,0.05671951237135836,0.07465612636957342,0.09546084441785642,0.1088341631424645,0.11670435795035415,0.12732143473864818,0.14128118393556213,
0.015996232998880117,0.04103587911648904,0.06577358281295885,0.08535597138955342,0.10799363616182336,0.12285043189945127,0.1312069785454259,0.14379641558904768,0.1601408148601176,
0.012669905389471669,0.022183731103432976,0.02946221401855549,0.03391859289729206,0.03856935251437154,0.04205345043809854,0.04453442783426472,0.04655034646565244,0.05161373270650379,
0.015452137923130828,0.039139787252857834,0.06276758687008228,0.08026511112136527,0.1005976059132803,0.1146782531802647,0.12324632889883341,0.13649916642512935,0.15558709407598031,
0.020768996825828945,0.05381097700918987,0.08561388089948715,0.11288188703002532,0.146922820749644,0.1704403800619055,0.18487632983267116,0.204227170113122,0.22947411466809284,
0.016832350125572815,0.04226368418368033,0.0678766748291851,0.0876172386986396,0.11170450011859864,0.12914933388577077,0.13972099034229496,0.1555695149587279,0.17946770429947884,
0.012912680197953143,0.02443478386245648,0.03422675066178527,0.04044236304585886,0.04807252468919465,0.054013112854302,0.05792765388528891,0.06285188752362104,0.07163336955781882,
0.01472508578618733,0.04314594793593264,0.07429947802043067,0.10225139814250996,0.13811590662719647,0.16392777973672407,0.1793692714963382,0.20147524567843023,0.230894769738244,
0.016021452162227466,0.03695095185922418,0.05689344047918082,0.07159572308978082,0.08828075209830966,0.09934074546001737,0.10591893757014537,0.11644238235659873,0.13081934562362024,
0.012474524887271556,0.03305478118938667,0.0548766166950596,0.07255555873553553,0.09418137643842665,0.10900717243840312,0.11901842616168039,0.13245032764195738,0.15333371974923077,
0.017359671325947505,0.04697901123924383,0.07732716647778168,0.1032772832530039,0.1350409325174312,0.15693483487479365,0.17017054143580249,0.18848353694332104,0.2133546232743838,
0.015743547733422826,0.042816223953285236,0.07025353982264639,0.0935174871241872,0.12151925682898936,0.1407112994911299,0.1510888899160252,0.16629691444497371,0.1863240858648143,
0.0168521017982123,0.04439937398610578,0.07193496041794713,0.09387167277319362,0.11972674168804438,0.1368636723505866,0.14672596859646986,0.1589720452270811,0.17457560009893014,
0.015535712229858086,0.039764535945955304,0.0651407311873017,0.08684750133828836,0.11242798432366276,0.12891263349907597,0.1378161272272784,0.14967787860374768,0.16510011503514052,
0.016832761667411662,0.03963102501527449,0.0625560476062854,0.08088121777375218,0.10295520312738765,0.11863029018469984,0.12753538117341276,0.14068187235292032,0.15809382049902343,
0.013875414998458192,0.03756344527011996,0.06208406700096881,0.08110624625918375,0.1019490372940907,0.11488666513617334,0.12197840992126557,0.13275386671704123,0.14876212855809734,
0.016943409388995186,0.04622608074722181,0.07651594709641295,0.09948792371127162,0.12430384712792163,0.1394020195814579,0.147839763095921,0.1598248001864198,0.17811803429578535,
0.014546970867855622,0.03855006712321906,0.06233242686904284,0.08286742220939075,0.10808847342478012,0.12514755133709804,0.13522571068593717,0.14843036274302426,0.16567332894988318,
0.01605256545042277,0.042577499048220405,0.07034101562237527,0.09364729564064185,0.12294722190319968,0.14488595515529204,0.15827971079289324,0.17792752988267246,0.2033625886280938,
0.014225692846284945,0.03853650932059764,0.06360504325720648,0.08424068492193205,0.10863744735654254,0.12477894911794969,0.13451927022102333,0.14674229005616393,0.1637583610085194,
0.01591868215201983,0.039567442331374277,0.06356742254096477,0.08153785397544454,0.10375992242482832,0.11983944209068326,0.1307079845881204,0.1476258080083496,0.1736887446916321,
0.0168836982442535,0.04399189739992412,0.07125673083977585,0.09304763609167004,0.11893108141623282,0.13681827681620742,0.14826208149035747,0.16439595982618468,0.18776155173413123,
0.010468550250723966,0.031320014559205404,0.052750571999446716,0.07244414503078286,0.09834150237374926,0.11712169345437544,0.12826573475038566,0.1434290474160179,0.16333533051727306,
0.010965606506719577,0.0311636455764228,0.052337445975646504,0.07127973659251018,0.09615413610471037,0.11375706931087463,0.12449967134715605,0.13903225565676916,0.15786406514809337,
0.01451871081336135,0.02670039261050674,0.036730633529785256,0.04282543645895052,0.05062126590135562,0.05737371492474932,0.06063289639749537,0.0665607485191901,0.07422802278012586,
0.013883649534777795,0.028917488418589227,0.04241261043368039,0.051580830603574636,0.06077279895289014,0.06726615079285558,0.07092423721807121,0.07726067218852604,0.08678734559544278,
0.01878646137957271,0.04889737336476849,0.07850373284479059,0.10235353997485286,0.12997992974966618,0.14840860979402865,0.15892729402771907,0.17385512827235455,0.192946379523176,
0.016308492288689483,0.042423122236502055,0.06896249710408851,0.09069870111821021,0.1152190570139738,0.13058306308918963,0.13857116754976934,0.14885018352662538,0.1606297166778861,
0.015780060704276285,0.04760608897576424,0.08258600787343302,0.11236308046139978,0.14888869716998704,0.17365124410156038,0.18818664232959806,0.20738670654973185,0.23418633258236277,
0.01697868437612758,0.03893773465284926,0.060987097390792534,0.07781605050423576,0.09797793080779868,0.11246743212032845,0.12194227836594339,0.13372174325427008,0.15125621730782515,
0.015700391025365256,0.04153016894348061,0.06858743182117,0.09160450576544894,0.11965712749646691,0.1380500949216676,0.1481734308223032,0.1612998921807965,0.1783976239774461,
0.0166328062354021,0.03825370799123906,0.05931047264640551,0.0753235209015579,0.09368660928247854,0.10673493276300404,0.11497640475412753,0.1262229788360824,0.14216422103200718,
0.011787554942880378,0.030216596620419162,0.04851089796658919,0.0630549689597947,0.07908648941339004,0.08961289590798198,0.09566842023577464,0.10505553703589397,0.11831264202841157,
0.01567034531954411,0.0430777772955951,0.07205523185799113,0.09497802846633965,0.12209289547305935,0.13989392844156687,0.1503713122576995,0.16630963024915557,0.18991513235972712,
0.013640121882749804,0.03949837862092042,0.06724214863643552,0.09005968662391826,0.11761453985028424,0.135329633318161,0.1453344292812134,0.1606463761513981,0.1826651058810995,
0.0135762642421889,0.040607139463058696,0.07030826101929225,0.09666943715208239,0.12845729570638656,0.14980046215400117,0.16151702852219005,0.17735143488400948,0.19834704208779205,
0.010676484938934522,0.030070381588394323,0.05010466659589791,0.0681291324727203,0.09036665712401641,0.10581836950150729,0.1151643346329789,0.12716087239271173,0.142459771546001,
0.013346177053529607,0.036278112246080046,0.06023514403147349,0.08127188718308134,0.10627007817380474,0.1228340936679926,0.13162324683494145,0.14323028038207655,0.15714310249683988,
0.018683471207037162,0.049595122967041015,0.08128184761818108,0.10770001934134531,0.13913107812886602,0.16076931905900607,0.17362846330182824,0.1918980386110086,0.21771346506669642,
0.021053946035659403,0.05174077336767928,0.08243083308823138,0.10801958334170796,0.13770758816440398,0.15674873586425433,0.16727849379128593,0.1805746899216369,0.19680347592720163,
0.016962657078859567,0.03983848098895297,0.062303575179805865,0.07914584384711033,0.09830011433034286,0.11132980782932096,0.11854038505210333,0.12936466138647415,0.14315757108940708,
0.017519088074675053,0.04750260818442339,0.07773980455674734,0.10202351291923759,0.13001661405992862,0.1486721724298611,0.1595975517468054,0.17425832467760613,0.19287773746552245,
0.016459012908332845,0.046103369297447155,0.07748711632051233,0.1039935544024005,0.13603805413925593,0.15798173874080576,0.170816385275212,0.18819551340131815,0.21157624354902801,
0.01580614690063295,0.029518280198249057,0.04146099852388034,0.04856536455127976,0.055988722598993367,0.06149433158737105,0.06317883295560324,0.06667993379991966,0.07397917176514877,
0.019516374132655924,0.05214227137498271,0.08455405969580067,0.11063373549179804,0.14140900073232307,0.16201991691505754,0.17422117478588056,0.19023247276633498,0.211676786123192,
0.012673307625898151,0.035036108911824286,0.05892619100762534,0.07952905332709831,0.10460314644866378,0.1210116402888228,0.13038737559358102,0.14310527294344774,0.15961839941252715,
0.01431915384308283,0.040142463911078854,0.06755310526349186,0.08978076354333771,0.11505703992341053,0.13123216812144903,0.14029039771159646,0.1531502460276568,0.1719061751895763,
0.01342417135684466,0.03610944076701459,0.05976331638586407,0.07833033391674923,0.10012921627468543,0.11466018069968696,0.12377024516853295,0.13686252745108615,0.15685657466567732,
0.013553063494891623,0.037407104531594196,0.06184895790650024,0.0832100476554025,0.10964875181943991,0.12846091883361666,0.1393506019411603,0.15431400535620482,0.1736068931034072,
0.014859759559361587,0.03063029955021768,0.0446069959245092,0.05317195811807438,0.0625208361286548,0.06877292003393616,0.07186981336016675,0.07654468243632062,0.08144487769022357,
0.016260569541072478,0.03775735142295217,0.05881978300654689,0.07512617172286451,0.09449247989295657,0.10834164203817565,0.11643294650239518,0.1273303993907752,0.14271239888087017,
0.016354096618892543,0.046716652705370613,0.07868440768866633,0.10633808313737339,0.14081573350784005,0.16499891515522344,0.17974124598532334,0.20010367455156605,0.22756983463092453,
0.01748537405034555,0.04743938808552813,0.07883272981872483,0.10485319330513704,0.13566484248422847,0.15628373168898707,0.16804092772787288,0.18502708342513308,0.20891697444834975,
0.013175720444153128,0.038586938323783744,0.06682304482339585,0.09159350190326133,0.12167830563136416,0.14115104236791529,0.15109230719484829,0.16330521485934932,0.17839859412555786,
0.013978875854214793,0.02431439900660414,0.031906556715712235,0.03673493100566264,0.04244755799775569,0.04667221395675015,0.0493233959496914,0.052928492760742116,0.05751632489483914,
0.01618629955256092,0.04274331687223471,0.06951317256159181,0.0913990518616619,0.11740403267607154,0.13541942766246956,0.14631301084950363,0.1611430697967046,0.18171591595272937,
0.016274351760928826,0.04567509923925677,0.07674826329572505,0.10315198536101498,0.13501024359467798,0.1565975623560378,0.16835578595387027,0.18367090691729912,0.20350215516177875,
0.013201320697772802,0.031547048556387056,0.049762114609269006,0.06389622353588338,0.08186428995077573,0.0959782572297954,0.10544631652975404,0.12019362682001122,0.14249145667249527,
0.014946625831549851,0.0417207628833217,0.07073135768681914,0.0956334051588822,0.12712213180833754,0.1488951512905752,0.16120551943660558,0.1775708542743146,0.19830675853145138,
0.015129532734456939,0.03987691724660354,0.065994271665081,0.08673005342484236,0.11187539766853401,0.1299876365733574,0.14152948345456887,0.15875989653888653,0.18568589588360618,
0.015528411882344103,0.03314019355133293,0.04857733320484602,0.05962663709448668,0.07145786808536105,0.08022173340804162,0.08638071814314911,0.09545390888036911,0.10837818240184183,
0.010882685075142253,0.017896694791456304,0.02262710985655412,0.02524114789569241,0.02798631359547197,0.0308695994530741,0.0322651074415126,0.03382646826508061,0.036741832136597326,
0.015576552344332315,0.031451206443630746,0.04550164019872602,0.054375721202159645,0.06433880377565641,0.07038000170818759,0.07512398615002346,0.08203606745213815,0.09161024398072977,
0.01582951511191531,0.030726263173063994,0.04400100023446127,0.052944543216572305,0.06255304773214475,0.0690689087265866,0.07211595320110357,0.07768143072024748,0.08482822167018933,
0.015947382736746323,0.0413775188595214,0.06655546708425894,0.08767988730161835,0.11185461525074682,0.12780754728022803,0.13663233834163432,0.1491261031541322,0.16604746554632022,
0.020322187461764184,0.048612128588079,0.07560742480306402,0.09792686616765076,0.12392601891289723,0.1410772979870095,0.15108084621826032,0.16432830191393638,0.18071945979848203,
0.014390344453092849,0.0241395406156472,0.032056662590539,0.03682159363709729,0.0420952091133585,0.04589658011686634,0.04804047863626405,0.05333366979180644,0.05849735287135097,
0.01486105862413631,0.0366939036132265,0.05812390077945887,0.07543845658610951,0.09543427661259295,0.10858283235555881,0.11652312326664328,0.1268513228211415,0.14172219452545753,
0.010088606318712622,0.017153791300237274,0.022347174914098586,0.025893842196503612,0.029396306550122084,0.03167245150078534,0.03343712928815874,0.03518895572098745,0.03766738158145058,
0.016657976537416627,0.04448713856207749,0.07389648764919307,0.09787018360425036,0.126925890669477,0.14651323501621857,0.15868087306500467,0.17485187108641678,0.19794425680595118,
0.01570252785319315,0.0426159777936529,0.07086834003566847,0.09391513823740637,0.12003112390836533,0.13602455415543072,0.14499290625434844,0.15685917839531238,0.17294718129344952,
0.012690490145794719,0.03673015516989045,0.06225800672519413,0.08552762905636153,0.11484242631247903,0.1358533946802112,0.14785156422792772,0.163564743310044,0.1846360635226645,
0.011256058266627006,0.03146522915524402,0.052436611682374075,0.0710720258514802,0.09461838276558719,0.11043735479746788,0.12037810684774534,0.1331400296763591,0.14985532484700764,
0.015102434996407982,0.03674003288836776,0.0575881686503941,0.07372914644095506,0.09180165709468228,0.10372465519962538,0.1112014990325747,0.12091802362448696,0.13548411892374185,
0.013063044686187469,0.03454008645124659,0.056429696217171144,0.07345090843616116,0.09260867765028401,0.1047661035135085,0.11268724549407587,0.12369004280398706,0.14030557335481122,
0.01318716119488823,0.03496408396349989,0.05833762194338331,0.07758583334803328,0.10157311075389218,0.11892444733193464,0.12992266011114584,0.14622808860245506,0.17103742146255474,
0.017687732183643504,0.04089903999878781,0.06329703107125566,0.07908953452706595,0.09726614928079541,0.10959451596327217,0.11578393381786709,0.12627760575550187,0.14035668917077612,
0.016032416011813145,0.044115580916777655,0.07294970748095198,0.09685326212946312,0.1253951224381236,0.14503969256923804,0.15700471973519117,0.1741289029845024,0.197843615188797,
0.014988130529300344,0.03908081032904148,0.06318043671087868,0.08300753359523416,0.10606156537847995,0.1213890224082019,0.1304065093561359,0.14319445626046778,0.1591144134722589,
0.016082899953085324,0.042400791739542094,0.0690030619248154,0.09109296949931825,0.11815004938982288,0.13732343526742594,0.14789942499299252,0.16355548171447576,0.18365137534690473,
0.018374300844380628,0.048806714635516016,0.079691307944243,0.10606502776169824,0.13717872555328645,0.1579149132673237,0.17003883472735046,0.1852872776181891,0.2043539827343652,
0.01898677451167352,0.050524761324232705,0.08223840499068887,0.10755765443425248,0.13795105172362654,0.1582680362171382,0.1708132345314517,0.18729080914752969,0.21062991431736777,
0.015187991482674825,0.040848833630275416,0.06755148238889545,0.08916721180813017,0.11445768293994,0.13136521452063835,0.1418561159894123,0.1567037300764625,0.1783547254471524,
0.01645242203377663,0.042919520233405895,0.07002831087306495,0.09086957629647206,0.11596346167951052,0.13392267117059123,0.14475956598097633,0.16126352455173096,0.1861791282155493,
0.01355450466099529,0.03901600233651607,0.06640283606832437,0.08987145174270941,0.11933018383558655,0.13945247774713918,0.15103512141494255,0.1672940222139265,0.18937450159515395,
0.012272203810981265,0.031085643147872762,0.049008031132174244,0.06328566014849939,0.07999808208514778,0.0910923457287506,0.09769563186320447,0.10556856533735824,0.11749111485612572,
0.018593530728324065,0.048604047240674034,0.07794828153076591,0.10309218044026389,0.13366544395538302,0.15490721348125633,0.1679447560921217,0.1851167803386524,0.20744407360994951,
0.016561180430208062,0.04369758680500347,0.07135143786873155,0.09549058369777197,0.12537348134793302,0.14630306469984686,0.15876559884886363,0.1762076746486379,0.1982516548560254,
0.011914729022718182,0.03734927874794813,0.06620167235034201,0.09236860440399011,0.1270700855885716,0.1517461558051067,0.16596079115367332,0.18423332092799663,0.20650157116108456,
0.016123891969786367,0.03182052097320305,0.045590476724245384,0.05481015810347161,0.06467570052517149,0.07170884590817246,0.07545042380545997,0.08193682576183454,0.09046916435923069,
0.014874515120456335,0.0406531618821895,0.06740628660555412,0.09089747283956273,0.1200127595439789,0.1394012230818192,0.15109664167022605,0.1658631252609726,0.18490569997400993,
0.01643019852084659,0.040557585351982846,0.06446933199263326,0.08541121554091029,0.11094016684051998,0.12876683177127998,0.13897445979291587,0.1528500231304797,0.17064721228185611,
0.014867107973687474,0.03607110315200953,0.05618917115906059,0.07124314816797471,0.08766210799283017,0.09905709139562906,0.10570552373667289,0.1155955972572332,0.1294094419192638,
0.015195303694398372,0.04310534214391853,0.07330456053386099,0.09840147465180743,0.12767070364067398,0.1463118394370177,0.15629605607870883,0.1696096727754902,0.18738198009788654,
0.012475625153516703,0.02219409082651641,0.029808806319103102,0.033830833564776605,0.03865891856720794,0.04237137057577833,0.04515730233606873,0.048601861090531925,0.05283822097168539,
0.017913643618053147,0.04833087431573268,0.08016220316446084,0.10675968139311795,0.13742987481640784,0.15721305718610615,0.16813501080234244,0.18227958531762545,0.20148523967793344,
0.014924040074884785,0.032688161970694074,0.04898386772724396,0.060921883843656925,0.0743463632489547,0.08303731532148015,0.0888134348023041,0.09768218563255032,0.10980288589282246,
0.017842399710538904,0.04935306500449758,0.08251168203484703,0.11037598944265874,0.14434274253774146,0.16811711695085998,0.18258138108345198,0.20375768603719338,0.23385022541711406,
0.01462009035811155,0.038037113003658744,0.06171170391495919,0.08256256233891208,0.10807871704349732,0.12612959794772724,0.1361515263356959,0.15018262407212998,0.16792592286497413,
0.013893283865335764,0.03986221955307845,0.06849642297586683,0.09281077511451695,0.12136396631300418,0.13930734255998822,0.14934629863899554,0.16323572583725363,0.18352490034830043,
0.01792385172653563,0.046641790780262586,0.07579984446875632,0.09936342491392623,0.12774163774381447,0.14725905389816754,0.15914268971106346,0.1756026828530085,0.19884984775699882,
0.01669254456881,0.04401983673031411,0.07169911095094994,0.09351219908161325,0.1178782893358925,0.13342242696846515,0.1423451326742196,0.15403637642236911,0.17061146193389393,
0.01501833770247532,0.03911136134335708,0.06286364976358348,0.08189125059549704,0.10413514172892853,0.11834669090346821,0.1270541768684552,0.13776100051297033,0.15220239312678444,
0.01528324176070006,0.027687325951512482,0.038074813637455136,0.04453784729232423,0.05172619209319148,0.056369572733103605,0.05968794963483383,0.06501919267838818,0.0723528932780778,
0.011906587247244362,0.02003105355019529,0.02594041222839716,0.02925577863835181,0.033857527958012654,0.038354593612096324,0.041285192925127764,0.0460805170033295,0.05309567255035026,
0.013104113701458569,0.03883011586525503,0.06726890446926082,0.09341175813025152,0.12817975385667157,0.15392921314803948,0.16944202552830412,0.19102454109295128,0.21950354515924883,
0.014491998123717478,0.034775194058825926,0.054372675177153926,0.06889431755450028,0.08477188079400286,0.09564251257393398,0.10167854585496279,0.11099939033224258,0.1246097226116092,
0.013436475947178086,0.0364236062071337,0.06059616802025923,0.08158564332728867,0.10673407404642862,0.12350035114413148,0.13321442947467685,0.14620329790865222,0.16417734404865317,
0.016557473687805448,0.04451097696854925,0.07267294219102106,0.09740428529103093,0.128051670227254,0.14919782306192905,0.16206345677511086,0.17917399387977248,0.20062695829737787,
0.012227267217252943,0.03285663684753866,0.05461367258741018,0.07313502148941532,0.09542786682290229,0.11006820991674686,0.11850302444709254,0.1304414901629844,0.1471594291880434,
0.014039702767513715,0.040844324628937154,0.07143991704795029,0.1001732087263414,0.13888282607080193,0.16709991432916702,0.1828565739876275,0.2028749128666662,0.23024920567000837,
0.016178663163385558,0.04255641127295823,0.0697848114381081,0.09161978951275533,0.11892018378770453,0.13860389007279017,0.15110107468893472,0.1683824272139694,0.19434660271417667,
0.01246891953049146,0.0385326385224809,0.06837948035027355,0.0950080609637351,0.12836698204917135,0.15077702513630079,0.16334205785612452,0.17880507757570582,0.19999379649384896,
0.0147017212251388,0.03432250133014853,0.052750240966644255,0.06613039343599768,0.08077598947861697,0.09078325390724612,0.09647418877921508,0.10607359574822448,0.11835610244833578,
0.015405672263154787,0.038708635506572386,0.06172901866242295,0.07937165087669125,0.10021896750324578,0.11406611484940779,0.12283446210422141,0.13431228416729393,0.15133073393291682,
0.016093809039597676,0.04112110825751697,0.06668890261761906,0.08933678379250053,0.1178526677370473,0.13771805442546967,0.14951003701791857,0.16503129896151922,0.18552668393081004,
0.014119915784026505,0.032047725579975365,0.04891324462888421,0.060834515352417136,0.07403392431259492,0.08250829520998328,0.08854783598060186,0.0970894412182183,0.11028197298921691,
0.013418198035753596,0.03319876444623125,0.054287766068908436,0.07145013700511481,0.09311627640585626,0.10934155435478228,0.11883598324028101,0.13362670444255537,0.15547507332442104,
0.013655701507567525,0.035577103623928276,0.05740320424625385,0.07697318220968795,0.10120205149985616,0.11832323139359958,0.12788177285024085,0.14059286739319182,0.15663261308261786,
0.014126605697364195,0.03657144787924161,0.0589577582698713,0.07626997391594681,0.09585567000205969,0.10899324332842744,0.11600784694127249,0.1254862647239709,0.13547242777007873,
0.014388013201176558,0.03709768859708684,0.05942466531543586,0.0790033302766116,0.10188412333926423,0.11763386666262103,0.12692871056501454,0.1395824169403246,0.15672148428656452,
0.014140259956979468,0.037868057714473664,0.06210678375615334,0.0824535546851118,0.10622818458716698,0.12132302485585462,0.13000278968975845,0.14138080195704436,0.15644446068046405,
0.016135213917287256,0.04181517428743241,0.06697384337646806,0.08684788037755932,0.10957762006413214,0.12466672299191116,0.13339185693962846,0.1452598548100141,0.16123176850157273,
0.02183963321332319,0.05230656102091464,0.08128306699427068,0.10511869141211969,0.1323479685839144,0.14990303278335643,0.15985516165396535,0.1724684818777961,0.18910043579418104,
0.01460692360756789,0.04103604314275542,0.0690626484952009,0.09109626659004509,0.11667033118315355,0.13376609208451468,0.1437036733738744,0.15940816896227328,0.1817376791841518,
0.011301237471194074,0.03237196317506902,0.05498851792657837,0.07582494405697524,0.10292186824555931,0.12216055770577133,0.13329425008467033,0.14886168245655537,0.16930395873065088,
0.01556808475668795,0.037839859206004293,0.06018539438804826,0.07682521946630805,0.09693513006513972,0.1116204261695157,0.12120146824082305,0.13645459948707764,0.1606344438840538,
0.014353868452162164,0.037510570245370405,0.06022574110087931,0.07641610854515327,0.09282020430650446,0.10187663174203374,0.10674856157986563,0.11230369386829857,0.11816372341314711,
0.009310238712325182,0.02614869106860765,0.04315426425677888,0.05847605280418478,0.0771778992659783,0.09060211986347728,0.09820111404893124,0.10821410490006302,0.12040205780558794,
0.016188476373193973,0.04366948203956507,0.07212476328324736,0.09401837248483993,0.11904558419889616,0.1354100252317316,0.1455335617312483,0.16054691526923734,0.18308768961982483,
0.013874249328989244,0.03648239506904178,0.05935022124155849,0.07828130119910517,0.10160626055661835,0.11817740213230131,0.1272765718646614,0.14039950331010587,0.15741406198495864,
0.014733556631348224,0.04210498264488983,0.07215050696480102,0.09721066929642463,0.12854128601016618,0.1500153600226276,0.16331893048924354,0.18286464523431867,0.21232912951940416,
0.01673013019558353,0.045071752453367274,0.07514017509355711,0.10088514550254388,0.13162137895077125,0.1515523035481153,0.1628332907286209,0.17675448764794505,0.19420621468586594,
0.014156365317905503,0.03535339352926312,0.056220777656566884,0.07186438732447219,0.08970874701407035,0.10214656809312819,0.10965624912389052,0.12084127877884306,0.13654287085586228,
0.013238155646603614,0.03640113660352908,0.0606640824047934,0.0812517224245926,0.10545342905093823,0.12140224320987027,0.13082014937839015,0.14357215262092032,0.16162483942466185,
0.015455175227490542,0.040306586078859404,0.06451488908865995,0.08455677266153605,0.10828708320635604,0.12359232786596785,0.13241569736334666,0.14300993766259745,0.15550983681468278,
0.015308806203615076,0.04183476023914713,0.06980484586183686,0.0924554472901761,0.11925590180417665,0.1373023220341739,0.14823863080268307,0.16346861963872336,0.1852636195984438,
0.014725225010093212,0.039617490217814584,0.06444914145815285,0.08585497833467866,0.11084161380382787,0.1272175914020292,0.13682031886640802,0.1495896795048352,0.16632368294199693,
0.015319748743273577,0.03897044917461105,0.06253723478526883,0.08288727578864812,0.10701046703496778,0.12299496026853896,0.13231145603479094,0.1445826756065439,0.159480818105681,
0.012379697246916923,0.0324815945050947,0.053362543705889755,0.07042784120044844,0.09087751791133418,0.10465562427589611,0.1129484995391602,0.12442451079641015,0.1405138548649311,
0.010405228420248436,0.02849269435763444,0.04792956335602853,0.0655002189452284,0.08822632049306066,0.10440639000928059,0.11475029707441306,0.12729358875251853,0.14611383263847438,
0.013560274932325844,0.025508482356402514,0.03525947637834536,0.04178605141439012,0.04944807186660344,0.0554212600675399,0.058860051095622944,0.06353738924931258,0.07036650974455275,
0.01586772392851902,0.035771425444297816,0.055404059611548824,0.07046824489726856,0.0891495095242816,0.1021840304140143,0.11091563998577929,0.12276536335980048,0.1397730377797589,
0.01356214354994819,0.03962220438339698,0.06812980185301484,0.09369804312882962,0.12638175927680587,0.1485952452793917,0.16161561014567388,0.17832377065467478,0.1997291911151967,
0.017044230671576913,0.044238014575209386,0.07047156738593674,0.09173934809300052,0.11611831210236521,0.13132830346491528,0.1398069423464748,0.15020348375252818,0.16246124806106002,
0.013512858934313995,0.03745101278218343,0.0624011808661149,0.08383199162458355,0.10986388499829854,0.12789976751054152,0.1387233246954906,0.1530106118962074,0.17320105773438446,
0.01185384007084437,0.031182720114575416,0.050788768415880814,0.06653046779363202,0.08462825785933084,0.0957140054890122,0.10252113320214926,0.11124469855978224,0.12276012973925998,
0.015837523909962816,0.03880189284242231,0.06124695198862536,0.07799437699304515,0.0972271499700593,0.10997104824113867,0.11825658530023732,0.12862327075959717,0.144241049311393,
0.016969183336593942,0.04073783860720698,0.06426855743061567,0.08196129333273729,0.10316993916876518,0.11824275852603237,0.12727792708896768,0.14082942476860347,0.1602392616054258,
0.014726864161488282,0.03629443344204541,0.05753116430287623,0.0739659105586502,0.09325814452979372,0.10523405898655955,0.11360153914004653,0.1242717980746344,0.1385577608408922,
0.012727840968759003,0.03372614999469193,0.055354959283072505,0.0734044695420214,0.09545794024937491,0.10999770425601016,0.11790122533661582,0.12913171145433444,0.1436259123136106,
0.013903188046383677,0.028306342048604195,0.04159651736149542,0.05072155786299183,0.06311560878752878,0.07403581068228463,0.08144429547292537,0.09188566411026175,0.10652934169970124,
0.01513141809195065,0.04183452459261711,0.06942299271582411,0.09304690844495053,0.12274647154583199,0.14321117069830885,0.15590375993723948,0.17261670662973536,0.19569787965917854,
0.01598642962662656,0.03237221839844036,0.04672203985761903,0.056680298449228055,0.06711748734396229,0.07507805766598008,0.08033038864923145,0.08859915181472681,0.10053173843851261,
0.01553204384667106,0.03803562899009098,0.060412336261816614,0.07678790815554501,0.09608855591218064,0.10978909121259027,0.1179041730110235,0.13063324488944414,0.14938406906350202,
0.010310842296880271,0.0312994624164285,0.05445504816532613,0.07615038409010925,0.10582009675253547,0.1274714833044585,0.140499224717182,0.15830834455072296,0.18023588427835097,
0.009851189728121044,0.02916023646968723,0.05037090346942943,0.06935569786152711,0.09309524073118781,0.10919610805331095,0.11865592728251313,0.1313793260456366,0.14980917021009454,
0.013762220986321676,0.031155738637975935,0.049467426397579055,0.06313070038832967,0.07981643692438911,0.09238323924183843,0.10143003614371578,0.11512920721830511,0.13620323328588288,
0.0172644846218818,0.04425131321009461,0.07085238539408845,0.09258948644908245,0.11746299007025746,0.13416409408728672,0.1440501933096134,0.15723618626485678,0.1753876642037494,
0.016563709281038345,0.04307804279644616,0.06924354598500353,0.09024280075580324,0.11437620556892368,0.13031137890908437,0.13993008031614426,0.15286525253142286,0.17046659621277546,
0.015554455163726865,0.04124968537897367,0.06894820667326937,0.0929177658590489,0.12339274334638589,0.14532916245730146,0.1595300275414433,0.17804083248914138,0.2034444211495192,
0.01568772287298228,0.0422102942784448,0.0705731991596855,0.09519920328608722,0.1269129770060075,0.15068218934704716,0.1650789397788231,0.18534019186944997,0.21356377459217876,
0.018139290750944774,0.045807409241840916,0.07310221162059752,0.09571071337037154,0.12223425378143532,0.13930999771528366,0.14921286423959754,0.16229242218977566,0.1784905376733506,
0.016992843038038132,0.04642221648606188,0.0767323184596358,0.10080341590868964,0.12873062550248704,0.14697467730713878,0.15808755980320924,0.17387852400074472,0.19609770715782282,
0.01446343547809118,0.028458210276384097,0.040781075099075435,0.04895872997517493,0.05921147094882236,0.06669897019158759,0.072191181407817,0.08023008156964741,0.09074963958161328,
0.012192167775481879,0.03305547916751019,0.053614195682940936,0.07188959856900694,0.09474322828289408,0.11100279617337473,0.12027309037955083,0.13352223145914968,0.14973321873929016,
0.013974314800922517,0.03820750961752323,0.06370607317092512,0.08422535049414039,0.10812132585525681,0.12367073299196109,0.13210117593302598,0.14241738591967232,0.1534217251058434,
0.01584545681395088,0.04279720961689287,0.07105318245852386,0.0927965316512755,0.11689359642107984,0.13227699433241816,0.1410497853581771,0.1540441170014981,0.17314269875771832,
0.014451569582995207,0.039995804305130285,0.0665861845905854,0.09027568291258732,0.12019892490738093,0.1414215161104986,0.15392573039537188,0.17114617901951185,0.19471133311941938,
0.019780896982098176,0.05190056546832143,0.08371881975717385,0.11040564100174327,0.14131100951168113,0.16171820509587756,0.17302324448965498,0.18789024648552713,0.2072095960938633,
0.015414836778480214,0.04252259869231005,0.07027888969974151,0.09513049373025276,0.12600405567706827,0.14853251174378532,0.16171323407394747,0.18071655100075648,0.2061366183206153,
0.01524762316582473,0.03902155220331572,0.0628181480505714,0.08225941464065428,0.10437221667708842,0.1184544221639899,0.1261156814264435,0.13583616526114367,0.14767320615484625,
0.012709494722486126,0.032703746999104305,0.05329110858902361,0.06969465483960842,0.0899672119089313,0.1058847219506756,0.1162125351814102,0.1329110281899943,0.15833829143039346,
0.0191611984972124,0.049614209491775224,0.08036967776599682,0.10632019164057731,0.13714388681086143,0.157489083335922,0.1691315637022155,0.18419116277937048,0.20324374520301075,
0.013202251023506585,0.03471723474435186,0.055823680725174685,0.07385798393986488,0.0956062566519385,0.11039712281882169,0.11868385845196244,0.12964298958718873,0.14461647677147818,
0.01451180675323117,0.03236015981674794,0.04856772465712812,0.05974922082659099,0.07236743453919597,0.08150847976169508,0.0875235665391081,0.0963462853673856,0.11106240449226111,
0.01648809165812982,0.04387374009446649,0.07284864051173288,0.0965965351609875,0.12662756845594095,0.14837744232085817,0.16152554201966668,0.17946956582785922,0.2032004008330353,
0.011903224931050447,0.033822068045032565,0.057401656522978114,0.07713508722288165,0.10006751188254268,0.11505555811626658,0.123748607676486,0.13645865084257733,0.15525436828957953,
0.0160308689157156,0.04199312126843956,0.0678126469131506,0.08897886432484693,0.11362195494231649,0.12979466773385448,0.1387684294849948,0.15155612660307846,0.1671533048595082,
0.01592125409963919,0.03585231217739633,0.055583194963989745,0.07027316417432998,0.08781217986587615,0.10075699572891461,0.11026386519514728,0.12318117960854628,0.14406347778319606,
0.013961107319823361,0.0395191082060558,0.0668635660989883,0.08930439698926698,0.11577550796904418,0.13295300310639308,0.14259469652072362,0.1563235378556802,0.17655823530705317,
0.017435157397578806,0.04155942931992564,0.06517449432046452,0.08338437273752997,0.1041719152863542,0.1180802298830735,0.12629295262090445,0.13830008084838397,0.15492138148043907,
0.015020898682419879,0.03280776579947344,0.0489007940754831,0.06069300413504852,0.07305699557849,0.08141892646758453,0.08679543449103692,0.09338131515288584,0.10354604040683082,
0.014887417251505553,0.041322661212834615,0.06912954081257933,0.09182629956707078,0.11828185739812754,0.13522326066343385,0.14464653649261902,0.1579074388197563,0.17624698662427166,
0.0152115848355473,0.030510431921609113,0.043824140007764516,0.05383523683644497,0.06525599126017316,0.07466826961458926,0.08090945100110009,0.09125547006986273,0.10563515823684834,
0.016647734152530177,0.046064875480672264,0.07659412046838565,0.10085018385996629,0.1289014648889583,0.1471232226408362,0.1575989428476313,0.17201335407148124,0.19264876627160205,
0.018416963971689786,0.049364970426864864,0.08080207618858277,0.10777054163337368,0.1408297898218284,0.16367031272747648,0.1773101228799205,0.19574117185945553,0.22035091791254993,
0.014913942546392923,0.03501028925107258,0.05518306527588188,0.0711549130693974,0.08969450791105359,0.10280183474827742,0.11046941916861254,0.12157037059010277,0.13889547707668998,
0.011550663972085444,0.03099139804651063,0.05009597192262906,0.06690828492576616,0.08762817774014704,0.10194876571337737,0.11057253128454031,0.12200409686876654,0.1371312677425526,
0.018717336464522123,0.04606770235567761,0.07349509979079198,0.09683605882955951,0.12534427967040673,0.14450251010576923,0.15563188176247494,0.1707286585354445,0.18923680048934682,
0.014462101100231271,0.02987950295317204,0.04447141395452908,0.05399627216741656,0.0629179824530333,0.06791114316644946,0.07123598139045885,0.07794683087361917,0.09158369092303115,
0.0167616003112011,0.04629194961516507,0.07711484339366412,0.10234818410017002,0.1331865086507048,0.1549391752167997,0.16773119121770064,0.18621467039344636,0.21088507029061268,
0.014526472849009882,0.040035956009408125,0.0665808365082889,0.0906431062125088,0.121752161564572,0.14392921020980134,0.1568372256024935,0.17482005876209444,0.1979034846622275,
0.01574344722467072,0.04174949278639929,0.06910002653559917,0.09122358602967787,0.11876528790295615,0.13916104576615218,0.1515706054695132,0.16897415726005943,0.19301794962548458,
0.013970097437721969,0.0345431517081547,0.05418183563733631,0.06906751177168727,0.08542577528205474,0.09614487361101007,0.10237533332765764,0.11162755707484943,0.12504311560594444,
0.018010729700426956,0.05047848158542917,0.08417091641424825,0.11134481393573482,0.1426787587797447,0.1622803775151639,0.17300304953673937,0.18679003559908122,0.20450132718607264,
0.015123939258780864,0.0317870588424685,0.04633098880461024,0.05538637362028338,0.06467419011293489,0.07120113396325313,0.07569818349098546,0.08212916516670847,0.09326470936435534,
0.015679935589867328,0.04077624922949933,0.06574211642889337,0.08562391711568458,0.10931297173194661,0.12471945213534524,0.13404751531987735,0.1467574937796625,0.163738782383408,
0.013818431249642616,0.039863437017220095,0.06799462734106144,0.09122425129217823,0.11875120585282446,0.13694732863517706,0.14695942001436205,0.1615993791251323,0.18316760209056332,
0.017823872091091802,0.04693737144005127,0.07553046003647525,0.09929736118509745,0.12676411239337534,0.14435266035363903,0.15444732572096864,0.16652878827877124,0.18116043395623954,
0.011465819402324533,0.03226767855052222,0.05577875545719785,0.07678474888997712,0.10416726452632225,0.12324555102717455,0.1347136432690628,0.14970552572054524,0.17047802105895474,
0.012617190845702494,0.02308952618619749,0.03120143023684287,0.03559083921090409,0.039397084681545395,0.04251162199685232,0.04335889127765326,0.04278731688167642,0.03515677601724748,
0.013349835316316101,0.0369796013940284,0.06252680536782598,0.08350813346221518,0.1078523669403876,0.12354464098668999,0.13242923335558762,0.14569624601219716,0.16590644054811005,
0.015953214663626435,0.04251411673529425,0.06989485441349477,0.09260436282046167,0.11876915753367953,0.13569669970784679,0.14502864113021113,0.15763747157415858,0.17467835854335728,
0.017700741842847197,0.04901320371918704,0.08132916756006517,0.10902588232293169,0.14347918666649664,0.16693217546517822,0.18038102787260676,0.1984719564676135,0.22168431810236924,
0.012426661376227445,0.035097845434759016,0.060011765052589074,0.08126926359847403,0.10756112901685069,0.12611155750519035,0.13680833018211297,0.15262834154238125,0.17598068660254698,
0.013591462080580813,0.02494949896859355,0.03434660687060562,0.03992885997853467,0.04516165191835625,0.05130373345632838,0.054468751011300165,0.06289856370190017,0.07082836193091778,
0.018026598300019583,0.03946501734985733,0.06232827667617875,0.07955052592793882,0.10111476238169055,0.11635949546483759,0.12308899354720294,0.13445774343029282,0.1481762189838292,
0.01823732170152503,0.03793901659409948,0.0571083466810842,0.0719933189002324,0.0886507934522776,0.09903557784140023,0.10463475869139481,0.11068213207970054,0.12036817349992239,
0.01865410801985427,0.04864380145217131,0.07830825486620502,0.10280886904034693,0.13151721494049112,0.15106829558010776,0.1625597995135379,0.17868000321705935,0.2001173276222585,
0.013819677797445225,0.026448354312061894,0.03838039685509728,0.046273253515500413,0.05614778596205706,0.06433848502277949,0.06887976377584168,0.07476035698377897,0.08709538520128006,
0.015392392042089956,0.04186263749720257,0.06961463902366277,0.09281355592285752,0.12147892168440495,0.14101852621329417,0.1527812185188143,0.16898826510800555,0.19011974939633888,
0.015675955514166943,0.04274727494305708,0.07059005173808958,0.09341048625120686,0.11982530873998644,0.13692771314110494,0.14661374233990332,0.15811986889740848,0.17246012851710332,
0.017263928500176565,0.044975543251234824,0.0730067478331678,0.09543099623929369,0.12207918638970361,0.13935515765444284,0.14971379268180832,0.16394308618068018,0.18059056574553276,
