0.0380204,0.0424238,0.0462339,0.0488807,0.051937,0.0544452,0.0644926,0.0652153,0.0659181,0.0661863,0.0664317,0.0666088,0.0664444,0.0661651,0.0658772,0.0544575,0.0520132,0.0489065,0.0457725,0.0424835,0.0381246,
0.0342887,0.0364739,0.0386625,0.0407982,0.0423862,0.044573,0.0938461,0.0964619,0.0982443,0.0994026,0.0996429,0.0995132,0.0986291,0.0969534,0.0944571,0.0464932,0.0447964,0.0428135,0.0414851,0.0389514,0.0356894,
0.0336947,0.034557,0.0359571,0.037442,0.0390948,0.0406332,0.0582214,0.0592856,0.0602247,0.0607816,0.0609154,0.0607331,0.0602488,0.0594181,0.0584017,0.0415949,0.0398598,0.0386333,0.0374658,0.0361954,0.0348212,
0.0181989,0.0179907,0.0174762,0.0170264,0.0169258,0.0163796,0.0160247,0.0160294,0.015963,0.0160248,0.0161265,0.0161047,0.0161382,0.0160509,0.0158658,0.0165886,0.0168122,0.0171751,0.0174883,0.0180537,0.0185816,
0.0398225,0.0409922,0.0417972,0.0431108,0.044348,0.045552,0.0510861,0.0513858,0.052016,0.0522357,0.0521983,0.0521722,0.0516879,0.0510487,0.0506287,0.0441291,0.0429332,0.0417593,0.0406649,0.0394097,0.0387915,
0.0417323,0.0461379,0.0492953,0.0521933,0.0545967,0.0563615,0.067255,0.0676689,0.068148,0.0684998,0.0686737,0.0685689,0.0682654,0.0681263,0.0674343,0.0569213,0.0548895,0.0526723,0.0499612,0.0466344,0.0425399,
0.0364475,0.0385024,0.0406311,0.042399,0.0445371,0.0463172,0.0653702,0.0668302,0.0678218,0.0687197,0.0689265,0.0687168,0.0680678,0.0668218,0.0655009,0.0463883,0.0444345,0.0425122,0.0405843,0.0386222,0.0364235,
0.0330334,0.0343924,0.0357764,0.0370043,0.0381837,0.0393997,0.0513614,0.0520151,0.0525826,0.0530378,0.0530647,0.0528468,0.0525463,0.0519338,0.0510617,0.0394314,0.0381704,0.036917,0.035718,0.0344846,0.0331544,
0.027402,0.0314653,0.0359555,0.0404496,0.044697,0.0485883,0.0715455,0.0725104,0.0730419,0.0734444,0.0735423,0.0734748,0.0732464,0.0727267,0.0720205,0.0487059,0.0448266,0.0406198,0.0366824,0.0319611,0.0276596,
0.0315765,0.0323668,0.0328466,0.0332874,0.0336589,0.0340121,0.0363973,0.0364478,0.0366857,0.0366499,0.0365979,0.0365507,0.0365668,0.0365739,0.0364505,0.0338299,0.0335382,0.032924,0.0325597,0.0320734,0.0313725,
0.0370163,0.039233,0.0411734,0.0429408,0.0450807,0.0467762,0.0579664,0.0582122,0.0586652,0.0588473,0.0588701,0.0586891,0.0584955,0.0581486,0.0578171,0.0467771,0.0450463,0.0430229,0.0412334,0.0388395,0.0367204,
0.0368925,0.0390927,0.0410877,0.0432906,0.045173,0.0471243,0.0631184,0.0641682,0.064893,0.0654405,0.0654396,0.065279,0.0647521,0.0639705,0.0628817,0.0465822,0.0447925,0.0429623,0.0411316,0.0388414,0.0366259,
0.0235155,0.0257238,0.0278417,0.0305988,0.033101,0.0352151,0.0552546,0.0565492,0.0575382,0.0581398,0.0583968,0.0581891,0.0578111,0.0569729,0.0556289,0.0358805,0.0335462,0.0313061,0.0286047,0.0259586,0.0236649,
0.0388928,0.0421621,0.044631,0.046995,0.0486068,0.049761,0.0592417,0.0602426,0.0608183,0.0611663,0.0614443,0.0612689,0.0609901,0.0603933,0.0597168,0.0505677,0.0495538,0.0475461,0.0454342,0.0428842,0.0393002,
0.0280321,0.0332124,0.0385124,0.043619,0.0480223,0.0518464,0.0712947,0.0719947,0.0723609,0.0724581,0.072573,0.0726671,0.0724844,0.0723843,0.0717665,0.0528343,0.0487377,0.044219,0.0394448,0.0341353,0.0284358,
0.014187,0.0204472,0.0278521,0.0367473,0.0478138,0.0599224,0.0927553,0.0889443,0.0855748,0.0832007,0.0823773,0.0831122,0.0853148,0.0883446,0.0920924,0.0580215,0.046703,0.0365795,0.0279501,0.0206204,0.0137129,
0.0239391,0.0308407,0.0405914,0.0503798,0.0613846,0.0718905,0.0883039,0.08687,0.0854415,0.0849665,0.0848985,0.0851019,0.0856948,0.0870409,0.0884448,0.0704181,0.0605799,0.0502287,0.0401727,0.0306832,0.02413,
0.0228299,0.0233588,0.0238435,0.0243409,0.0258528,0.0274311,0.0481159,0.049369,0.0502107,0.0506462,0.0508512,0.0507134,0.0500705,0.0490365,0.047949,0.027487,0.0257375,0.0247206,0.0241264,0.0232526,0.0224849,
0.037586,0.0384909,0.0390617,0.0396597,0.0401801,0.0405386,0.0433407,0.0437985,0.0440473,0.0439795,0.0438511,0.0439728,0.0438907,0.0437037,0.0433019,0.0406632,0.0402031,0.0394939,0.0390155,0.0385375,0.0376636,
0.0272585,0.0272621,0.0277062,0.0276368,0.0281169,0.0285496,0.0318819,0.0321367,0.0324692,0.0326672,0.0325724,0.0326532,0.0323441,0.032223,0.0320098,0.0284854,0.0283376,0.0277572,0.027524,0.0272525,0.0272734,
0.0393319,0.0416488,0.043448,0.0452702,0.0471536,0.0489345,0.0699494,0.0717952,0.0729929,0.0739123,0.0740672,0.0736347,0.0728337,0.0715597,0.069881,0.0485378,0.0467017,0.0449884,0.0433091,0.0415928,0.0395666,
0.0316628,0.034028,0.0368528,0.0397815,0.0430861,0.046737,0.0827055,0.0844685,0.0854126,0.0861814,0.0863311,0.086078,0.0850918,0.0839089,0.0823216,0.0459581,0.0421247,0.0387306,0.0360083,0.0328068,0.0303735,
0.019717,0.0186749,0.0174263,0.0164331,0.0155052,0.01481,0.0128604,0.012709,0.0131276,0.0127966,0.0131432,0.0132777,0.0129784,0.0130406,0.0128215,0.0146157,0.0154329,0.0163891,0.017441,0.018557,0.0197526,
0.0326774,0.0347527,0.037219,0.0385422,0.0397728,0.0409403,0.0484036,0.0492692,0.0499239,0.0501437,0.0504038,0.0503895,0.0499767,0.0492739,0.0487178,0.0410471,0.0397592,0.0387007,0.0371024,0.0354384,0.0328208,
0.0335181,0.0355882,0.0375242,0.0398699,0.0422398,0.0450166,0.0699239,0.0714525,0.0724587,0.0728735,0.0732721,0.0730614,0.0725136,0.0716431,0.0703224,0.045856,0.0432098,0.0411934,0.0389837,0.0368711,0.0352795,
0.038073,0.0407256,0.0433512,0.0458589,0.0479714,0.0500994,0.0615393,0.0623319,0.062613,0.0629738,0.0630983,0.0628435,0.0623559,0.0619252,0.0611276,0.0487856,0.0466157,0.0444891,0.0423733,0.0400227,0.0370444,
0.0430532,0.0436034,0.0438403,0.0439641,0.043672,0.0437144,0.0442892,0.0441837,0.0443943,0.0443725,0.0445481,0.0446149,0.0446423,0.0439388,0.0441532,0.0437525,0.0435727,0.04374,0.0436207,0.043344,0.0432512,
0.0415535,0.0457752,0.04898,0.0518532,0.054251,0.0558421,0.0636424,0.0637973,0.0642918,0.0645712,0.0646152,0.0644984,0.0642664,0.0639518,0.0633969,0.0546178,0.0529412,0.0508332,0.0480776,0.0446346,0.0410179,
0.0336486,0.0358409,0.0388869,0.0414641,0.0446005,0.0477796,0.0710935,0.0720081,0.0727083,0.0730931,0.0732941,0.0732996,0.0730049,0.0725625,0.071662,0.0485473,0.045258,0.0424377,0.0395691,0.0368847,0.0344902,
0.0519622,0.0541958,0.0561084,0.0576832,0.0595877,0.0611176,0.0722044,0.0728274,0.0732359,0.0735907,0.0735289,0.073521,0.0732044,0.0726536,0.0720352,0.0605386,0.0591667,0.0570318,0.0552243,0.0532045,0.0511571,
0.0267916,0.0290722,0.031268,0.0336969,0.0368426,0.0402883,0.0719297,0.0733281,0.0742883,0.0749054,0.0751436,0.0749456,0.0743201,0.0732321,0.0719338,0.0404877,0.0369807,0.033896,0.031191,0.0288141,0.0267542,
0.024232,0.0256832,0.0282639,0.0310243,0.0341071,0.0372377,0.0607694,0.0618722,0.0627336,0.0631963,0.0633291,0.06321,0.0625528,0.0617184,0.0603235,0.037415,0.0343696,0.0314077,0.0284888,0.0259629,0.0240606,
0.0600787,0.0615622,0.0623399,0.0629025,0.0634404,0.0632578,0.060744,0.0611109,0.0611957,0.0613269,0.0611362,0.0612777,0.0610675,0.0606419,0.0606265,0.0642064,0.0643102,0.0641044,0.0637913,0.0627425,0.0611763,
0.0243993,0.0236313,0.0229132,0.0224426,0.0219618,0.0219246,0.0230636,0.0231132,0.0236187,0.023462,0.0235142,0.0236935,0.0233155,0.0233137,0.0229298,0.0219838,0.0220615,0.0226075,0.0229806,0.0235463,0.0243227,
0.0379949,0.0443536,0.0513746,0.0572616,0.0628475,0.067383,0.0723498,0.0710215,0.0702264,0.0693454,0.0690966,0.0692419,0.0700067,0.0712946,0.0723836,0.0663682,0.0617203,0.0559148,0.0497009,0.0430814,0.0367342,
0.0434453,0.047066,0.0499027,0.0524474,0.0545181,0.0561525,0.0663498,0.0673963,0.0680951,0.0686232,0.0686981,0.0685323,0.0681148,0.0672987,0.0666069,0.0567459,0.0552786,0.0531541,0.0504912,0.0472936,0.0437399,
0.0378443,0.0395576,0.0411581,0.0428216,0.0447161,0.0462542,0.0630488,0.0641836,0.0651743,0.0655272,0.0659349,0.0656918,0.065021,0.0640992,0.0631274,0.0469329,0.0452963,0.0437775,0.0423314,0.0405079,0.038483,
0.031886,0.0372401,0.0426562,0.0472678,0.0511515,0.0544074,0.069094,0.0707068,0.0718237,0.0725372,0.0728078,0.0724719,0.0718884,0.0707119,0.0691631,0.0551723,0.0520748,0.0483266,0.0437178,0.0383411,0.032374,
0.0372811,0.040706,0.0435811,0.0457784,0.0477818,0.0496501,0.0732393,0.0750007,0.0763305,0.0771458,0.0773511,0.0770805,0.0762567,0.0749233,0.0730693,0.0501784,0.048202,0.0462643,0.0439211,0.0412445,0.0374991,
0.0198988,0.0201027,0.0203329,0.0220176,0.0239901,0.0265651,0.0658801,0.0678146,0.0693269,0.0701502,0.070439,0.0699984,0.0691761,0.0679848,0.0659523,0.0259698,0.0233442,0.0218883,0.0201352,0.0192443,0.0189408,
0.0306935,0.0322189,0.0344643,0.036876,0.0400847,0.0437598,0.0840931,0.0859626,0.0872036,0.0880529,0.0883955,0.0879858,0.0873317,0.0861017,0.0843207,0.0442469,0.0401868,0.0371309,0.0343685,0.0323286,0.0305483,
0.0416367,0.0436333,0.0450709,0.046088,0.046517,0.046687,0.0425976,0.0426447,0.0427073,0.0428914,0.043039,0.0427832,0.042831,0.0426463,0.0426065,0.045684,0.0457255,0.0449333,0.0440338,0.0425218,0.0404943,
0.0137774,0.017836,0.0229284,0.0300006,0.0387484,0.0490772,0.1000247,0.0996785,0.0995366,0.0993971,0.0994552,0.0996888,0.0996939,0.1000756,0.1004143,0.0501809,0.0401175,0.0311104,0.0231199,0.0169423,0.0126925,
0.0305902,0.0319389,0.0335048,0.0356767,0.0376195,0.0402605,0.0642662,0.0654628,0.0663359,0.0669276,0.0670357,0.0667862,0.0660298,0.0652032,0.0640865,0.0411189,0.0385099,0.0361348,0.0339692,0.0321828,0.0306939,
0.0362508,0.0379481,0.0399137,0.0417388,0.0435851,0.0453655,0.0612905,0.0622646,0.0631158,0.0636038,0.0636785,0.0635855,0.0630625,0.062266,0.0612242,0.0453203,0.0435001,0.041751,0.039868,0.0380715,0.036184,
0.0467425,0.0498187,0.0528305,0.0554176,0.0578699,0.0600632,0.0802687,0.0816801,0.0826305,0.0832562,0.0834486,0.0830926,0.0825484,0.0815032,0.0801007,0.0596343,0.0573863,0.0550717,0.0524568,0.0495559,0.0464886,
0.0378187,0.0382878,0.0390197,0.0391644,0.0397524,0.0399466,0.0449882,0.0452963,0.0456782,0.0459672,0.0461379,0.046027,0.0458316,0.0455652,0.0453131,0.0408433,0.0404301,0.040105,0.0396267,0.0394386,0.0387793,
0.0377605,0.0402985,0.0428679,0.0456632,0.048645,0.0517547,0.0806475,0.0824981,0.0838555,0.084734,0.0850586,0.084764,0.0838662,0.0825166,0.0807405,0.0512593,0.047992,0.0449341,0.0417781,0.0390514,0.0363226,
0.0372018,0.0382392,0.039074,0.0398187,0.0406637,0.0413438,0.0457772,0.0463946,0.046629,0.0467591,0.0469969,0.0469344,0.0466039,0.0461912,0.0460874,0.0411652,0.0405777,0.0401042,0.0392064,0.0383502,0.037378,
0.0386803,0.0413327,0.0440107,0.0471781,0.050112,0.0534611,0.0832613,0.0841385,0.0846966,0.0851372,0.0851829,0.0849501,0.0846751,0.0838942,0.0828681,0.0542489,0.0509426,0.0479563,0.0450055,0.041785,0.0386289,
0.0467023,0.0478759,0.0489777,0.0502262,0.0506308,0.0518125,0.0558949,0.0565176,0.0567552,0.0567616,0.057094,0.0568848,0.056548,0.0562899,0.056302,0.0517602,0.0512112,0.0502417,0.0491948,0.0485395,0.0470844,
0.0355602,0.0381946,0.0406967,0.0430501,0.0457024,0.0480293,0.0664629,0.0676773,0.068666,0.0691026,0.069246,0.0688795,0.0684091,0.0674845,0.0662281,0.0473616,0.0452078,0.0425578,0.0399138,0.0373128,0.0349783,
0.0367807,0.0380627,0.0388789,0.0399343,0.0419062,0.0449852,0.092623,0.0943594,0.0953952,0.0961105,0.0961445,0.0961127,0.0954771,0.0944711,0.0926672,0.0444492,0.0420208,0.040677,0.0393229,0.0381351,0.0368241,
0.0346282,0.0372697,0.0397483,0.0419975,0.0433829,0.0448867,0.0639102,0.0652969,0.0667107,0.0673034,0.0675526,0.0673719,0.0664877,0.0653673,0.063638,0.0449328,0.0431618,0.0413524,0.0399468,0.0376932,0.034584,
0.0412245,0.0489722,0.0572285,0.065578,0.0727545,0.0795444,0.0902989,0.0900703,0.0901958,0.090373,0.0903873,0.0901909,0.0899413,0.089925,0.0900869,0.0805231,0.0739212,0.0666339,0.0582653,0.0503252,0.0420474,
0.0390092,0.0388708,0.0387801,0.0386592,0.038212,0.0382579,0.0386605,0.0387756,0.0388913,0.0388641,0.0388585,0.0387648,0.0389401,0.039025,0.0385498,0.0382309,0.0383435,0.038294,0.0384144,0.038242,0.0386709,
0.0240293,0.023337,0.0226221,0.0221888,0.0215502,0.0210431,0.0206557,0.0204651,0.0206716,0.0207752,0.0208567,0.0209308,0.020599,0.020362,0.0204191,0.021412,0.0215972,0.022059,0.0225357,0.0232882,0.0240831,
0.0250986,0.0248193,0.0247428,0.0245868,0.0249547,0.0247489,0.0278272,0.0282013,0.0280395,0.0281614,0.0284509,0.0282312,0.0280157,0.0280769,0.0275856,0.0251472,0.0249395,0.0250523,0.0249007,0.0250573,0.0257222,
0.0365161,0.0381031,0.0396329,0.0417458,0.0437524,0.0455681,0.0605484,0.0605852,0.0604334,0.0601799,0.0599714,0.0599745,0.0596779,0.0595148,0.0592078,0.0449456,0.042919,0.0407482,0.0389879,0.0371411,0.0356128,
0.0577692,0.0600531,0.0615878,0.0625446,0.0633164,0.0642275,0.0742314,0.0746268,0.0748711,0.0749637,0.0749774,0.0749353,0.0746983,0.0745068,0.0738139,0.0627564,0.0620974,0.0609591,0.0598824,0.0576611,0.0555573,
0.0368464,0.0385662,0.0399591,0.0412417,0.0424134,0.0432212,0.0498994,0.0505737,0.0506101,0.0508504,0.0513226,0.0513319,0.0510277,0.0507215,0.0505022,0.0436226,0.0423953,0.041408,0.0402289,0.0386856,0.0370332,
0.0495329,0.0514779,0.0540139,0.0560181,0.0582758,0.0607344,0.0823581,0.0836913,0.0847462,0.0854725,0.0854463,0.0850057,0.0843489,0.0833442,0.0818786,0.0612844,0.0590605,0.057062,0.0551244,0.0523676,0.0505972,
0.0461905,0.0485396,0.0500601,0.0520152,0.0540301,0.0562844,0.0881137,0.0893048,0.0897385,0.0900077,0.0899477,0.0900675,0.0897559,0.0891999,0.0882335,0.0573747,0.0552577,0.0529573,0.0514479,0.0500207,0.0478934,
0.0195831,0.0213278,0.0233999,0.0263795,0.0301295,0.0345291,0.0770124,0.0788996,0.0802778,0.081088,0.0813876,0.0809989,0.0802183,0.0790412,0.0773854,0.0363432,0.0320109,0.0278755,0.0249394,0.0221479,0.0206648,
0.0364387,0.0387106,0.0404362,0.0419333,0.0427654,0.0436245,0.0688842,0.0715058,0.0735413,0.0747764,0.075174,0.074681,0.0733613,0.0713069,0.0686795,0.0463234,0.0456359,0.0446578,0.0432505,0.0412764,0.0385971,
0.0455758,0.0504585,0.0549912,0.0588848,0.0622898,0.0650242,0.0701222,0.0701343,0.0701568,0.0703491,0.0702733,0.0702168,0.0701692,0.0701677,0.0701532,0.0659563,0.0632165,0.0598805,0.0559131,0.0515589,0.0466223,
0.0208306,0.0258283,0.0323504,0.0390371,0.0449716,0.0495787,0.0625447,0.0630867,0.0638212,0.0641377,0.0643279,0.0640782,0.0636238,0.0629977,0.0621957,0.0499653,0.0452579,0.0390963,0.0328158,0.0260113,0.0202079,
0.0343029,0.0369369,0.0393823,0.0417996,0.0440176,0.0461618,0.0551766,0.055579,0.0556352,0.0558695,0.0557356,0.0557628,0.0557859,0.0555751,0.0551255,0.0462967,0.0445234,0.042264,0.0397922,0.0373158,0.0348303,
0.0536651,0.0555961,0.0576436,0.0589786,0.0607812,0.0623475,0.072839,0.0735547,0.0741385,0.0745736,0.0745945,0.0743387,0.0739988,0.0732839,0.0725284,0.0610912,0.0594193,0.0581776,0.0563238,0.0547198,0.052541,
0.0413827,0.0439695,0.0459628,0.0488926,0.0511425,0.0540225,0.1009507,0.1032455,0.1050385,0.1060241,0.1063227,0.1058496,0.1049132,0.1031558,0.1007033,0.055134,0.0522344,0.049371,0.0469353,0.0450476,0.0423442,
0.0465523,0.0507655,0.0545437,0.0576005,0.0611384,0.0637444,0.1131521,0.1170997,0.120356,0.1221418,0.1228929,0.1222909,0.1206127,0.1177512,0.1141354,0.0651719,0.0619309,0.0590286,0.0555033,0.0519967,0.0477351,
0.0326628,0.0346668,0.0366351,0.0384028,0.040266,0.0421234,0.0567392,0.0576374,0.0581493,0.058759,0.0588149,0.0587479,0.058473,0.057872,0.0571606,0.0430173,0.0411417,0.0393947,0.0374188,0.0356073,0.0334077,
0.0301384,0.0306172,0.030828,0.0314766,0.0318708,0.0320928,0.037345,0.0378399,0.0379884,0.0383937,0.0382992,0.0383196,0.0381256,0.0378334,0.0374992,0.0326603,0.0321165,0.0319921,0.0314216,0.0310909,0.0305917,
0.0431459,0.0462287,0.0490567,0.0517819,0.0543532,0.0566134,0.0683344,0.069071,0.0700392,0.0706333,0.0708459,0.0706199,0.0699923,0.069223,0.0681222,0.0556986,0.0534982,0.0512433,0.0485448,0.0456289,0.042415,
0.0386712,0.0416453,0.0446086,0.0476971,0.0508484,0.0544538,0.0867212,0.0889097,0.0903823,0.0915593,0.0918058,0.0917351,0.0909638,0.0895075,0.0876035,0.0539051,0.0503954,0.0473973,0.0436489,0.0407181,0.0382317,
0.0385592,0.0434248,0.0480381,0.0516298,0.0544166,0.0569661,0.0623901,0.0624663,0.0627227,0.0627708,0.0629374,0.0629031,0.0626147,0.0625217,0.0620241,0.0578074,0.0554786,0.0522868,0.0485787,0.0440267,0.0392227,
0.0519692,0.0583411,0.0639885,0.0696598,0.0747501,0.0794831,0.0994809,0.0998025,0.1001832,0.1003436,0.1001013,0.1001044,0.0996289,0.0994,0.09896,0.0792275,0.0743789,0.0688581,0.0631896,0.05707,0.0503464,
0.0346037,0.0387248,0.043246,0.0470973,0.0506237,0.0535947,0.0768515,0.078117,0.0791209,0.0796671,0.0798279,0.0794384,0.0788241,0.0776938,0.0762488,0.0522523,0.049243,0.0457623,0.0420599,0.0380915,0.0341215,
0.0304215,0.0333354,0.0360598,0.0377658,0.0397588,0.0415938,0.0571437,0.0581386,0.0592817,0.0598098,0.0600949,0.059931,0.0592322,0.0582387,0.0569848,0.041374,0.0391637,0.0375342,0.0351047,0.0327136,0.0297253,
0.0341476,0.0433255,0.0529584,0.0629816,0.0730604,0.0818217,0.0954213,0.0953474,0.0954725,0.0956843,0.0954607,0.0955544,0.0957241,0.0959165,0.0961581,0.0835641,0.0750669,0.0647003,0.0549192,0.0448937,0.035402,
0.0230042,0.023009,0.0230912,0.02311,0.0231743,0.0229361,0.023185,0.0233141,0.0234863,0.0235359,0.0235964,0.0235028,0.0233795,0.0232379,0.0230633,0.0231924,0.0231786,0.0232295,0.0232246,0.0232287,0.0232824,
0.044212,0.0475722,0.0504372,0.0534341,0.0564968,0.0594918,0.08634,0.0880536,0.0895601,0.0905047,0.0908198,0.0905651,0.089773,0.0883994,0.0867866,0.060042,0.0569046,0.0538261,0.0507205,0.0476738,0.04437,
0.0424962,0.0456089,0.0478091,0.0500682,0.0526795,0.0543903,0.0822373,0.0839138,0.0852044,0.0860885,0.0863673,0.0860653,0.0854579,0.0843134,0.0826646,0.0557187,0.0530775,0.0510133,0.0481366,0.045206,0.0426,
0.0341714,0.0401186,0.046107,0.0518288,0.0571146,0.0621994,0.0920119,0.0938789,0.0952335,0.0960404,0.0962338,0.095601,0.0945757,0.0928592,0.0907862,0.0617381,0.0568301,0.0518109,0.0460297,0.0402983,0.0345335,
0.0272231,0.0308234,0.034395,0.0379096,0.0411809,0.0443712,0.0579309,0.0580515,0.0582373,0.0584353,0.0583146,0.0584187,0.0583057,0.0581452,0.0580752,0.0438687,0.040744,0.0373694,0.0336067,0.0303113,0.027085,
0.0403235,0.0431676,0.0457493,0.0480497,0.0507015,0.0529248,0.066474,0.0671399,0.0674219,0.0677065,0.0680352,0.0677821,0.0675858,0.0672579,0.0666241,0.0529835,0.0510691,0.048584,0.0462377,0.0432602,0.0408367,
0.0310225,0.0335614,0.0361423,0.0388333,0.0414428,0.0444656,0.0677916,0.0691817,0.0700551,0.0705841,0.0708048,0.0705374,0.0700254,0.069181,0.0678185,0.0442863,0.04152,0.0386753,0.0360462,0.0336988,0.0311892,
0.0400758,0.0425929,0.0449338,0.0469453,0.0495408,0.0520412,0.0682221,0.0688169,0.0689845,0.0693659,0.0694232,0.0692969,0.0690545,0.068935,0.0683617,0.0514715,0.0492542,0.0473248,0.0449284,0.0424618,0.0402728,
0.0315129,0.0337657,0.0373283,0.0394624,0.0423805,0.0448628,0.0737092,0.0754232,0.0768468,0.0775322,0.0778055,0.0776186,0.0766715,0.0755054,0.0736776,0.0452872,0.042787,0.0403141,0.0376455,0.0349444,0.032057,
0.0329453,0.0364802,0.0398814,0.0427378,0.0454296,0.0476824,0.0573805,0.0580673,0.0586834,0.0589233,0.0591163,0.0588794,0.0585576,0.0578316,0.0571398,0.0468689,0.0446401,0.0420137,0.0389945,0.0356954,0.0319333,
0.0458472,0.0494016,0.0527739,0.0555845,0.0584376,0.0612151,0.0908348,0.092908,0.094736,0.0959505,0.0962766,0.0957173,0.0944082,0.0923386,0.0897738,0.0594311,0.056866,0.054229,0.0512349,0.0482652,0.045187,
0.0298765,0.031152,0.0324305,0.0343217,0.0363371,0.0390219,0.0968107,0.0991457,0.1007616,0.1015203,0.1016994,0.1015052,0.1007673,0.0993464,0.0971424,0.0416168,0.0386355,0.0373959,0.0356463,0.0341996,0.0318468,
0.0276762,0.0291213,0.0308308,0.0324168,0.0341693,0.0362259,0.0557432,0.0571638,0.0580888,0.0588714,0.0592143,0.0589119,0.0584335,0.0575278,0.0563525,0.0373303,0.0352316,0.0334588,0.0316501,0.0299789,0.0282332,
0.0323801,0.0332687,0.0341861,0.0348709,0.0357844,0.0367375,0.0456399,0.0461547,0.0466515,0.0470084,0.0471392,0.047123,0.0468386,0.0463057,0.0457894,0.0367969,0.0359221,0.0351868,0.0341637,0.0332953,0.0326373,
0.041516,0.0435839,0.04603,0.048219,0.0502469,0.0523961,0.0701167,0.0705982,0.071078,0.071166,0.0712068,0.07134,0.0709311,0.0706708,0.0698634,0.0527228,0.0506448,0.0486701,0.0465016,0.0441822,0.0415836,
0.0318028,0.0333743,0.0344457,0.0354951,0.0368239,0.0379558,0.0475295,0.048119,0.0485368,0.0488689,0.0489884,0.048982,0.0488562,0.0485632,0.0482238,0.038804,0.037548,0.0363751,0.0348449,0.033677,0.0320795,
0.0423231,0.0445955,0.0470218,0.0494394,0.0513762,0.0531896,0.0700985,0.0712781,0.0724857,0.0731387,0.0732531,0.0732887,0.0725667,0.0716062,0.0702981,0.0545584,0.0525277,0.0507177,0.0485496,0.0460792,0.0438106,
0.0413897,0.043618,0.0455935,0.0478862,0.0502999,0.0530719,0.0801368,0.0815138,0.0827217,0.0833953,0.0836569,0.0834203,0.0827205,0.0816505,0.0800627,0.0528431,0.0499501,0.0476423,0.0455478,0.0436625,0.0412894,
0.0453127,0.0486632,0.0514001,0.0540422,0.0559172,0.0579237,0.0717982,0.0728397,0.0735985,0.0741427,0.0742467,0.0743541,0.0738002,0.0733697,0.0726988,0.0592284,0.0571581,0.0548371,0.0520461,0.0491356,0.0456866,
0.0365502,0.0380997,0.0395599,0.0411718,0.0419929,0.0429702,0.0495193,0.0500261,0.0502054,0.0502824,0.0504744,0.050377,0.0500178,0.049885,0.0494705,0.0426067,0.0414204,0.040348,0.0390895,0.0373601,0.0357173,
0.0338567,0.0405717,0.0466562,0.0530498,0.0575765,0.0605746,0.0802805,0.0831974,0.085658,0.0872402,0.0877911,0.0872568,0.0856748,0.0832003,0.0804955,0.062977,0.0591392,0.0544888,0.0486143,0.0416358,0.0345525,
0.0598832,0.0639991,0.0670095,0.0699864,0.0721473,0.0739027,0.0838374,0.0847538,0.0852772,0.0857522,0.0860178,0.0856218,0.0852652,0.0846194,0.0840523,0.072367,0.0704714,0.0681506,0.0652313,0.0622824,0.0585659,
0.0337069,0.0342599,0.0348439,0.034713,0.0346126,0.0346906,0.0341625,0.0343268,0.0345859,0.034645,0.0346644,0.0347068,0.0346433,0.0342682,0.0340606,0.0347932,0.0345977,0.0347355,0.0346005,0.0345556,0.0336241,
0.0454134,0.0476564,0.0501996,0.0520126,0.0536651,0.0557985,0.0725088,0.0734746,0.0746521,0.0751823,0.0753525,0.0750822,0.0744032,0.0733635,0.0718731,0.0547534,0.0530168,0.0511109,0.0491223,0.0470554,0.0446079,
0.0293789,0.0300488,0.030303,0.0306316,0.0307374,0.0308945,0.03224,0.0322652,0.0326221,0.032672,0.0327601,0.0325472,0.0323402,0.0324593,0.0323667,0.0309194,0.0306126,0.0302858,0.0300766,0.0296603,0.0292494,
0.0364439,0.0386304,0.0399178,0.041137,0.0421086,0.0434732,0.048118,0.0483413,0.0484043,0.0484329,0.0486937,0.0486979,0.0484719,0.0481847,0.0480384,0.0432424,0.0420224,0.0411625,0.0396971,0.0383559,0.0365859,
0.0672092,0.0711655,0.0749304,0.0778287,0.0815479,0.084287,0.1193238,0.1216883,0.1237639,0.1248036,0.1252927,0.1248144,0.1234979,0.1215692,0.1188565,0.0798155,0.0764214,0.0735497,0.0698335,0.0665764,0.0626057,
0.0353066,0.0373999,0.0396334,0.0445372,0.0497889,0.05492,0.0766499,0.0765841,0.0763618,0.0763421,0.0764853,0.0763328,0.076094,0.0762566,0.0762847,0.05649,0.0508836,0.0451005,0.0408991,0.0372879,0.0343801,
0.0296372,0.0303752,0.0309822,0.0314893,0.0317611,0.0320221,0.0326783,0.032728,0.032917,0.0327841,0.0328581,0.0328676,0.0329618,0.0327435,0.0328249,0.0316843,0.0313248,0.0310929,0.0308005,0.0299402,0.0291179,
0.0229445,0.0254339,0.0285931,0.0320904,0.0359874,0.0404845,0.0817758,0.0838897,0.0855417,0.0864519,0.0866786,0.0860318,0.0847936,0.0823319,0.0797994,0.0403127,0.0363679,0.0326531,0.0285039,0.0259615,0.0232382,
0.0573768,0.0601395,0.0616357,0.0634038,0.0642389,0.064902,0.0678247,0.0681606,0.068289,0.0684463,0.0686932,0.0683584,0.0684531,0.0681233,0.067673,0.0647696,0.0639074,0.0627593,0.0613935,0.0596304,0.0571394,
0.0217069,0.0213238,0.0206254,0.0201167,0.0197241,0.0185113,0.0166858,0.016324,0.0170976,0.016881,0.0169173,0.0168466,0.0169844,0.0167617,0.0168658,0.0182542,0.0191617,0.0198125,0.0202647,0.020925,0.0214327,
0.0564009,0.0623113,0.06715,0.0707357,0.0737701,0.0762212,0.0871548,0.0877304,0.0883942,0.0887104,0.0887602,0.0885396,0.0882351,0.0876721,0.0868603,0.0754644,0.0733868,0.0706223,0.0667427,0.0621423,0.0558609,
0.0430939,0.044791,0.0468991,0.0494275,0.052175,0.0548022,0.0750853,0.0753778,0.0754295,0.0754583,0.0754913,0.0755343,0.0754946,0.0753423,0.0752436,0.0545755,0.0513303,0.0485846,0.0458486,0.0436703,0.0418254,
0.0377047,0.0418344,0.0464,0.051225,0.0567692,0.0617177,0.0920687,0.0928832,0.0933259,0.0935207,0.0935731,0.0934783,0.0929907,0.0924397,0.091557,0.060371,0.0553405,0.0502045,0.0454214,0.0401278,0.0366552,
0.0393315,0.0415747,0.04375,0.0461559,0.048264,0.0504513,0.0668242,0.0676639,0.0681453,0.0684432,0.0685529,0.0684057,0.068101,0.0677045,0.0667828,0.0515148,0.0495702,0.0473579,0.0450639,0.0428012,0.0406237,
0.0394434,0.042206,0.0452016,0.0480351,0.0509082,0.0537885,0.0774305,0.0788601,0.0799175,0.0807382,0.0807345,0.0804897,0.0798152,0.0787976,0.0774888,0.05357,0.0504935,0.0474973,0.0445953,0.041767,0.038766,
0.0432266,0.0456163,0.0479775,0.0494819,0.0512971,0.0528771,0.0653556,0.0662727,0.067485,0.0682093,0.0686118,0.0679512,0.0669402,0.0660554,0.0650526,0.0518184,0.0505375,0.0486332,0.0470257,0.0450648,0.0426799,
0.026934,0.0279524,0.0292698,0.0307521,0.0323161,0.0342507,0.0501285,0.0511738,0.0517413,0.0521505,0.0522175,0.0521662,0.0516995,0.0510131,0.0501488,0.0341217,0.0321679,0.0306589,0.0290371,0.0277154,0.0268515,
0.0402639,0.0409359,0.0415194,0.0417441,0.0418453,0.0418563,0.0425846,0.0426995,0.0428263,0.0428108,0.0430192,0.0428718,0.0427236,0.042769,0.0427137,0.0422781,0.0421427,0.0420791,0.0418196,0.0413289,0.0406041,
0.0394981,0.0409067,0.0421179,0.0433328,0.044302,0.0453926,0.0519858,0.0526494,0.0528523,0.0531967,0.0533892,0.0531929,0.0529575,0.052619,0.0521477,0.0458664,0.0450579,0.0438601,0.0430091,0.0415391,0.0402777,
0.0347225,0.035454,0.036007,0.036466,0.0368755,0.0372986,0.0409958,0.0412478,0.0412531,0.0414526,0.0416187,0.0416096,0.0410785,0.041037,0.0408407,0.0370974,0.0366361,0.0364286,0.0358017,0.0352909,0.0345375,
0.041625,0.0450987,0.0490475,0.0531026,0.0571335,0.0613352,0.0841377,0.0846836,0.0849126,0.0852028,0.0852263,0.0850852,0.0850032,0.0845981,0.0840929,0.0603831,0.0562474,0.0519061,0.0477299,0.0436442,0.0401314,
0.0510874,0.0519611,0.0522704,0.0521479,0.0510962,0.0501603,0.0440086,0.0444633,0.0446719,0.0449713,0.0448076,0.0448708,0.0448078,0.0440837,0.0438638,0.0494262,0.0503756,0.0512646,0.0515028,0.0511764,0.050199,
0.0393768,0.0418124,0.0452837,0.0482971,0.0514881,0.0543379,0.0787601,0.0802358,0.0809858,0.0817034,0.0816949,0.0814746,0.0809444,0.0800546,0.0787625,0.0546014,0.0514569,0.0481389,0.0446405,0.0417395,0.0386099,
0.0473276,0.0510397,0.0547625,0.0577922,0.0606513,0.063069,0.0857127,0.0874457,0.0885669,0.0892795,0.0898225,0.0894332,0.0889886,0.0876987,0.0864161,0.0641594,0.0612099,0.0580301,0.0547119,0.0513191,0.0473303,
0.0330259,0.0359478,0.0388753,0.0413975,0.0450962,0.0487351,0.0731077,0.0745762,0.0755775,0.0764046,0.0764622,0.0760851,0.0754145,0.074114,0.0727383,0.0482622,0.0449425,0.0418058,0.0388533,0.0365869,0.0331738,
0.02332,0.0302889,0.0391249,0.0475739,0.0566487,0.0652557,0.086678,0.0871012,0.087473,0.0876282,0.0876453,0.0875434,0.0873529,0.0872488,0.0870439,0.065429,0.0568549,0.0471546,0.0379887,0.029525,0.0221024,
0.0393032,0.0419105,0.0439376,0.0453045,0.0471495,0.0484275,0.0657391,0.0667976,0.0678079,0.0683074,0.0685365,0.0682298,0.0677229,0.0667896,0.0654676,0.0482723,0.0472517,0.0458275,0.0444284,0.0426307,0.0404312,
0.0374318,0.0387129,0.0398996,0.041153,0.0421504,0.043126,0.0497846,0.0500354,0.0502105,0.0504875,0.0504581,0.0503299,0.0502279,0.0500259,0.0497075,0.0429768,0.0420134,0.0409243,0.0398349,0.0385162,0.0372386,
0.0485743,0.0525816,0.0556576,0.0582023,0.0603544,0.0618334,0.0665952,0.0667999,0.0670117,0.0670828,0.0672237,0.067226,0.0671134,0.0667263,0.0666152,0.0617022,0.0600664,0.0580641,0.0553156,0.0520183,0.0482458,
0.0305576,0.0318783,0.0332243,0.034714,0.0364057,0.0379111,0.0507491,0.0514478,0.0522006,0.0525473,0.0525286,0.0526455,0.0521925,0.051594,0.0509648,0.0380885,0.0365761,0.0350874,0.033491,0.0318681,0.0306201,
0.0264179,0.0291628,0.0319104,0.0348767,0.0373136,0.0398448,0.055538,0.0562148,0.056686,0.0569239,0.0570234,0.0567941,0.0563895,0.055902,0.0551531,0.0396815,0.0375218,0.034741,0.0322077,0.0293554,0.0266995,
0.0449769,0.048791,0.0528329,0.0563249,0.0590898,0.0621475,0.0735228,0.0737854,0.0742734,0.0745411,0.0747099,0.0746101,0.0744459,0.0740692,0.0734786,0.0624041,0.0595996,0.0566809,0.0533541,0.0499068,0.0461467,
0.0368922,0.0379551,0.038875,0.0398809,0.0406111,0.041131,0.0477307,0.0478907,0.0484176,0.0485029,0.048722,0.0485241,0.0483323,0.0477921,0.0474243,0.0409151,0.0400642,0.0391916,0.0385418,0.0375026,0.0364139,
0.0342914,0.035998,0.0380483,0.039828,0.0416667,0.0432646,0.0590232,0.0598748,0.0608242,0.061309,0.0615744,0.0613527,0.0610249,0.0601053,0.0593097,0.0448078,0.0431338,0.0414774,0.0394461,0.0379321,0.0357198,
0.0516103,0.0601822,0.0686409,0.0772427,0.0846551,0.0912113,0.1026781,0.1026171,0.1025647,0.1024751,0.1025095,0.1025624,0.1026781,0.1029293,0.1029739,0.0930205,0.0860457,0.0775604,0.0688966,0.0595144,0.0505808,
0.0419915,0.0449011,0.0478398,0.0498621,0.0518039,0.0532576,0.0793179,0.0816904,0.0836141,0.084763,0.0850894,0.0848777,0.0837817,0.0819047,0.0792931,0.0513612,0.0505302,0.0488225,0.0468989,0.0442273,0.0411518,
0.0377624,0.0424078,0.0471698,0.0516519,0.0556848,0.0599237,0.0954673,0.0971051,0.0983534,0.0989794,0.0992114,0.0990504,0.0982371,0.0970132,0.0952416,0.0608889,0.0571587,0.0531874,0.0488026,0.0442854,0.0391569,
0.0344624,0.0360631,0.037505,0.0387973,0.0399698,0.0410156,0.0468581,0.0471635,0.0472853,0.0473721,0.0474122,0.0474121,0.047253,0.0470313,0.0469281,0.0414208,0.0403379,0.0391983,0.0378746,0.0364257,0.0347756,
0.0469497,0.0506896,0.0536948,0.0562821,0.0583396,0.0595464,0.0552481,0.0549387,0.054599,0.0544677,0.0542288,0.0540956,0.0539203,0.0538422,0.0540738,0.056864,0.0557943,0.0542295,0.0520295,0.0492356,0.0457478,
0.0248582,0.0249967,0.0251022,0.0253396,0.0252022,0.0252559,0.0265951,0.0267664,0.0268519,0.0268989,0.0269013,0.0269926,0.0267762,0.0268015,0.026627,0.0254081,0.0254016,0.0254078,0.0252533,0.0252548,0.025075,
0.0382143,0.0393131,0.0399879,0.0403901,0.0406608,0.0412244,0.0675677,0.0686539,0.0691371,0.0693274,0.0693214,0.069283,0.0690697,0.0684703,0.0673935,0.041478,0.0404486,0.0401966,0.0398988,0.039271,0.0380549,
0.0383417,0.039696,0.0409165,0.04159,0.0421002,0.0425617,0.0441799,0.0443117,0.0444161,0.0443618,0.0443388,0.044113,0.0443655,0.0440687,0.0439394,0.0419888,0.0414182,0.0409442,0.0400507,0.0389177,0.0375118,
0.041203,0.0428648,0.0444726,0.0463185,0.0482638,0.0505349,0.0668538,0.0679216,0.0686238,0.0691178,0.0693338,0.0691421,0.0686845,0.0679679,0.0667205,0.0496469,0.047746,0.0458467,0.0442693,0.0423649,0.0408123,
0.0402535,0.0421955,0.0442184,0.0460503,0.0479411,0.0499757,0.0701374,0.071635,0.0727649,0.0735533,0.0737947,0.0737317,0.0729409,0.0719378,0.0703794,0.0498629,0.0479028,0.0460375,0.0439985,0.0418354,0.0399318,
0.0481986,0.0488092,0.0490076,0.0490954,0.0489081,0.048758,0.046406,0.0464885,0.0465953,0.0466641,0.0467331,0.046604,0.0465079,0.0464582,0.0465156,0.0490603,0.0492139,0.0494528,0.0494173,0.0492709,0.0488336,
0.0395785,0.0426608,0.0460492,0.0492613,0.052146,0.0550554,0.0747532,0.0758449,0.0767068,0.0772152,0.0772426,0.0770558,0.0765175,0.0756098,0.0746396,0.0549891,0.0519334,0.0488067,0.0454936,0.0419975,0.038808,
0.0421801,0.044176,0.0469945,0.050115,0.0533585,0.0570685,0.0932675,0.0961561,0.0982544,0.0995045,0.099962,0.0994648,0.0980538,0.0959026,0.0931418,0.0572938,0.0540223,0.0504777,0.0477501,0.0448918,0.0422747,
0.0405791,0.0421899,0.0434694,0.0443969,0.0450044,0.0457647,0.0685196,0.0702063,0.0716329,0.072437,0.0727043,0.0724836,0.0715513,0.0701957,0.0683841,0.045231,0.0443112,0.0437306,0.0429004,0.041647,0.0399266,
0.0192505,0.0191791,0.0192264,0.0191781,0.0194479,0.0195944,0.0210167,0.0210734,0.0211882,0.0214017,0.0214726,0.0213053,0.0212994,0.0210895,0.0209791,0.0195914,0.0193101,0.0193002,0.019046,0.0191735,0.019229,
0.0268258,0.0285291,0.0302354,0.032799,0.0359702,0.0396714,0.0939715,0.0979992,0.1009872,0.1030478,0.1036503,0.1030172,0.100793,0.0976524,0.0935296,0.0393358,0.0354557,0.0327957,0.029936,0.0278891,0.0262587,
0.032796,0.0354506,0.0380463,0.0404653,0.0431524,0.0461689,0.0773817,0.0787706,0.0798104,0.0804008,0.0805627,0.0802965,0.0796327,0.0785325,0.0770483,0.0454357,0.0425524,0.0400335,0.0376549,0.0352292,0.0328508,
0.0180987,0.023975,0.029825,0.0371828,0.0452875,0.0533791,0.0778194,0.0774163,0.0772044,0.0771704,0.0771489,0.0771918,0.0771814,0.0772844,0.0778186,0.0532387,0.0453294,0.0374597,0.0303037,0.0239178,0.0178602,
0.0373653,0.041644,0.0461048,0.0499564,0.0535257,0.0568759,0.0606733,0.0600705,0.0593333,0.0589216,0.0587298,0.0587955,0.0589802,0.0595287,0.0601318,0.0561595,0.0531632,0.0496299,0.0458052,0.0415464,0.0374104,
0.0346799,0.0352772,0.0356683,0.0359264,0.0363084,0.0366239,0.0386518,0.0389456,0.0390246,0.0390839,0.0391421,0.0391657,0.0389989,0.0387798,0.0386258,0.0360392,0.0355989,0.0352893,0.0347705,0.0342657,0.0335419,
0.032018,0.0329643,0.0336273,0.0345797,0.0358616,0.0371312,0.0479097,0.0484141,0.0485506,0.0488277,0.0487394,0.0488161,0.048529,0.0483377,0.0479355,0.037107,0.0359623,0.0346114,0.0335276,0.0322937,0.0315956,
0.0473242,0.0496665,0.0520991,0.0548317,0.0574892,0.0600247,0.0791891,0.0803082,0.0811191,0.0816726,0.0817512,0.0816574,0.0812344,0.0803887,0.0793952,0.0605977,0.0580311,0.0554866,0.0527725,0.0503089,0.0479781,
0.0371663,0.0394843,0.0419224,0.0443463,0.0468786,0.0492302,0.0758456,0.0777539,0.0791748,0.0799835,0.0803825,0.0801341,0.0793319,0.0780187,0.0761979,0.0510498,0.0487743,0.0462952,0.0439904,0.0415117,0.0391046,
0.0320966,0.0345137,0.0372697,0.0405513,0.0438674,0.0476701,0.083723,0.0855163,0.0869851,0.0878883,0.0881744,0.0879061,0.0870196,0.0856184,0.0837106,0.0477902,0.0441212,0.0408326,0.0375127,0.034789,0.0321159,
0.0358967,0.0381841,0.0403821,0.0423148,0.0440869,0.0458161,0.06374,0.0651023,0.0662372,0.066972,0.0671742,0.0671505,0.0665574,0.0655515,0.0643797,0.045937,0.0439525,0.0423038,0.0402465,0.0380974,0.0360631,
0.021015,0.0214052,0.0224021,0.0246095,0.0279088,0.0318792,0.0800235,0.0838573,0.0867048,0.0885137,0.0890716,0.0887686,0.0869488,0.0841938,0.0802925,0.0312439,0.0274267,0.0240917,0.0221855,0.0213539,0.0212292,
0.0450865,0.0477547,0.0501574,0.0524546,0.0545763,0.0567464,0.0778898,0.0794726,0.0805432,0.0812293,0.081517,0.0813149,0.0805604,0.0793959,0.0779049,0.056142,0.0540597,0.0518301,0.0495184,0.0472492,0.0446225,
0.0350437,0.0387155,0.0419466,0.0445326,0.046786,0.0482046,0.0575073,0.0585736,0.0592657,0.0598996,0.0601026,0.059923,0.0594457,0.0586862,0.0577443,0.0479198,0.0462661,0.044048,0.041375,0.0381806,0.0345713,
0.0179681,0.0162822,0.0149513,0.0137624,0.0128314,0.0118952,0.0095174,0.0095151,0.0095051,0.0095998,0.0094872,0.009602,0.0095514,0.0094407,0.0092924,0.0119387,0.0129262,0.0137643,0.0148405,0.0163388,0.0180208,
0.0475381,0.0509557,0.0539672,0.057053,0.0600918,0.0628271,0.0815836,0.0825818,0.0835246,0.0840515,0.0843606,0.0841614,0.083641,0.0825388,0.0816656,0.0628445,0.0599064,0.0571974,0.0539788,0.0506847,0.0472868,
0.0343792,0.0338111,0.0330534,0.0322443,0.0313478,0.0308316,0.0291867,0.0293515,0.0296651,0.0296589,0.0299359,0.0296281,0.029679,0.0294114,0.0290737,0.0307483,0.0314881,0.0319717,0.0326603,0.0332601,0.0340785,
0.0289918,0.03553,0.0419569,0.0478683,0.0531925,0.0576453,0.0689726,0.069378,0.0696947,0.0696826,0.0698089,0.0697593,0.0695656,0.0692701,0.0689417,0.0571751,0.0527625,0.0476201,0.0416399,0.035182,0.0289958,
0.0378287,0.0406904,0.0438824,0.0468526,0.0499839,0.0531855,0.0755337,0.0762092,0.076753,0.0770556,0.0773091,0.0769575,0.0768309,0.0763273,0.0755288,0.0519264,0.0485241,0.0453982,0.0421566,0.0392684,0.0366925,
0.0349689,0.0438586,0.052807,0.0626912,0.0713236,0.0782626,0.0869587,0.087064,0.0873102,0.0873818,0.0874753,0.0874741,0.0872175,0.0869162,0.0866036,0.07662,0.0696589,0.0612297,0.0519549,0.0427965,0.0342609,
0.0558518,0.0589707,0.0616421,0.0644477,0.0674768,0.0708474,0.1122391,0.114648,0.1164067,0.1176498,0.1180116,0.1174355,0.1164932,0.1143382,0.111788,0.0705871,0.066723,0.0639664,0.0609718,0.0584302,0.0554459,
0.033251,0.0359525,0.0394108,0.0427316,0.0459539,0.0491709,0.0743082,0.0756657,0.0765502,0.0771516,0.0773085,0.0772566,0.0764461,0.0752772,0.0741586,0.0488628,0.045665,0.0423975,0.0392572,0.0359262,0.0330761,
0.026131,0.0327906,0.0401529,0.048279,0.0557147,0.0623328,0.0729475,0.0724799,0.0720517,0.0717876,0.0717817,0.0719715,0.0722982,0.0727196,0.0734193,0.0632229,0.0565129,0.0488431,0.041168,0.0335542,0.0260236,
0.0239806,0.0225482,0.0211107,0.0200895,0.0192377,0.0185282,0.0166918,0.0164105,0.0166054,0.0166744,0.0166525,0.0166372,0.0165039,0.0164614,0.0164645,0.0185872,0.0191951,0.0203487,0.021351,0.0227315,0.024217,
0.0354186,0.0362739,0.0371154,0.0382176,0.0388293,0.0394893,0.0427653,0.0428799,0.0432141,0.0431264,0.0432909,0.0431433,0.0430189,0.0429704,0.0426389,0.0396117,0.0389099,0.0381626,0.0373639,0.0364959,0.0355435,
0.049772,0.0537268,0.0577565,0.0611211,0.0643418,0.0672935,0.0809566,0.0816723,0.082227,0.0827293,0.0829534,0.0825985,0.082246,0.0817188,0.0811384,0.0658913,0.0628709,0.06009,0.0561903,0.0521517,0.0482508,
0.0263976,0.0277338,0.0295647,0.0314662,0.0337976,0.036447,0.058895,0.0598479,0.0603755,0.0607362,0.061076,0.0609277,0.0605178,0.0599126,0.0590032,0.0365579,0.0346695,0.0319125,0.0298035,0.0282074,0.0268675,
0.0353026,0.0371757,0.0389876,0.040684,0.0420735,0.043425,0.050854,0.0513362,0.0516366,0.0519261,0.0519294,0.0517832,0.0517502,0.0515617,0.0512394,0.0442971,0.0428866,0.0414518,0.0399276,0.038263,0.035988,
0.035613,0.039466,0.0429846,0.0457353,0.0492567,0.0519465,0.0771146,0.0785832,0.0796303,0.0804254,0.0806071,0.0804263,0.0798413,0.0787579,0.077059,0.0517946,0.0484868,0.0457593,0.0424752,0.0389943,0.0359167,
0.0304188,0.0310435,0.0319267,0.0328585,0.0338676,0.0347655,0.0396001,0.0397819,0.0399981,0.0398695,0.0398342,0.0399239,0.0398438,0.0397148,0.0395369,0.0346854,0.0336571,0.0327861,0.0319724,0.0310827,0.0301149,
0.0384365,0.0408481,0.0428188,0.0451442,0.0476945,0.0502793,0.072367,0.0736584,0.0743841,0.0748876,0.0749485,0.0748902,0.0744621,0.0737321,0.0726785,0.0507284,0.0480669,0.0456524,0.0431934,0.0407434,0.0384975,
0.0435072,0.045826,0.0475264,0.0487371,0.05008,0.0509073,0.0586728,0.0593811,0.0601093,0.0605803,0.0607864,0.0606185,0.0604795,0.059602,0.0588039,0.0507509,0.0497317,0.0485555,0.0473251,0.045035,0.0430263,
0.015919,0.0201046,0.027067,0.0341704,0.0420724,0.0500838,0.0792593,0.0777697,0.07657,0.07575,0.0753585,0.0756389,0.0762365,0.0774614,0.0789339,0.0492605,0.0411196,0.0333763,0.026477,0.0201621,0.0155579,
0.0448863,0.0536711,0.061662,0.0680839,0.0742455,0.0791296,0.0911969,0.0916799,0.0916363,0.0917967,0.0915416,0.0914209,0.0911522,0.0906815,0.0905119,0.07824,0.0737091,0.0674542,0.0604121,0.0523838,0.0445222,
0.0283267,0.0300639,0.0322952,0.0345652,0.0372442,0.0396209,0.0600768,0.0611053,0.0619055,0.0622313,0.0623566,0.0621636,0.061551,0.0608518,0.059924,0.0402049,0.0374986,0.0353557,0.0332272,0.0308831,0.0293687,
0.02404,0.0234495,0.0229752,0.0227543,0.0226149,0.0226734,0.0245189,0.024683,0.0247407,0.0248028,0.024887,0.0249103,0.0247845,0.024647,0.0243395,0.022435,0.0223719,0.0224429,0.0227164,0.023226,0.0239004,
0.0111319,0.0102671,0.0097484,0.0091592,0.0083893,0.0081228,0.0076998,0.0076365,0.0079847,0.007702,0.0078882,0.0079795,0.0076385,0.0076103,0.007619,0.0079127,0.0083692,0.009148,0.0095638,0.0102732,0.0112963,
0.0276322,0.0323074,0.0372397,0.0429306,0.0486278,0.0539883,0.0920021,0.093874,0.0954212,0.0964985,0.0966769,0.0962661,0.095236,0.0937747,0.0916953,0.0539138,0.0482749,0.0426904,0.0374949,0.0320118,0.0271919,
0.0211588,0.0240809,0.0278382,0.0319666,0.0359845,0.0401346,0.0664048,0.0674896,0.0682106,0.0687301,0.0688473,0.0686869,0.0683636,0.0676167,0.0666047,0.0405137,0.0365437,0.0323346,0.0284393,0.0243655,0.0211123,
0.0328217,0.0348057,0.0367171,0.0386491,0.0406765,0.0425717,0.0568433,0.0573212,0.0576455,0.0578415,0.0580007,0.0578151,0.0576453,0.0571841,0.0567058,0.0424935,0.040466,0.0384835,0.0363929,0.0343271,0.0323832,
0.02539,0.0271008,0.0289972,0.031045,0.0331393,0.0351107,0.0503744,0.0509746,0.0514199,0.0516067,0.0517631,0.0516768,0.0514314,0.050987,0.0504785,0.0356786,0.0336103,0.0315146,0.0295417,0.0276478,0.025833,
0.0539764,0.0607557,0.0669682,0.0722267,0.0764174,0.0798763,0.0960721,0.0975814,0.0991399,0.0998449,0.1001847,0.0999397,0.0990838,0.0980282,0.096458,0.08162,0.0781749,0.0737332,0.0683452,0.0618669,0.0543756,
0.0392359,0.0431112,0.0461586,0.0489044,0.0511935,0.053437,0.0700875,0.0711112,0.0718637,0.07223,0.072459,0.0722156,0.0718381,0.0710306,0.0700379,0.0524787,0.0504163,0.0481858,0.0453395,0.0420024,0.0387895,
0.0424509,0.045555,0.0484554,0.0515821,0.0546566,0.0578169,0.08925,0.0912756,0.0927464,0.0937271,0.0941242,0.0937115,0.0927178,0.0910894,0.0890358,0.0577742,0.0546221,0.0514571,0.0485634,0.0455226,0.042231,
0.0351955,0.043014,0.0512166,0.0576837,0.0628857,0.0664241,0.0750508,0.0768807,0.0783843,0.0794358,0.07977,0.0794916,0.0785344,0.0769892,0.0752207,0.0657655,0.0619917,0.0568731,0.0502449,0.0425884,0.0347039,
0.0323198,0.033347,0.0343928,0.0354896,0.036522,0.0376334,0.0471772,0.0478103,0.0482535,0.0487262,0.0487387,0.0487319,0.0483107,0.0478235,0.0471186,0.0377478,0.0367703,0.0358084,0.0347358,0.0335027,0.0324207,
0.0397936,0.0400728,0.0402987,0.0401414,0.0400482,0.0399088,0.0405445,0.0409191,0.0409312,0.0410045,0.0410804,0.0412009,0.0408531,0.0407395,0.0404767,0.0398601,0.0399097,0.0401555,0.0401278,0.0398927,0.0396145,
0.0275404,0.0295418,0.0312728,0.0328444,0.0343744,0.0356499,0.0446946,0.0451991,0.0455514,0.0458448,0.0459825,0.0459004,0.0456269,0.0453175,0.044757,0.0361089,0.0347208,0.0332198,0.0316179,0.0298395,0.0279005,
0.0299735,0.0317233,0.0332249,0.0350374,0.0366396,0.0383433,0.0491215,0.0497057,0.0500774,0.0504288,0.0504947,0.050401,0.0501439,0.0497004,0.0492333,0.0384617,0.0367726,0.0350675,0.0333218,0.0317119,0.0300227,
0.0263533,0.0273634,0.0283084,0.0292234,0.030517,0.0322835,0.0664357,0.0694138,0.0717598,0.0731606,0.0735651,0.0731933,0.0717074,0.0691989,0.0661473,0.0314109,0.0299358,0.0287944,0.0277586,0.0268158,0.0262444,
0.0301429,0.0315319,0.0329945,0.0341751,0.0356376,0.0370782,0.0472813,0.0479424,0.0483177,0.0485596,0.0486903,0.0486933,0.0483697,0.047969,0.0473693,0.0371644,0.0358769,0.0345865,0.0332115,0.0317549,0.0303684,
0.0453021,0.0503192,0.0549132,0.0589013,0.0621031,0.0647197,0.067179,0.0672115,0.0672868,0.0672741,0.06741,0.0673978,0.0672429,0.0671926,0.0670996,0.0638793,0.0613169,0.0579439,0.0540455,0.0493964,0.0443473,
0.0482655,0.0516764,0.0551503,0.0587069,0.0627268,0.0668649,0.0959448,0.097148,0.098144,0.0987381,0.0987759,0.098524,0.0978084,0.0967558,0.0954178,0.0656236,0.0615465,0.0573302,0.0536558,0.0497945,0.0466096,
0.03809,0.0408074,0.0437699,0.0468564,0.0501508,0.0535531,0.0866759,0.0888,0.0903185,0.091294,0.0914885,0.0911793,0.0902288,0.0886261,0.0866477,0.0538291,0.0503102,0.0470124,0.0438103,0.0408957,0.0381756,
0.0403353,0.045894,0.0505112,0.0548823,0.0585958,0.0619412,0.0788731,0.07981,0.0806756,0.081181,0.0812325,0.080937,0.0801306,0.0792422,0.0779143,0.0617422,0.0584785,0.0548209,0.0505283,0.0458576,0.0407134,
0.0327309,0.0341874,0.0359937,0.0377966,0.0402693,0.0429298,0.0678058,0.0684037,0.0686848,0.068856,0.068916,0.068931,0.06874,0.0683855,0.0678032,0.0427795,0.0400317,0.0375995,0.0359053,0.0341833,0.0327367,
0.033474,0.0361527,0.0388694,0.0416797,0.0442202,0.04709,0.0725693,0.0741688,0.0755884,0.076405,0.076676,0.0764672,0.0757057,0.0743799,0.0727386,0.0476504,0.0449231,0.0422731,0.0395266,0.036785,0.0340009,
0.0221515,0.0220033,0.0219143,0.0216403,0.0214642,0.0211863,0.0208629,0.021133,0.0213893,0.021386,0.021313,0.0213912,0.0211534,0.0211543,0.021143,0.0211469,0.0216478,0.0219507,0.0220499,0.0223611,0.0224371,
0.0414777,0.0430364,0.044494,0.045752,0.0469359,0.0481807,0.0591281,0.0598379,0.0603263,0.0607015,0.060819,0.0606493,0.0602289,0.059578,0.0588394,0.0477685,0.0465379,0.0452467,0.0440323,0.0426476,0.0410432,
0.0737308,0.0804355,0.0856048,0.0901826,0.093526,0.0963698,0.1197759,0.1217822,0.1233031,0.1242053,0.1245088,0.1241456,0.123102,0.1215423,0.1193418,0.0954688,0.0923523,0.0888456,0.0840964,0.0785505,0.0721188,
0.0413172,0.0434659,0.0451839,0.0467801,0.0479721,0.0491827,0.0602928,0.0611543,0.0617086,0.0621669,0.0623234,0.0622765,0.0619829,0.0614645,0.0608267,0.0498876,0.0488509,0.0473652,0.0457981,0.0441322,0.0419934,
0.0267449,0.02714,0.0277596,0.0286807,0.0298157,0.0308817,0.0233325,0.0224707,0.0222242,0.022203,0.0222485,0.0224139,0.0225799,0.0231358,0.0242884,0.032262,0.030971,0.0296971,0.0286846,0.0278898,0.0272866,
0.0302659,0.0342272,0.0385725,0.0430083,0.0474276,0.051763,0.082437,0.0836601,0.0846446,0.0852152,0.0853634,0.0853016,0.0847181,0.0839255,0.0825488,0.0516057,0.0472394,0.0426796,0.0384217,0.0339168,0.0300613,
0.0362162,0.0382049,0.0400124,0.0418509,0.043508,0.0449071,0.0546932,0.0552308,0.055512,0.0558667,0.0558677,0.0557813,0.0555682,0.0552252,0.0547061,0.0450241,0.0435664,0.0419528,0.0401328,0.0383849,0.0362857,
0.0320504,0.0331438,0.0343183,0.0355274,0.0367403,0.0381072,0.050702,0.0515827,0.0521496,0.0525436,0.0526112,0.0525118,0.0521347,0.0514755,0.0507203,0.0380127,0.0367446,0.0353905,0.034193,0.0330478,0.031827,
0.0307891,0.0333133,0.0361215,0.0398805,0.0439225,0.0482918,0.090249,0.0921873,0.0936451,0.0945854,0.0949858,0.0948653,0.0941223,0.0929005,0.0911494,0.0497756,0.0450587,0.0406034,0.0368759,0.0336385,0.0309184,
0.0162286,0.0181612,0.0212888,0.0253061,0.0306323,0.0364407,0.0809728,0.0824847,0.0835197,0.0840737,0.0842634,0.0839825,0.0834032,0.0823461,0.0808996,0.0362918,0.0307067,0.0255618,0.0216645,0.0183984,0.0163213,
0.0347589,0.0383219,0.0420385,0.0459444,0.0499097,0.0536919,0.0796309,0.0809127,0.0818279,0.0824284,0.0826727,0.0825877,0.0821563,0.0813452,0.0802515,0.0543533,0.0505871,0.0467685,0.0428577,0.0391117,0.0352713,
0.0176116,0.0234361,0.029728,0.0374227,0.0453854,0.0536754,0.0802103,0.0809363,0.0816631,0.0820874,0.0822586,0.0822123,0.0817683,0.081223,0.0806618,0.0549783,0.0466659,0.0385222,0.0305486,0.0239832,0.0188079,
0.0458966,0.0470238,0.0480395,0.0490144,0.0501686,0.0512029,0.0575394,0.0579873,0.0581229,0.0583585,0.0585182,0.0583866,0.058092,0.0578918,0.0575576,0.0511254,0.0500788,0.0491084,0.0482987,0.047162,0.0461319,
0.0330249,0.0357408,0.0385777,0.0414146,0.0443199,0.0471465,0.065362,0.0659894,0.0664524,0.066648,0.0667692,0.0666625,0.0663611,0.0659688,0.0652653,0.0465646,0.0436822,0.0408251,0.0380205,0.0352268,0.032568,
0.0422526,0.0442595,0.0461316,0.0481763,0.050301,0.0527109,0.0774549,0.078907,0.0799435,0.0806246,0.0808352,0.0806023,0.0798474,0.078788,0.0773507,0.052274,0.0498821,0.0477366,0.0456989,0.0437459,0.0418251,
0.0325934,0.0334334,0.0349145,0.0377015,0.0411746,0.0453837,0.0802725,0.0809787,0.0815512,0.0818567,0.0819861,0.0819048,0.0816438,0.081244,0.0804529,0.0459449,0.0418407,0.0381835,0.0355418,0.0341195,0.0333541,
0.0321658,0.0351763,0.0384396,0.0414807,0.0445899,0.0474868,0.066683,0.0674874,0.0680614,0.0685589,0.0687008,0.0684412,0.067955,0.06732,0.0664867,0.0471585,0.0443238,0.0411792,0.0381685,0.0352712,0.0323169,
0.0403201,0.0437915,0.0467867,0.049541,0.0519485,0.0542347,0.0690835,0.0701156,0.0710209,0.0716067,0.0718723,0.0717475,0.0711246,0.0703866,0.0694063,0.0543922,0.0520794,0.0494452,0.0465725,0.0433799,0.0398979,
0.0355947,0.0372692,0.0388455,0.0405293,0.0421365,0.0437462,0.0534869,0.0539763,0.0542036,0.0543725,0.0544669,0.0543877,0.0542244,0.0538962,0.0535013,0.0437312,0.0421215,0.0405176,0.0388325,0.0371008,0.0355796,
0.0389321,0.0410928,0.0434423,0.0456314,0.0480216,0.0508691,0.0725333,0.0733791,0.0740313,0.0743608,0.074451,0.0743114,0.0740558,0.0733334,0.0725638,0.0507305,0.048107,0.0455894,0.0435478,0.0411709,0.0392478,
0.0426536,0.0483471,0.0534206,0.0572398,0.0604927,0.0627976,0.0699791,0.0706659,0.0712019,0.071595,0.0716685,0.0714633,0.0709914,0.0706989,0.0701001,0.0638521,0.0613653,0.0582039,0.0537863,0.0490404,0.0431993,
0.0385202,0.0413288,0.0435839,0.0455151,0.0471074,0.0484388,0.0621934,0.063377,0.0642848,0.0648106,0.0650096,0.064854,0.0642518,0.0634069,0.0622595,0.0487214,0.0472615,0.045717,0.043915,0.0418333,0.0386066,
0.0260001,0.0257558,0.0255777,0.0254778,0.025416,0.0253515,0.0268878,0.0268932,0.0272038,0.0271944,0.0272447,0.027175,0.0271293,0.0268662,0.0268369,0.0252537,0.0252585,0.0254211,0.0254833,0.0256667,0.0258929,
0.0288805,0.02932,0.029962,0.0305975,0.0314661,0.0324857,0.0355916,0.034627,0.0335898,0.0330718,0.0329672,0.0330086,0.0333026,0.0341444,0.0349029,0.0318384,0.0310733,0.0302373,0.0297044,0.0292593,0.0290835,
0.0533113,0.0570718,0.060577,0.0635434,0.0660713,0.0686078,0.0862586,0.0866405,0.0870091,0.0871861,0.0872901,0.0871418,0.0869635,0.0868368,0.0862543,0.0683146,0.0658514,0.0631928,0.0600828,0.0565862,0.0524723,
0.024378,0.0263227,0.028908,0.0321488,0.035672,0.0398922,0.0809363,0.0835952,0.0855374,0.0868321,0.0872443,0.0868685,0.0856249,0.0835889,0.0810733,0.039727,0.0354837,0.0316253,0.028509,0.025858,0.0240918,
0.0462173,0.0500316,0.053582,0.0568269,0.059797,0.0626469,0.0870868,0.0892156,0.0909253,0.0919008,0.092278,0.0918082,0.0907094,0.0889392,0.0866108,0.0622079,0.0593935,0.0563336,0.0530192,0.0495709,0.0458761,
0.040057,0.0411894,0.0424329,0.0433237,0.0443522,0.0453217,0.0511035,0.0513768,0.0515537,0.0516545,0.051915,0.0517334,0.0516883,0.0515002,0.051088,0.0450868,0.0442803,0.0432138,0.0421658,0.0409311,0.039685,
0.0310815,0.036514,0.0426781,0.0485736,0.0535249,0.0577522,0.077989,0.0815693,0.0845368,0.0864714,0.0871409,0.0864429,0.0845242,0.0814038,0.0776531,0.0581102,0.053929,0.0489288,0.04333,0.0375314,0.0313281,
0.0395696,0.0412931,0.0429036,0.0442013,0.0452926,0.0461097,0.0499116,0.0501304,0.050366,0.0505389,0.0504917,0.0504932,0.0503279,0.0501867,0.0498485,0.0455921,0.0446176,0.04361,0.0421316,0.0405354,0.0387404,
0.0337071,0.0356779,0.0373018,0.038573,0.0397215,0.0407957,0.051305,0.0522102,0.0529365,0.0533373,0.0535,0.0532593,0.0528714,0.0522323,0.0513312,0.0398456,0.0385823,0.0373869,0.0360406,0.0343678,0.0326538,
0.0286026,0.0319581,0.0353582,0.0391594,0.0428675,0.0465959,0.0703899,0.071207,0.0717605,0.0721418,0.0721921,0.0720394,0.0717502,0.071243,0.0704347,0.0470224,0.043221,0.0393329,0.0355718,0.0318518,0.0286647,
0.0403651,0.0421138,0.0439873,0.0458763,0.0479065,0.0499251,0.0657256,0.0666251,0.0673963,0.0677612,0.0679697,0.0678207,0.0674495,0.0668716,0.0661336,0.0501444,0.0480436,0.0459751,0.0438571,0.0420839,0.0401686,
0.0401678,0.0436455,0.0467942,0.049853,0.0525563,0.0549625,0.0774568,0.0791638,0.0803741,0.0811665,0.0814115,0.0811054,0.0803503,0.0790992,0.0775012,0.0542891,0.0518118,0.0490708,0.046115,0.0429225,0.0397055,
0.0204747,0.0257645,0.031187,0.0362091,0.0410514,0.0450099,0.0613369,0.0622422,0.0631178,0.0635594,0.0638278,0.063697,0.0633422,0.0627684,0.0619581,0.0460618,0.0419687,0.0368874,0.0315231,0.0262659,0.0208168,
0.0278468,0.0327723,0.0380619,0.0433497,0.0485788,0.0534331,0.0750834,0.0747934,0.0745664,0.0745164,0.0745415,0.0746805,0.0750114,0.0753961,0.0757042,0.0540176,0.0491984,0.0437335,0.0381432,0.0330153,0.0278793,
0.0527105,0.0612126,0.0689364,0.0758406,0.0818996,0.0867714,0.0893442,0.08837,0.0879191,0.087448,0.0873313,0.0874308,0.0878085,0.0883027,0.0892231,0.0867781,0.0818337,0.0757083,0.0687787,0.0610016,0.0524705,
0.0320243,0.0395051,0.0476703,0.0554149,0.0624818,0.0681243,0.0990204,0.1030915,0.1065601,0.1088901,0.1098032,0.1092197,0.1072543,0.1040286,0.1001101,0.0695663,0.063696,0.0567353,0.0486115,0.0402481,0.0324933,
0.0383414,0.0404542,0.042183,0.0437831,0.0451991,0.0464995,0.0551847,0.0556633,0.0560117,0.0562553,0.0563429,0.0561986,0.0558392,0.0553849,0.0549056,0.0465131,0.0452686,0.0438658,0.0423299,0.0405757,0.0385784,
0.034705,0.0374126,0.0403619,0.0433369,0.046338,0.0496622,0.0773371,0.0789859,0.080214,0.0810252,0.0813646,0.0810852,0.0803982,0.0793084,0.0777022,0.0499365,0.0467375,0.0434765,0.040456,0.0374738,0.0346292,
0.0377836,0.0412751,0.0452852,0.0493144,0.0537429,0.0582638,0.0912271,0.0925762,0.0936168,0.0942457,0.0944986,0.0943652,0.0937582,0.0927568,0.0914298,0.0581876,0.0537666,0.049305,0.0452395,0.0411419,0.0374802,
0.0276077,0.0279205,0.0281132,0.0282906,0.0282209,0.0281253,0.0293121,0.0294629,0.0297301,0.0298003,0.0297824,0.029804,0.0296637,0.0296636,0.0294061,0.0281153,0.0282719,0.0283108,0.0282821,0.0281672,0.0277456,
0.039002,0.0426437,0.0464427,0.0506962,0.0548193,0.0594366,0.102038,0.1044792,0.1063992,0.1076434,0.1080039,0.1076377,0.1063584,0.1044445,0.1019366,0.0594345,0.0548808,0.0506737,0.0465562,0.0427989,0.0392574,
0.0239364,0.0250413,0.0262848,0.0280977,0.0300789,0.032622,0.0696236,0.072269,0.0743324,0.0756136,0.0760473,0.0756479,0.0744103,0.0723094,0.0696505,0.0323466,0.0298591,0.0275079,0.0259347,0.0249962,0.0235462,
0.0368196,0.0393899,0.0419188,0.0446365,0.0472789,0.0497064,0.072133,0.0734243,0.0744543,0.0750967,0.0753132,0.0751327,0.0745244,0.0735706,0.0723264,0.0510452,0.0486459,0.0460722,0.043598,0.040943,0.0381734,
0.0387843,0.0420626,0.0446834,0.0470484,0.0489465,0.0506502,0.0599944,0.0608177,0.0614158,0.0619022,0.0620777,0.0618985,0.0614338,0.0608864,0.0600857,0.051351,0.0497645,0.0477465,0.0452441,0.0424252,0.0390262,
0.0459261,0.0489174,0.0518549,0.0542447,0.056003,0.0578878,0.0752697,0.0763074,0.0771388,0.0776294,0.0777813,0.0775561,0.0770742,0.0763092,0.0750999,0.0575348,0.0556103,0.0536733,0.0515416,0.048944,0.0460323,
0.0368776,0.0375127,0.0379822,0.0382917,0.0385047,0.0385946,0.0382605,0.038367,0.0384878,0.0386572,0.0386509,0.0386808,0.0385672,0.038488,0.0384094,0.0388838,0.0388653,0.0387384,0.0384635,0.0379429,0.0373087,
0.0351764,0.0365927,0.0379908,0.0394219,0.0408633,0.042342,0.0530827,0.0537076,0.0542678,0.0546348,0.0547567,0.0546821,0.0544742,0.0540517,0.0536324,0.0426245,0.041058,0.0395017,0.0381931,0.0366821,0.0353401,
0.0473637,0.0507405,0.0534939,0.0559448,0.0581234,0.0603523,0.0902323,0.0928688,0.0948395,0.0960424,0.0965333,0.096208,0.095062,0.093202,0.0908099,0.0608753,0.0585293,0.0562731,0.0538893,0.0509369,0.0476821,
0.035703,0.0385518,0.0419995,0.0454616,0.0493159,0.0533263,0.0875778,0.0889893,0.0899648,0.0904953,0.0906901,0.0904304,0.089886,0.0888532,0.0875196,0.0536774,0.0496017,0.045749,0.0423172,0.0389093,0.0360228,
0.0380365,0.0422821,0.0462211,0.0498546,0.0527261,0.055295,0.0723659,0.0734171,0.07421,0.0746927,0.0748835,0.0747664,0.0743699,0.0736265,0.0726455,0.0557389,0.0531562,0.0501526,0.0466679,0.0426241,0.0383093,
0.0246159,0.0239932,0.0234326,0.0229726,0.0225407,0.0223101,0.0227789,0.0229341,0.0230641,0.0231348,0.0231527,0.0231059,0.0230995,0.0229437,0.0228498,0.022566,0.0228137,0.023202,0.0236882,0.0242511,0.024933,
0.0393008,0.0409931,0.0425321,0.0444651,0.0464109,0.0488773,0.0743048,0.0751714,0.0758986,0.0762361,0.0763048,0.0762098,0.0757849,0.0751772,0.0742031,0.048735,0.0462743,0.0439495,0.0422913,0.0406612,0.0388601,
0.0456077,0.0484465,0.0510745,0.0537695,0.0561589,0.0585593,0.0759999,0.0769314,0.0777117,0.0782058,0.0783661,0.0781376,0.0776217,0.0769112,0.0758417,0.0587723,0.0562722,0.0538058,0.05124,0.0482882,0.0456306,
0.028271,0.0288935,0.0295243,0.0302158,0.0309232,0.0316907,0.040315,0.0408941,0.0413538,0.0416522,0.041737,0.0416274,0.0413056,0.0408726,0.040261,0.0314681,0.0306653,0.029894,0.0292404,0.028526,0.02791,
0.0531554,0.0561978,0.0587919,0.0610061,0.0628118,0.0643,0.0749682,0.0757208,0.0763821,0.0767725,0.0769224,0.0768066,0.0764894,0.0757966,0.0751879,0.0635195,0.0621329,0.060345,0.0583594,0.0557682,0.0527493,
0.0429473,0.0444231,0.0457992,0.0469246,0.0479169,0.048941,0.058282,0.0589645,0.0595444,0.0598933,0.0599975,0.0598674,0.0595729,0.0590239,0.058314,0.0487906,0.0477595,0.0467234,0.0457441,0.044279,0.0428621,
0.0330153,0.0341868,0.0351235,0.0359159,0.0368719,0.0375923,0.0420067,0.0423023,0.042399,0.0425231,0.0426664,0.0425388,0.0423363,0.0421578,0.0419019,0.0374645,0.0366758,0.0359184,0.0352033,0.0341644,0.0330819,
0.0203117,0.0196746,0.0190212,0.0184885,0.0179291,0.0173523,0.015862,0.015948,0.0159428,0.0161673,0.0160378,0.0161333,0.0159314,0.0159422,0.0159014,0.0172909,0.0181567,0.0186265,0.0191736,0.0197756,0.0204333,
0.0362505,0.0367556,0.037057,0.0372263,0.0373054,0.037124,0.0369254,0.0370756,0.0373175,0.0373447,0.0374084,0.0373622,0.037263,0.037166,0.037106,0.0369646,0.0370879,0.0371006,0.0369371,0.0366449,0.0360978,
0.0329905,0.0332093,0.0333524,0.0333675,0.0336556,0.033528,0.0343305,0.0345643,0.0345606,0.0347806,0.0348155,0.034797,0.0347497,0.0344507,0.0343249,0.0334688,0.0333977,0.0334407,0.0333324,0.0331391,0.0329807,
0.0384183,0.043168,0.047423,0.051306,0.0547069,0.057659,0.0781648,0.0795163,0.0805373,0.0811848,0.0814429,0.0811967,0.0806248,0.0795821,0.0782902,0.0581499,0.0552106,0.0519032,0.0480142,0.0437563,0.0386991,
0.0411481,0.0446594,0.0480082,0.0511275,0.053981,0.056929,0.1023125,0.1055567,0.1080333,0.1096249,0.1101124,0.1096161,0.1082223,0.1057941,0.1026326,0.0584904,0.0552883,0.0524021,0.0493089,0.0459301,0.0422307,
0.0277693,0.0271142,0.0264392,0.0257692,0.0250621,0.0245435,0.0239021,0.0239212,0.0240923,0.0241435,0.0242122,0.0240197,0.0240009,0.0238914,0.0237785,0.0246407,0.0252984,0.0258617,0.0266019,0.0274159,0.0280095,
0.0403041,0.0431108,0.045398,0.0473514,0.049054,0.0504708,0.0567427,0.0570053,0.0572137,0.0574007,0.057511,0.0574447,0.0573556,0.0571922,0.0568465,0.0504593,0.0491657,0.0473183,0.0451971,0.0428186,0.0401681,
0.0240141,0.0239784,0.0239747,0.0235306,0.0232083,0.0224511,0.0150217,0.0150322,0.0151684,0.0151301,0.0152437,0.0152149,0.0149886,0.0153015,0.0151034,0.0222368,0.0229474,0.0236141,0.0238453,0.0241316,0.0240396,
0.0313984,0.0401819,0.0498187,0.0599544,0.0693525,0.0776662,0.0823218,0.0820332,0.0819157,0.0818586,0.0817986,0.0817987,0.0816781,0.0816703,0.0820072,0.0776892,0.0693137,0.0598642,0.0497107,0.0400251,0.0314535,
0.025214,0.0277967,0.0307933,0.0343701,0.0381878,0.042389,0.0794954,0.0815276,0.0829598,0.0838408,0.0842386,0.0839698,0.0832806,0.0819345,0.0801395,0.0428793,0.0387294,0.0345278,0.031096,0.0278514,0.0254983,
0.039479,0.0429783,0.0462377,0.0496688,0.0526998,0.0559649,0.0765368,0.0775866,0.0786738,0.079075,0.0792231,0.0790622,0.0784189,0.0775175,0.0764535,0.055288,0.052219,0.0489335,0.0457392,0.0424934,0.0390908,
0.0374652,0.0419751,0.046491,0.0498327,0.0525147,0.0545273,0.066506,0.067786,0.0687168,0.0694709,0.0695935,0.0693316,0.0686711,0.0675613,0.0663376,0.0541873,0.0520661,0.0494353,0.0462911,0.0424777,0.0377595,
0.0360224,0.0380103,0.0398106,0.041436,0.0429547,0.0443504,0.0560018,0.0568022,0.057381,0.0577343,0.0579586,0.0577619,0.0573764,0.0568848,0.0561685,0.0445493,0.0430905,0.0415477,0.0399688,0.0381677,0.0363533,
0.0310976,0.0327468,0.0343385,0.0359304,0.0374209,0.0391249,0.0531433,0.0541734,0.0548428,0.0552034,0.0553965,0.0553068,0.0548897,0.0542756,0.0533113,0.0390061,0.0373102,0.0357697,0.0341569,0.0327423,0.0310477,
0.0367416,0.0379422,0.0391794,0.0403179,0.041389,0.0423024,0.048542,0.0487258,0.0490003,0.0491405,0.0491515,0.0491219,0.0490174,0.0488108,0.0484652,0.0424633,0.041425,0.0403749,0.0391584,0.0379373,0.0365478,
0.0350186,0.0367712,0.0387654,0.0407517,0.0426725,0.0446638,0.0554112,0.0557148,0.0560333,0.0559609,0.0560777,0.0561284,0.0558435,0.0556905,0.0554814,0.0447102,0.0427615,0.0407358,0.0387237,0.0366012,0.0348019,
0.0413018,0.0438866,0.0465209,0.0488238,0.0513152,0.0539395,0.0766716,0.0779794,0.0788717,0.0795476,0.0797139,0.0794151,0.0788151,0.0777585,0.0763847,0.0534248,0.0507989,0.0480458,0.045503,0.0428228,0.040302,
0.0423879,0.0451686,0.04779,0.0500832,0.0520736,0.0537997,0.066506,0.0673429,0.0678024,0.0682147,0.0683473,0.0681723,0.0679507,0.0673914,0.0664701,0.0534274,0.0516469,0.0495856,0.0473127,0.0448248,0.0416747,
0.0450216,0.0475671,0.0499577,0.0523514,0.0547796,0.0570535,0.0762579,0.0777135,0.0786544,0.0792359,0.0794487,0.0792092,0.0786947,0.0775545,0.0761574,0.0565777,0.0544056,0.0520248,0.0496209,0.0470534,0.0443007,
0.0487289,0.0531615,0.0563302,0.0593117,0.0615009,0.0638065,0.101368,0.1049188,0.1076939,0.1094244,0.1099809,0.1094005,0.107602,0.1047734,0.1012077,0.0634993,0.0610311,0.0583872,0.0552702,0.0517465,0.0475325,
0.0495904,0.0531961,0.0568221,0.0604647,0.064319,0.0679797,0.091699,0.0926287,0.093443,0.0938214,0.0939276,0.0938042,0.0934016,0.0926787,0.09173,0.0686584,0.0649107,0.0612465,0.0574512,0.0538668,0.0502604,
0.043632,0.0470461,0.0496308,0.0518347,0.05391,0.0555746,0.072851,0.0741744,0.0751008,0.07562,0.0757572,0.0755482,0.0750332,0.0741202,0.0729171,0.0554058,0.0535954,0.0515963,0.0492639,0.0466042,0.0431576,
0.0330462,0.0348312,0.0369986,0.0391818,0.0414635,0.0438656,0.0635863,0.0646047,0.0653716,0.0657906,0.0659491,0.0656483,0.0652176,0.064359,0.0633171,0.0434143,0.041109,0.0389228,0.0367461,0.0346887,0.0328608,
0.0390357,0.0420228,0.0449781,0.0479699,0.0507779,0.053194,0.0688256,0.0695453,0.0701912,0.0704795,0.0706766,0.070479,0.0702207,0.0695332,0.0687234,0.0536468,0.0512421,0.0484552,0.0456614,0.0427108,0.0398417,
0.0336348,0.0353443,0.0367019,0.0382402,0.0396304,0.0409395,0.0493428,0.0497413,0.0503567,0.0504749,0.0505029,0.0504975,0.0502655,0.0496892,0.0492174,0.0403578,0.0391866,0.0377186,0.0361969,0.0346318,0.0329601,
0.061568,0.065463,0.0693783,0.0730526,0.0767593,0.0809146,0.1097046,0.1103089,0.1107083,0.1108081,0.1108557,0.1108028,0.1104613,0.1099587,0.1094543,0.0801247,0.0758804,0.0718532,0.0681681,0.0643723,0.0600654,
0.0534795,0.0618464,0.0701485,0.0769909,0.0829727,0.0871791,0.0958918,0.0958886,0.0960938,0.0960972,0.0960217,0.095995,0.0959444,0.0958127,0.0953745,0.0847153,0.0803342,0.0745234,0.0678005,0.0598947,0.051563,
0.0520556,0.0584825,0.0644461,0.0697626,0.07394,0.0771823,0.077941,0.0776402,0.0778527,0.0779052,0.0778684,0.0778675,0.0776754,0.0776233,0.0777893,0.0765027,0.0730822,0.0687767,0.0635957,0.0574334,0.0508482,
0.0290386,0.0295523,0.0301558,0.0307419,0.0312379,0.0316379,0.0351433,0.0353648,0.0354958,0.0356769,0.0356986,0.0356272,0.0355706,0.0353586,0.0351438,0.031601,0.0311442,0.0307653,0.0302012,0.0296059,0.0291389,
0.0311819,0.0309413,0.0315931,0.0327454,0.0350742,0.0385923,0.0827501,0.0837567,0.0841413,0.0842902,0.0842589,0.084297,0.0841084,0.0837248,0.0828866,0.0386299,0.0355127,0.0331473,0.0318237,0.0315016,0.0316441,
0.0434647,0.0502416,0.0568705,0.0617625,0.0653267,0.0678323,0.0894306,0.0916504,0.093247,0.093974,0.0942273,0.0940054,0.0933093,0.0919353,0.0897549,0.0686917,0.0662403,0.0627681,0.0578124,0.0512306,0.043777,
0.0293755,0.0310238,0.033085,0.0348735,0.0368331,0.0387225,0.0532141,0.0540178,0.0547409,0.0551488,0.0550772,0.0550194,0.0545838,0.0539509,0.0531558,0.0384609,0.0365652,0.0346633,0.0325726,0.0307906,0.0290135,
0.0259612,0.0279913,0.0305786,0.0333417,0.0364128,0.039587,0.076431,0.0789815,0.0809341,0.0821633,0.0825283,0.0820779,0.0808052,0.0788066,0.0761522,0.038971,0.0356993,0.0325747,0.0298775,0.0272332,0.0252238,
0.0232669,0.0226354,0.0221392,0.0215932,0.0214108,0.0212247,0.0226652,0.0228125,0.0228389,0.0229329,0.0230763,0.0231443,0.0229431,0.0228696,0.0226131,0.0215436,0.0216683,0.0220932,0.0224677,0.0230112,0.0236783,
0.0318086,0.0333029,0.0350297,0.0371455,0.0398361,0.0430388,0.0896016,0.0919788,0.0936528,0.0946131,0.0949055,0.0946275,0.0935924,0.0919203,0.0896095,0.0433915,0.0402743,0.037569,0.0353755,0.0335859,0.0319259,
0.0358991,0.0373545,0.038838,0.0401089,0.0411939,0.0422297,0.0492671,0.0496571,0.0500106,0.0501235,0.050231,0.0501948,0.0499152,0.0496631,0.0492862,0.0422389,0.0411965,0.0398958,0.0387307,0.0372161,0.0358422,
0.0385228,0.041411,0.044384,0.047531,0.0509509,0.0542981,0.0855211,0.0873253,0.0887935,0.0895604,0.0898075,0.089559,0.0887988,0.0874536,0.0856629,0.0540537,0.0505827,0.0472751,0.0440058,0.0408855,0.0379129,
0.032756,0.0414449,0.0502603,0.0590466,0.0662348,0.0721927,0.0820824,0.0825401,0.0827674,0.0830776,0.0830511,0.082875,0.0825531,0.0821569,0.0814781,0.0710374,0.0653668,0.0580902,0.0497848,0.0407368,0.032292,
0.025465,0.0270688,0.0291648,0.0317935,0.0352021,0.0391087,0.0706582,0.0714285,0.0718278,0.0721263,0.0721773,0.072097,0.0719322,0.071502,0.0707653,0.0391248,0.0351863,0.0317828,0.0289866,0.0267375,0.0253779,
0.0483242,0.0550366,0.0614554,0.0672881,0.0722159,0.0764549,0.0812063,0.0807834,0.0801733,0.0798166,0.0796456,0.0798019,0.0803201,0.0808061,0.0813906,0.0760227,0.0718628,0.0667817,0.0608322,0.0543154,0.0475272,
0.0380223,0.0400487,0.0421658,0.0444534,0.0469276,0.0499708,0.0786175,0.080111,0.0812673,0.081852,0.0821474,0.0819084,0.0811899,0.080094,0.0786218,0.0496205,0.0466692,0.044107,0.0417849,0.0396534,0.0376309,
0.0344604,0.0372793,0.0403032,0.0433435,0.0466048,0.0498566,0.0708232,0.0714874,0.0720556,0.0722838,0.0723141,0.0722861,0.0721086,0.0715445,0.0708451,0.0497168,0.0465672,0.0432711,0.0400338,0.0368755,0.0344563,
0.0292322,0.0291508,0.0288141,0.028707,0.0283232,0.0282278,0.0298924,0.0302047,0.0304319,0.0305338,0.0305501,0.0305327,0.0304568,0.0302714,0.0299181,0.0282023,0.0283064,0.0284603,0.0287565,0.0290196,0.0290648,
0.0188464,0.0186872,0.0186466,0.0186755,0.01873,0.0187163,0.019988,0.0201388,0.0201657,0.0203563,0.0204254,0.0204205,0.0203815,0.0202609,0.0199456,0.0187668,0.0189053,0.0187872,0.0188225,0.0187719,0.018953,
0.0440566,0.0468669,0.0487929,0.0509913,0.0531255,0.0552491,0.0771816,0.0789064,0.0801971,0.0809437,0.0811871,0.0808834,0.0801048,0.0788535,0.0772154,0.0553323,0.053169,0.0510642,0.0493243,0.0470717,0.0446859,
0.0437006,0.0469229,0.0498961,0.0520771,0.053933,0.0552319,0.0532589,0.0529738,0.0529099,0.05271,0.0528296,0.0527835,0.0528351,0.0529577,0.0532593,0.055039,0.0537831,0.0519054,0.0496804,0.0466887,0.0433599,
0.0130806,0.014838,0.0173001,0.0203646,0.0240998,0.0281474,0.0679202,0.06918,0.070105,0.0704851,0.0706365,0.0705336,0.0702336,0.0694975,0.068299,0.028967,0.0248406,0.021274,0.0176171,0.0154828,0.0136946,
0.0491903,0.0533712,0.0573675,0.0599259,0.0624134,0.0641666,0.0942081,0.0974771,0.1000821,0.1015757,0.1020288,0.1015003,0.0996895,0.0970239,0.0936121,0.0636287,0.0618791,0.0596345,0.0569452,0.0532305,0.0487011,
0.0342014,0.0375835,0.040342,0.0430454,0.0454744,0.0474441,0.0598988,0.0608431,0.0615122,0.0620245,0.0621995,0.062005,0.0615273,0.0606815,0.0599411,0.0475801,0.0455315,0.0431968,0.0404323,0.037422,0.0341014,
0.0387846,0.0414752,0.0440385,0.0467299,0.0492341,0.0513352,0.0669727,0.0681102,0.0687333,0.0692089,0.0693796,0.0692028,0.0686387,0.0679898,0.0670289,0.051565,0.0493554,0.0470216,0.0443832,0.0415505,0.038817,
0.0428044,0.0451765,0.0474479,0.0495843,0.0514157,0.0532708,0.0647114,0.0652002,0.0655942,0.0657645,0.0659512,0.0658564,0.0655203,0.0650578,0.0646087,0.0528793,0.051006,0.0490709,0.0469012,0.0446679,0.0422065,
0.0304903,0.0331635,0.0360477,0.0389418,0.0419844,0.0450327,0.0719831,0.0737235,0.075239,0.0759413,0.0762545,0.0759151,0.0750754,0.0735806,0.0718407,0.0447114,0.0417733,0.0388961,0.0359682,0.0330376,0.0304146,
0.0305489,0.0316632,0.0325037,0.0337999,0.0347734,0.0358356,0.0461869,0.046862,0.0473497,0.0476661,0.0477792,0.0476499,0.0473384,0.0469112,0.0461889,0.0358719,0.0348185,0.0336044,0.0325257,0.0314049,0.0302688,
0.0334307,0.0355222,0.0376506,0.0400541,0.0423415,0.0444757,0.0584728,0.0591588,0.0596677,0.0600705,0.0602105,0.0601647,0.0598377,0.0594042,0.0587081,0.044909,0.0428934,0.0405645,0.0381708,0.0360239,0.0337305,
0.0349729,0.0344417,0.03482,0.036451,0.0387954,0.0425092,0.0891307,0.0909848,0.0922771,0.0928906,0.0930817,0.0927959,0.0922555,0.0909351,0.08915,0.0422931,0.0389066,0.0365085,0.0352504,0.0348501,0.0350728,
0.0375102,0.037912,0.0381595,0.0383457,0.0384848,0.0384509,0.0403469,0.0406043,0.0409374,0.0408232,0.0409876,0.0409676,0.0408353,0.0405661,0.04033,0.038604,0.0384695,0.0384809,0.0383948,0.0381331,0.0377212,
0.0380387,0.038898,0.0396179,0.0405145,0.0411926,0.0418783,0.0467547,0.0468038,0.0469721,0.0470788,0.0471952,0.0471903,0.0470645,0.0468238,0.0465494,0.0420681,0.0413423,0.0406934,0.0400684,0.0389968,0.0382918,
0.0457928,0.0493749,0.0525781,0.0550567,0.0572919,0.0591435,0.0713921,0.0724645,0.07309,0.0737297,0.0739675,0.073743,0.0732306,0.0721677,0.071175,0.0588225,0.0567267,0.0546874,0.0522125,0.0491498,0.0454233,
0.0342378,0.0356579,0.0371782,0.0383251,0.0397269,0.0408346,0.0512612,0.0518832,0.0522872,0.0526152,0.0527273,0.0527936,0.0524982,0.0521401,0.0516497,0.0417935,0.0405055,0.039381,0.0380667,0.0366161,0.0351968,
0.0460085,0.050475,0.0544019,0.0574984,0.0602686,0.0622738,0.0736517,0.0743407,0.0748734,0.0753106,0.0754989,0.075391,0.0748778,0.0742701,0.0735732,0.0620076,0.0597921,0.0571858,0.0540891,0.0502407,0.0457343,
0.0177713,0.0226537,0.0284874,0.0355791,0.0431575,0.0513229,0.0777023,0.0761751,0.0748778,0.0741958,0.0740815,0.0744897,0.0754618,0.076979,0.0787053,0.0520226,0.0438242,0.0360918,0.0289463,0.0228724,0.0176954,
0.0403234,0.0449907,0.0493659,0.0532399,0.0563695,0.0592005,0.0690863,0.0693869,0.0697044,0.0699831,0.0699696,0.0699299,0.0696871,0.0695232,0.0691073,0.0592976,0.0565505,0.0532319,0.0494142,0.0450133,0.0402513,
0.028002,0.0357964,0.0446461,0.0541574,0.0641229,0.0737007,0.1092842,0.10918,0.1090222,0.1088043,0.1086077,0.1085268,0.1084869,0.1086498,0.1087174,0.0745897,0.0649669,0.0551918,0.0456858,0.0364737,0.0282145,
0.0353987,0.0371777,0.0390049,0.0409986,0.0430344,0.0450356,0.0648747,0.0661722,0.0670836,0.0676234,0.067803,0.0675762,0.0669882,0.0660338,0.064778,0.0446734,0.0425602,0.0405326,0.0385967,0.0367146,0.0349539,
0.0430292,0.0457181,0.0476654,0.0493906,0.0509352,0.0522547,0.062427,0.0632719,0.0639162,0.0643572,0.064419,0.0641674,0.0638197,0.0631071,0.0623442,0.0519624,0.0505755,0.0492552,0.0474645,0.0453414,0.0430713,
0.0414142,0.0429558,0.0443241,0.0453043,0.0461615,0.0467901,0.0511223,0.0514621,0.051733,0.0518718,0.0518652,0.0518327,0.0516815,0.0514101,0.0509853,0.0463767,0.0457012,0.0447682,0.043742,0.0424895,0.0409723,
0.0327106,0.0347891,0.0368051,0.0388609,0.040862,0.0427129,0.0559616,0.0565712,0.0570674,0.0574089,0.0574683,0.0575087,0.0572512,0.0567748,0.056032,0.0436701,0.04182,0.0399204,0.0379887,0.036111,0.0341202,
0.0265586,0.0273012,0.0281286,0.0296131,0.0312391,0.0331488,0.0512257,0.0516961,0.0521253,0.0523434,0.0523585,0.0523807,0.0521336,0.0517995,0.0513073,0.0331339,0.0314462,0.0297934,0.0284296,0.0273544,0.0263624,
0.0355767,0.0374346,0.0392453,0.0412046,0.0432057,0.0453326,0.0661895,0.0674686,0.0684577,0.0690379,0.0692315,0.0689883,0.0683499,0.06741,0.0661196,0.045149,0.0430579,0.0410914,0.0391472,0.0373211,0.035409,
0.0424275,0.0442859,0.0460178,0.0476696,0.0492296,0.0507296,0.0645052,0.06557,0.066294,0.066928,0.0670199,0.0667835,0.0662393,0.0654977,0.0641447,0.0496533,0.0481057,0.0464682,0.0448486,0.0430569,0.0409293,
0.0322141,0.0347246,0.037229,0.0398303,0.042671,0.0454279,0.0669252,0.0679286,0.0686522,0.0690353,0.0692504,0.0691694,0.0687893,0.0681179,0.0672305,0.0455962,0.0425948,0.0398606,0.0371704,0.0345346,0.0321707,
0.029633,0.0355248,0.041957,0.0479391,0.0537823,0.0589911,0.0848088,0.0867632,0.0882669,0.0891773,0.0894601,0.0891228,0.0882403,0.0867874,0.0849525,0.0606305,0.0553264,0.0495734,0.0431593,0.0366064,0.0303691,
0.0315773,0.0330522,0.0344567,0.0362053,0.0378175,0.0397258,0.0526458,0.0533825,0.0539661,0.0543294,0.0544002,0.054303,0.0540784,0.0534485,0.0528296,0.0399775,0.0383112,0.0364849,0.0349224,0.0333491,0.0319743,
0.0344279,0.0399859,0.0455091,0.0507984,0.0556321,0.0599147,0.0736755,0.0734977,0.0733779,0.0733256,0.0731159,0.0729096,0.0727287,0.072558,0.0724664,0.0590843,0.0549789,0.0501242,0.0449958,0.0398832,0.0342531,
0.0343746,0.0380953,0.0420452,0.0456756,0.0496661,0.0531976,0.0763213,0.0770291,0.0776134,0.0778913,0.0780052,0.0779492,0.0776501,0.0771393,0.076348,0.0537372,0.0501773,0.046417,0.042644,0.0388284,0.0348654,
0.0409154,0.0433789,0.0457185,0.0480346,0.0505275,0.0529339,0.0704174,0.0710032,0.0714326,0.0718689,0.0719234,0.0719004,0.0717004,0.0712434,0.0706056,0.052756,0.0501761,0.0476709,0.0449363,0.0424354,0.0400054,
0.028433,0.0362902,0.0443972,0.0519431,0.0586648,0.0645263,0.079386,0.0802999,0.0811603,0.0817137,0.081855,0.0817187,0.0812369,0.0803722,0.0794366,0.0633915,0.0577226,0.0506552,0.0433329,0.0352888,0.0278817,
0.0130395,0.0176048,0.0245603,0.031847,0.0404697,0.0490255,0.0848188,0.084745,0.0847263,0.0846117,0.0847334,0.08479,0.0849394,0.0851582,0.0855705,0.0507131,0.0417374,0.0329312,0.0248885,0.018058,0.012961,
0.038249,0.0406557,0.04264,0.0441008,0.045097,0.0459116,0.0558696,0.0565304,0.0570988,0.0574189,0.0574696,0.0575129,0.0571276,0.0566578,0.0559457,0.0460585,0.0452061,0.0442996,0.0427107,0.0409875,0.0386838,
0.0370136,0.0385129,0.0398109,0.0409431,0.0418165,0.0428065,0.0495155,0.0499224,0.0502869,0.0506245,0.0507532,0.0507128,0.0503811,0.0500053,0.0494759,0.0428848,0.0418248,0.0407975,0.0396058,0.0383281,0.0366226,
0.0259176,0.0254693,0.0250969,0.0248197,0.0245813,0.024436,0.0266708,0.0269738,0.0270893,0.0272611,0.027315,0.0272353,0.0270951,0.0269167,0.026694,0.0245337,0.0247317,0.0248987,0.0252617,0.0255875,0.0259563,
0.032764,0.0339361,0.0351281,0.0363556,0.0376776,0.0387455,0.0463231,0.0466824,0.0470441,0.0472177,0.0471198,0.0471296,0.0469565,0.0465642,0.0462012,0.0387217,0.0376718,0.0364799,0.0351384,0.0339521,0.0328851,
0.0355613,0.0413705,0.0474847,0.0535531,0.0589526,0.0634966,0.0780399,0.0791803,0.0801436,0.0807616,0.0809586,0.0807491,0.0801827,0.0793395,0.0783558,0.064812,0.0600418,0.0544731,0.0483369,0.0419957,0.0361359,
0.0392804,0.042291,0.045315,0.0480453,0.0510859,0.0538888,0.076586,0.078338,0.0795149,0.0801998,0.08017,0.0797572,0.0792851,0.0784633,0.0773656,0.0554465,0.0525555,0.0498368,0.0467712,0.0438019,0.0407795,
0.0361073,0.0380094,0.0394356,0.0412652,0.0433343,0.0453882,0.0671507,0.0683016,0.0689562,0.0695783,0.0696543,0.0694679,0.0691524,0.0682892,0.0673394,0.0456954,0.0434094,0.0415808,0.0397436,0.0380833,0.036738,
0.02707,0.0334341,0.0394355,0.0450527,0.0498023,0.0536333,0.0584258,0.0585358,0.0588672,0.0590967,0.0592715,0.0591759,0.0590475,0.0586016,0.0586165,0.0548629,0.0507795,0.0458431,0.0400801,0.0338192,0.0274233,
0.0484134,0.0519626,0.0547388,0.0568052,0.0582709,0.0592718,0.0603807,0.0606817,0.0608417,0.0611352,0.0611224,0.0610873,0.0609544,0.0606275,0.0605851,0.0600764,0.0590053,0.0575722,0.0553779,0.0526157,0.0489543,
0.0385421,0.0403673,0.0422338,0.0438887,0.0453555,0.0469516,0.0566221,0.0570866,0.057423,0.0576627,0.0577117,0.0576382,0.0573885,0.0570225,0.0565524,0.0468613,0.0454819,0.0438855,0.0421893,0.0403566,0.0385407,
0.0449999,0.048777,0.051899,0.0543114,0.0565157,0.0579485,0.0579451,0.0576417,0.057481,0.0574039,0.0573361,0.0575735,0.057523,0.0576212,0.0578948,0.0581844,0.0566363,0.0547101,0.0521317,0.0489199,0.0453443,
0.0343614,0.0396333,0.0440426,0.0481914,0.0513817,0.0542957,0.0637593,0.0639873,0.0641805,0.0643175,0.0644316,0.0642482,0.0641704,0.0638657,0.0634394,0.053726,0.0506792,0.0474759,0.0434451,0.0388874,0.0340187,
0.0298009,0.0301811,0.0303492,0.0303043,0.030173,0.0301922,0.0294704,0.0294203,0.0294805,0.0294844,0.029398,0.0295118,0.0294085,0.0293999,0.0294095,0.0298576,0.0299231,0.0300218,0.030054,0.0298353,0.0293452,
0.0464032,0.0493885,0.0517812,0.0539271,0.0560123,0.0576669,0.0782222,0.0791936,0.0799231,0.0803355,0.0805196,0.0802288,0.0797011,0.0788792,0.0777342,0.0577544,0.0562043,0.0544138,0.0527107,0.0501947,0.0474247,
0.0369031,0.0372813,0.0376542,0.0380027,0.038438,0.0387125,0.0417753,0.0420397,0.0423432,0.0424979,0.0426156,0.0423966,0.042228,0.0419787,0.0416503,0.0388325,0.0384159,0.038084,0.0377818,0.0375071,0.0371727,
0.0341146,0.0358434,0.0373936,0.0389856,0.0405931,0.0423893,0.0538162,0.0539961,0.054237,0.0544032,0.0544326,0.0544013,0.0543274,0.0541366,0.0537783,0.0425239,0.0407412,0.0391921,0.0375215,0.0359761,0.0345685,
0.0327658,0.0348024,0.0368134,0.0393967,0.0420069,0.0449534,0.0700336,0.0710937,0.0721483,0.0727435,0.0728718,0.072762,0.0721616,0.071124,0.0699056,0.0449186,0.042197,0.0394835,0.0368154,0.0344358,0.032588,
0.029164,0.0311616,0.0329918,0.0347859,0.0366818,0.0383285,0.0525277,0.053418,0.0540006,0.0544363,0.0545481,0.0545182,0.0541373,0.0534678,0.0526686,0.0383011,0.0362646,0.0345729,0.0327486,0.0309502,0.0289537,
0.0333468,0.0338484,0.0343574,0.0345764,0.0349571,0.0351647,0.0375949,0.037781,0.0379587,0.0381412,0.0380323,0.0381393,0.0379242,0.03775,0.037475,0.0349416,0.0345123,0.0343117,0.0339046,0.0334594,0.0328776,
0.0359706,0.0391104,0.0428987,0.0464175,0.0505156,0.0545063,0.0801576,0.0810285,0.0815511,0.0819205,0.0820282,0.081943,0.0815686,0.0810069,0.0802631,0.0542668,0.0503005,0.0462954,0.042169,0.0386883,0.0352188,
0.0356507,0.0382081,0.041103,0.0439762,0.0467329,0.0495197,0.0732766,0.0745764,0.0755693,0.0762214,0.0763894,0.0761946,0.0755205,0.0744237,0.0731972,0.048676,0.0457661,0.0429954,0.0401872,0.0376548,0.0349391,
0.0479187,0.0499683,0.051707,0.0533643,0.0547303,0.0561974,0.0666228,0.0672205,0.0677483,0.0680227,0.0681672,0.0679971,0.0677403,0.0672976,0.0666002,0.0562642,0.0547224,0.0532846,0.0516058,0.0497041,0.0476832,
0.0519237,0.0545991,0.0565104,0.0583577,0.0598062,0.0610658,0.0708827,0.0716169,0.0720214,0.0724017,0.07258,0.0724458,0.0719596,0.0713097,0.070597,0.0603608,0.0591085,0.057811,0.0560146,0.054025,0.0514544,
0.0332287,0.03501,0.036762,0.0399997,0.0437362,0.0484847,0.0956673,0.0972425,0.0983762,0.0989727,0.0991781,0.0990261,0.0983071,0.0972393,0.0956314,0.0475195,0.0427718,0.0390056,0.0360716,0.0342406,0.0330769,
0.0308451,0.0326451,0.0352025,0.0381041,0.0414691,0.0450301,0.0779575,0.07933,0.08024,0.0808508,0.0810626,0.080848,0.0803369,0.0793828,0.0780681,0.0451304,0.0415401,0.0381562,0.0352909,0.0328415,0.0308303,
0.0295318,0.0295737,0.0296069,0.029665,0.0297024,0.0297554,0.0307046,0.0309406,0.0310954,0.0312649,0.03124,0.0311812,0.031079,0.0309823,0.0308144,0.0302732,0.0302158,0.0302353,0.0302697,0.030184,0.0301928,
0.0432234,0.0491745,0.0540009,0.057427,0.0598192,0.0611706,0.0706317,0.071322,0.0714824,0.071729,0.0717404,0.0717316,0.0716564,0.0713602,0.0706533,0.0616565,0.0601247,0.0581204,0.0547489,0.0501069,0.0442027,
0.0389775,0.0412672,0.0433378,0.045076,0.0466707,0.048094,0.0552101,0.0555744,0.0558451,0.0560275,0.0561501,0.0560593,0.0557785,0.0555645,0.0552506,0.0479847,0.0465484,0.0450333,0.0432495,0.0411667,0.0389187,
0.0457087,0.048505,0.0510496,0.0533948,0.0556685,0.0578131,0.0725986,0.0732637,0.0738557,0.0741747,0.0743237,0.074145,0.0737929,0.0732502,0.0724576,0.0572891,0.05516,0.0528865,0.0504698,0.0478976,0.0450384,
0.0457787,0.0524302,0.0582048,0.0627942,0.0661372,0.0686421,0.0850903,0.0869257,0.0881951,0.08893,0.0891207,0.0888793,0.0880474,0.0867594,0.0849357,0.069737,0.0673942,0.0638466,0.0592983,0.0532442,0.0467702,
0.0478146,0.0544579,0.060764,0.0664068,0.0712819,0.0753713,0.0973119,0.0987423,0.0998182,0.1005551,0.1007626,0.1006279,0.1001111,0.0991465,0.0979699,0.0759746,0.0716001,0.0666489,0.0608718,0.0546238,0.0478392,
0.0356016,0.0379002,0.0405998,0.0438029,0.0470126,0.0507668,0.0811628,0.0824564,0.0834804,0.0839864,0.0841312,0.0839685,0.0834609,0.0824766,0.0810277,0.05035,0.0467094,0.0434424,0.0403485,0.0377019,0.03539,
0.0412717,0.0441907,0.0466318,0.0488732,0.0511312,0.0534208,0.0786753,0.0805168,0.0819121,0.0827859,0.0830834,0.0828553,0.0819768,0.0806849,0.0788656,0.0532862,0.0510569,0.0488991,0.0465462,0.0439364,0.0410185,
0.0339267,0.03511,0.0360971,0.0370172,0.0378779,0.0387439,0.045021,0.0454503,0.0457388,0.0459215,0.0459334,0.0458898,0.0456277,0.045469,0.0450078,0.0386356,0.037697,0.0368368,0.0358686,0.0348722,0.0336851,
0.0375536,0.0403255,0.0432698,0.0465746,0.0503079,0.0547243,0.0958055,0.0977046,0.0991782,0.1000115,0.1003009,0.1000053,0.0991741,0.0976843,0.0957123,0.0541196,0.0501129,0.0462566,0.0429737,0.0403383,0.0379431,
0.0373835,0.0400108,0.0424691,0.0441974,0.0463636,0.0480004,0.0623492,0.0635373,0.0642471,0.0647814,0.0649368,0.0648988,0.0643877,0.063581,0.0626105,0.0482006,0.0466102,0.0445649,0.0425245,0.040335,0.0377357,
0.036483,0.0375732,0.0384459,0.0390406,0.039611,0.039952,0.0406902,0.0406739,0.0405624,0.0404866,0.0404044,0.0404714,0.0406237,0.0406337,0.0406081,0.0402407,0.0399185,0.0394588,0.0387044,0.0378648,0.0367456,
0.0407244,0.0425906,0.0443917,0.046209,0.048285,0.0503711,0.0689436,0.0700672,0.0707824,0.0712227,0.0714158,0.0712187,0.0707759,0.0700673,0.069107,0.0511436,0.0491175,0.0472683,0.0453915,0.0435125,0.0418423,
0.0334318,0.0380091,0.0420635,0.0457865,0.0490378,0.0516006,0.059552,0.0597874,0.0600634,0.0602346,0.0603171,0.0601871,0.0600099,0.0597429,0.0594175,0.0514959,0.0489242,0.0457342,0.0419718,0.0379338,0.0333374,
0.0453849,0.0485789,0.0515449,0.0542958,0.0566848,0.0589923,0.0804046,0.0820067,0.0832295,0.0841354,0.0845142,0.0844372,0.0837786,0.0827712,0.0812877,0.0596167,0.0571789,0.0543795,0.0516468,0.0484707,0.0452774,
0.0390837,0.039866,0.0404786,0.0408282,0.0413005,0.0416263,0.0427991,0.0430385,0.0432647,0.0434141,0.043399,0.043284,0.0432414,0.0430391,0.0428333,0.0416035,0.0413488,0.0408559,0.0404051,0.0397938,0.039228,
0.0369291,0.0394437,0.0416145,0.0436575,0.0457116,0.0476964,0.0666335,0.0675457,0.0682511,0.0687194,0.0689127,0.0687667,0.0683392,0.0675975,0.0665821,0.0481728,0.0461973,0.0442373,0.0420579,0.0399433,0.0372589,
0.0445449,0.0477769,0.0504555,0.0527739,0.0544862,0.0557299,0.0592619,0.0593838,0.0596333,0.059782,0.0599474,0.0598198,0.0596949,0.0595982,0.0594725,0.0567938,0.0555667,0.0537985,0.0515652,0.0487665,0.0454521,
0.0342819,0.0352795,0.0359719,0.0366454,0.0374266,0.0378373,0.0425176,0.0428777,0.0431192,0.0434072,0.0433417,0.0433643,0.0432359,0.0430149,0.0425766,0.037963,0.0373657,0.0367364,0.036122,0.0352326,0.0342652,
0.0378629,0.0392749,0.0408722,0.0422435,0.0436947,0.0456046,0.0753683,0.0769582,0.0781942,0.0789024,0.0792301,0.0790607,0.078386,0.0772017,0.0756565,0.0461667,0.0443442,0.0426207,0.0412972,0.0399253,0.0382038,
0.0307147,0.0320385,0.0331309,0.0342929,0.0353528,0.0362007,0.0421061,0.0425436,0.0427351,0.0429183,0.0430408,0.0428604,0.0427937,0.0424666,0.0422428,0.0362488,0.0354255,0.0342475,0.0330119,0.0318839,0.0306969,
0.0383309,0.0417727,0.0456517,0.049758,0.0537309,0.0577906,0.0830446,0.0839367,0.0846399,0.0850475,0.0852076,0.0850813,0.0846427,0.0839797,0.0829773,0.0576378,0.0536957,0.04964,0.045731,0.0417178,0.0383467,
0.0550709,0.0624739,0.0690573,0.0749017,0.0800931,0.0842456,0.1024349,0.1037069,0.1047745,0.1055123,0.1057271,0.1053529,0.1046225,0.1033881,0.1020953,0.0825385,0.0782664,0.0730854,0.0673038,0.0608794,0.0537485,
0.0420684,0.0430413,0.0438227,0.0444239,0.0447853,0.0450979,0.0469202,0.0471514,0.0473003,0.0472991,0.0473426,0.0474955,0.0472954,0.0471978,0.0470972,0.0450658,0.0448523,0.0443255,0.0437585,0.0430665,0.0419814,
0.0241824,0.0266446,0.0294442,0.032578,0.0358044,0.039132,0.0613549,0.062259,0.0631121,0.0635265,0.0636934,0.0635241,0.063049,0.0623276,0.061273,0.0387746,0.0354841,0.0323415,0.0294448,0.026904,0.0242163,
0.0243696,0.0319161,0.0411044,0.0517058,0.0628722,0.074121,0.0966262,0.0966201,0.0969458,0.0972772,0.0974736,0.0974732,0.0972101,0.0972656,0.0975403,0.0752037,0.0642239,0.0524509,0.0416748,0.032342,0.025007,
0.0310249,0.0311589,0.031419,0.0317425,0.0321511,0.0322098,0.0339747,0.0341403,0.0342839,0.0342711,0.03445,0.0343095,0.034199,0.0340711,0.0339718,0.0322144,0.0320057,0.0317104,0.0313659,0.0312416,0.0309139,
0.0427029,0.0459984,0.049406,0.0528379,0.0562616,0.0593646,0.077325,0.0778223,0.0782283,0.0785835,0.0785758,0.0784731,0.0783753,0.0778981,0.0774269,0.0596707,0.0565032,0.0531261,0.0497916,0.0464257,0.0429529,
0.049948,0.0530334,0.0557792,0.0590923,0.0620944,0.0656391,0.0908901,0.0915951,0.0921906,0.0925503,0.0924085,0.0924986,0.0922281,0.091678,0.0908809,0.0657463,0.0622285,0.0587326,0.0560437,0.0529506,0.0500564,
0.0379788,0.0400997,0.0422165,0.0443515,0.046601,0.04868,0.0677143,0.0687883,0.0697003,0.0702598,0.0704284,0.0702473,0.0697347,0.0687891,0.0675848,0.048834,0.046818,0.0446328,0.0425031,0.0403855,0.0384238,
0.0353406,0.0374841,0.039416,0.0409718,0.0425546,0.0438591,0.0534705,0.0541094,0.0545821,0.0547998,0.054896,0.0547977,0.0545744,0.0539461,0.053324,0.0433385,0.042183,0.0405573,0.0389137,0.03705,0.0349192,
0.0301732,0.0327797,0.0356579,0.0390373,0.0429661,0.0474036,0.0927965,0.0958002,0.0981612,0.0996444,0.1000655,0.0994551,0.0977867,0.0953117,0.0922059,0.0472258,0.0426223,0.0385555,0.0351665,0.0320459,0.0296252,
0.0369021,0.0376791,0.0382248,0.0384557,0.0386319,0.0385995,0.0391285,0.0395646,0.0397274,0.0398675,0.0399439,0.039809,0.0397206,0.0394641,0.0391746,0.0383377,0.038167,0.0382331,0.0378257,0.037416,0.0365552,
0.0371627,0.0400652,0.0430809,0.0462051,0.0493448,0.0524559,0.0734666,0.0741734,0.0746982,0.0750697,0.0751847,0.0750726,0.0747906,0.0743348,0.0736281,0.0526709,0.0494313,0.0464125,0.0432508,0.0399445,0.0372572,
0.0347899,0.037108,0.0391582,0.0415584,0.0438718,0.046281,0.0699624,0.0716323,0.0727717,0.0735948,0.073854,0.0736101,0.0728721,0.071704,0.070127,0.0465088,0.0441075,0.0416458,0.0393924,0.0372896,0.0348493,
0.0426975,0.0478863,0.0523618,0.0557795,0.0579599,0.0601609,0.0914048,0.09442,0.0965955,0.0980459,0.0985237,0.0979877,0.0965076,0.0942834,0.0914515,0.0615998,0.0598417,0.0571822,0.0539671,0.0493067,0.0439622,
0.0344367,0.035556,0.0368473,0.0378396,0.039057,0.0400864,0.0521237,0.0531758,0.0539733,0.0545619,0.0547346,0.0544491,0.0541518,0.0534262,0.0523922,0.0407087,0.0394421,0.0384785,0.0373154,0.0361421,0.034885,
0.0215095,0.0209344,0.0206214,0.0203412,0.0201835,0.0200314,0.0209373,0.020908,0.0212091,0.0212498,0.0211632,0.0211449,0.0212016,0.0209652,0.0209587,0.0201638,0.0202997,0.0205151,0.0207211,0.021188,0.0216299,
0.0412139,0.0451621,0.0488179,0.0519549,0.0547246,0.0567956,0.0631609,0.0634484,0.063626,0.0637709,0.0637857,0.0637376,0.0636138,0.0633852,0.0631224,0.0572329,0.0551344,0.0525019,0.0492992,0.0455976,0.0414358,
0.0342472,0.0401104,0.045898,0.0513333,0.0562174,0.0602151,0.0813924,0.0832696,0.0847872,0.085803,0.0860982,0.0857798,0.0847673,0.0832327,0.0813426,0.0585261,0.0543744,0.0494985,0.0444056,0.03881,0.033175,
0.035529,0.0375067,0.0401253,0.0433273,0.0468405,0.0507862,0.097596,0.100345,0.1023783,0.1035989,0.1040483,0.1036618,0.1024946,0.1003272,0.0977838,0.0505989,0.0466977,0.0430283,0.0402392,0.0375675,0.0351994,
0.0302318,0.0322595,0.0340964,0.0364037,0.0386861,0.0410452,0.0578554,0.0582583,0.0585733,0.0587694,0.0588349,0.0587977,0.0585937,0.0583826,0.0578191,0.0407521,0.038377,0.0361181,0.0341093,0.0321248,0.0303596,
0.0245413,0.0235976,0.0228345,0.0222682,0.0217307,0.0213514,0.0216563,0.0218324,0.0220644,0.0220453,0.0222572,0.0220144,0.0219226,0.0219579,0.0218086,0.0215872,0.0217912,0.0225194,0.023018,0.0238455,0.0246906,
0.0580213,0.0576733,0.0569191,0.0559691,0.0552755,0.0544591,0.0532242,0.0530627,0.0532567,0.0536184,0.0535656,0.0536031,0.0534012,0.0533071,0.0527013,0.0543947,0.0550497,0.055653,0.0563363,0.0570328,0.0572674,
0.0496832,0.0499131,0.0499003,0.0495275,0.0494467,0.0493997,0.0511699,0.0512042,0.0517947,0.0515072,0.0520008,0.0516167,0.0515229,0.051255,0.0508888,0.0491186,0.0492171,0.0487373,0.0489279,0.0488888,0.0487139,
0.0350841,0.0389743,0.0435056,0.0476076,0.0518722,0.0562903,0.0843007,0.0853932,0.0862417,0.0869145,0.087179,0.0870375,0.0866885,0.0858793,0.0848217,0.0567599,0.0525556,0.048318,0.0442677,0.0398391,0.0359467,
0.0260507,0.0262159,0.0263926,0.0261995,0.026672,0.0263071,0.0272475,0.0274286,0.0274613,0.0274476,0.0276419,0.0276931,0.0274882,0.0275833,0.0273995,0.0265261,0.0265541,0.0265859,0.0264156,0.0262279,0.0262026,
0.0385637,0.0414376,0.0443741,0.0475052,0.0504659,0.0532907,0.0749779,0.0760979,0.0769346,0.0773205,0.0774618,0.0771812,0.0766737,0.0758647,0.0745138,0.0530193,0.0500641,0.0469988,0.0441967,0.0411443,0.038064,
0.0414935,0.0487622,0.0553377,0.0611048,0.0657861,0.0695748,0.0753474,0.0751572,0.0748769,0.0747803,0.0750831,0.0749577,0.0751883,0.0752343,0.0756062,0.0704166,0.0665103,0.0617014,0.0557931,0.049507,0.0425195,
0.0377784,0.0405036,0.0430922,0.0458882,0.0485001,0.051328,0.0776657,0.0790688,0.0799224,0.0804323,0.0805478,0.0803182,0.0797826,0.0786391,0.0772835,0.0511463,0.0484214,0.0457059,0.0435759,0.0408294,0.0383107,
