0.013239864655482969,0.03664743973231447,0.0616509173526251,0.08395666560859084,0.11229745236816964,0.13214188040626237,0.14405376133294875,0.1601413630272348,0.18075381461972342,
0.01949467061630377,0.049828965724175084,0.0799721168239076,0.1055835148383869,0.13691961509425013,0.1581499019765894,0.17111752597370922,0.18764671274812492,0.20996843268267865,
0.01428465474772081,0.036766284197591786,0.05917481777070919,0.07602210770426072,0.09527831270011092,0.10822158561242887,0.11594896888031042,0.128170508807651,0.14578947244067691,
0.010236536376775572,0.016583132683945793,0.022274646995504355,0.024283115340748857,0.028898796936136353,0.031169118204431023,0.03567331140229945,0.03661703342340273,0.04081605102660635,
0.015376261317643207,0.03724651110311961,0.059696884586442046,0.07742486928845159,0.09820943103794273,0.11221992011913957,0.11973966526991063,0.13061478913106048,0.14699338188322614,
0.016753359079308694,0.04291977300963182,0.06881703874308197,0.08900577642196228,0.11297541535802645,0.12914335557111653,0.13851184505217337,0.151712559676934,0.16946414768052698,
0.014638647792300195,0.04340039856996103,0.07473369055622416,0.10083104492021631,0.1321707601631504,0.153565207550479,0.16582542686532867,0.18489573806771312,0.21351654901057418,
0.01670364339399784,0.03848004219655487,0.05842554190611463,0.07272211407106523,0.0881791108882152,0.0986495863681965,0.10472405351447184,0.11536967423219643,0.12823790687846473,
0.015416179092105001,0.041210194616790624,0.0672357408252857,0.08841963298382795,0.11274269749500475,0.12896803087938316,0.1373235556345325,0.14815304893853376,0.16005183820655947,
0.013765755564363023,0.031095345137953125,0.04690901632248641,0.05721788010644184,0.06837162007371789,0.07725367683621709,0.08353135182140471,0.09340146041572515,0.11110237797339674,
0.014735059487262855,0.03720933554421236,0.05957952305916157,0.07704480860588507,0.09783105704480916,0.11071151962301383,0.11895971619085093,0.12950571158330562,0.14529065660564544,
0.01697397552306319,0.04378536593108429,0.07114509734185502,0.09188592754532882,0.11596355433262512,0.13227110714023563,0.14237740995330975,0.15746295985700745,0.1795701947314542,
0.011907113080256252,0.0326576871699188,0.05422847358286225,0.07178293262615984,0.09233317765114597,0.10633353905474754,0.11428067130900263,0.12650022483290077,0.14411946381145352,
0.010468867879662697,0.031196302064746217,0.05270504927567368,0.07307314203858593,0.0998682358966551,0.1195684778099415,0.13195037488620553,0.14786283921571922,0.16907951458309933,
0.014697403655349836,0.03891052058438594,0.06304850250568944,0.08198358509075533,0.1033680360864448,0.11686952124134335,0.12410942450953699,0.1342917167812919,0.14614537939661923,
0.017795612400425435,0.042090858916128425,0.06663977040267006,0.08845026626314544,0.11573325669167236,0.13502839096759758,0.1459210200061918,0.16144913598675184,0.18108557301947317,
0.016232663744581825,0.041826294557195005,0.06796637377283488,0.09085897945101284,0.11963736765813597,0.13992214337916134,0.1519297356427721,0.16720763375042058,0.18785594238613576,
0.010595592844049963,0.028225924037231117,0.04656024668673397,0.06223528972639094,0.08182740423630804,0.09499067780904664,0.1023354228823326,0.11347604176304142,0.12711336386180125,
0.016301138727918846,0.03692165222071798,0.059508910317172564,0.07734676981235976,0.09993463271189819,0.11737112618342897,0.12985549949146258,0.14871650398454508,0.17889234107778992,
0.013533336049717848,0.025785156894970573,0.036963734646132444,0.04434502455691824,0.05346143153941029,0.05940153941210932,0.06394503023212628,0.06981250705812567,0.07822380523778774,
0.01322554294375932,0.03525582759087963,0.0575776642919603,0.07647420633556302,0.10023243537887912,0.11665515850080217,0.12587867124094698,0.13834987375502916,0.15300726845009657,
0.017128703158135458,0.04565367537933223,0.07476024463859977,0.0984166615329222,0.12683772718201425,0.1449028069583282,0.1559497966248654,0.1712209599786957,0.19097702541557535,
0.008667131958097216,0.014287665722221307,0.018229767714912075,0.01916479700339829,0.021783580377837623,0.023247390195279608,0.02499499068324033,0.025587019311701997,0.02864945576979951,
0.013938738409352273,0.03276742483447492,0.050641121452010544,0.06504282488860574,0.08133991376920079,0.09153355578272228,0.09802238511846185,0.10777801269205863,0.11982776229063909,
0.016036477599608242,0.04061458825469255,0.06440132849958059,0.0830368032550801,0.10364480037885392,0.11720316523578174,0.12454759625126673,0.134727841235493,0.14698197290237355,
0.014049971367785298,0.037122611100938833,0.06111756906743058,0.08123248092681941,0.10558090453761436,0.12318041146285792,0.13275879753455178,0.14781906109029383,0.1677966747424403,
0.017074618856739603,0.03796225644307195,0.0612554192911885,0.08037620522769658,0.10735208591097128,0.12799745440110386,0.1384650652334756,0.15121268878894464,0.17727927287875808,
0.011401049962947872,0.03319028184075364,0.056608430281508276,0.07784359343917681,0.10511563625122734,0.12429808036636192,0.13510526916112434,0.15007192898404623,0.1690283917478923,
0.01484026854890264,0.041409593886773365,0.06933783419251859,0.09242003180395665,0.11996145234468568,0.1379206062861785,0.14934513749473982,0.16323486194427203,0.1822018000591241,
0.01806134690883397,0.04547085290642419,0.07235232838503133,0.09447660199513658,0.12099126672549625,0.1391532206955085,0.14927503388381783,0.1638699156702241,0.1814100026893857,
0.015329836566927373,0.0410897643728432,0.06718726465474162,0.08808711905207446,0.11227014097495619,0.12715420565382418,0.13578836611309153,0.1477964590997621,0.1636039668763707,
0.014274339275330165,0.038180347078497955,0.06159620616128153,0.07993642658839821,0.10025892123441323,0.11337673996422916,0.12053270866186015,0.1309920972326428,0.14458194043194603,
0.017185257132766193,0.0415699313705028,0.06848843120371402,0.08934664623149068,0.11791452948894247,0.13805702541521345,0.1507065663982026,0.16541984925568834,0.18668073754517744,
0.013264562301921048,0.022062753967465817,0.028523384941502087,0.03233436448048645,0.03667049583383164,0.03870922602427651,0.041356074491134535,0.044360057351920425,0.04927113121946737,
0.01454241005769785,0.039033495155127794,0.0646677718627473,0.08767885352579914,0.11722426088374684,0.13815416636621652,0.1511819144416635,0.16768020356386837,0.19100562431733759,
0.013311932356810503,0.04002500354246462,0.0692621239558091,0.09563265368762046,0.1282081804139836,0.15018332986879068,0.16297924406198308,0.17883519112556823,0.20162350162428663,
0.016413937438674923,0.04228373104604564,0.06823031070526822,0.08788721879253344,0.11125648676699755,0.12674749659570714,0.13638308806420343,0.1493751503668349,0.168130666997156,
0.013838002814460456,0.03780003889953773,0.06355431131728677,0.084929322263063,0.11025795077932814,0.12648892468368758,0.13566561305180078,0.14752087215713727,0.16467081118353388,
0.01610880906554917,0.04415829807379496,0.07436258577155837,0.09923790221085566,0.12802828322667115,0.1459098674617754,0.15541935675518032,0.16826127718144845,0.18622062943192563,
0.012600559447226793,0.03450598012046771,0.05744040252946039,0.07711851868000964,0.1003963327853276,0.11615101174150885,0.12467693972025996,0.13655756210652698,0.15222314725895061,
0.017627630681417147,0.049997972916160385,0.08460901698097623,0.11368127813843094,0.14901943582075594,0.17356152564235727,0.18745823255310728,0.2080039967149681,0.23597211435258217,
0.01608945824893236,0.03557173861001172,0.05359510018127948,0.06593166589085354,0.07997983064010471,0.08938802397395834,0.09528286833740367,0.10687392010793968,0.12262419769120435,
0.022444393751036355,0.05298806497012768,0.08283817948598327,0.10768252489761794,0.13734613951358557,0.15655024505815485,0.1676437059249361,0.18151510040975052,0.19940831169363935,
0.017348895908817226,0.04393204358448107,0.07026914039518473,0.0907998876774475,0.11466208309188096,0.13107165465353585,0.14104259714305153,0.15660011250108896,0.17715089935028216,
0.015376478719363703,0.04089526167313953,0.06760537090059059,0.0884455116564647,0.11245100166262872,0.12851461826625854,0.1386456322192964,0.1535962705025948,0.17797987354513164,
0.015909271402907498,0.048487316780695705,0.08442526607837303,0.11532899967423611,0.15411027360525908,0.17894619827133465,0.1943503803508087,0.21351778490423814,0.2399362987715205,
0.016916587985265293,0.037045292502149156,0.05552544886677181,0.06846215191717425,0.08361033253497331,0.09292267533933916,0.10056787210567478,0.10909707807542664,0.12211595784471328,
0.01752505180761686,0.0506717857220534,0.08529870688279487,0.11223210484883078,0.1417744077144652,0.15954876244430097,0.1691285217547467,0.18226170447720397,0.2009880181137213,
0.01570599931627627,0.03436843762303964,0.05173627208479769,0.06374619977569738,0.07697980192754784,0.08540395807330389,0.09065065781902427,0.09773413036762045,0.1075980142319382,
0.017557463426140126,0.04511092588323303,0.07199104850982542,0.0953306464265021,0.12361966068434768,0.14382286976630043,0.15532449149120706,0.17109861432544093,0.1926473346354668,
0.018459267523326175,0.04026088529963322,0.06077267461357128,0.0766515458605614,0.09466859224125555,0.10775045844111504,0.11463191190655367,0.12302689408499966,0.13699843212868326,
0.014637934406373178,0.03951909049766978,0.06479661003577693,0.08597554358004504,0.10990525579514647,0.12561917433097844,0.13457737034287792,0.1466342668705632,0.1623584344835227,
0.019148336839646174,0.0491472781352619,0.07926714225537147,0.10399941425370157,0.1334909036796662,0.15299795656114587,0.16398915516728124,0.17924884312943196,0.19888555994306253,
0.012692771996823574,0.033897570728430394,0.05659645822465008,0.07693885210617331,0.10207994500630607,0.11976502750104792,0.13028308153169033,0.14460983393144933,0.16375001041766366,
0.017546681831492203,0.04900482193458799,0.08206537421849817,0.10985433804782524,0.14216288301907556,0.1627686655963685,0.17437672879537539,0.18759795818219405,0.2034204125699333,
0.016624411746567307,0.033973581350704045,0.05194543291628997,0.06544755306173665,0.07924472163963615,0.08762259686156322,0.09630439900062035,0.10430733358970086,0.1288641992138294,
0.011150690967032395,0.018561370394396978,0.024651341352085722,0.02839228387908088,0.03462383121670832,0.03901401040370753,0.04466860632910699,0.049829825106106077,0.05845317093618825,
0.0138414752045337,0.023956728261986394,0.03102676125997142,0.036277993523559066,0.04219618163882366,0.04917802034035763,0.053252926133312714,0.06031028041138747,0.07046961629601545,
0.01895471994885689,0.043959368855444575,0.06806986205536349,0.08698194283414533,0.10913065246712621,0.12457121291722338,0.13377572420850303,0.14714858667213937,0.16469166416282505,
0.01714556563171504,0.046357690945187414,0.07897941762904644,0.10864791470020306,0.14737523748599335,0.17690486695208,0.19371074035095642,0.21696697239700083,0.24605301563724397,
0.01399559763242159,0.036510552338162576,0.06101411863408913,0.08170761163245842,0.10865033751716707,0.1281672565915777,0.14043594116097718,0.15689558320463037,0.1808208004647772,
0.014320860530792732,0.04227203821979457,0.07239794635751638,0.10137385049652874,0.1406731539284395,0.17010795807398757,0.18929014377255507,0.21572031889343996,0.25111175382262463,
0.017431086869905896,0.04829462728855259,0.07896110627408848,0.10508122496500034,0.137450020306204,0.15970260617337617,0.17271947199558854,0.18999907406034455,0.21273641952206676,
0.01537428306135879,0.04539167930260114,0.0773572959991824,0.10254962708421492,0.13028019597072657,0.14631474240037268,0.15398574732557446,0.16350055371266248,0.17419595167206683,
0.014700532151336937,0.0415939726087332,0.0701941322564903,0.09433537021938261,0.12225408949153817,0.14024547408933674,0.15066672469567566,0.16523905047028323,0.1858389373919601,
0.01594140748404966,0.0434056074591039,0.07233383948468597,0.09538123710488655,0.12221235238169416,0.14032971428580734,0.1508589086830302,0.16645010095878032,0.1891555467706269,
0.012540079356383765,0.03409679473572246,0.05611820531459107,0.0742688276881802,0.09508745948869843,0.1086234907656715,0.11597605380928533,0.12516926715976065,0.13701000493079907,
0.01663969540828079,0.04156631784218411,0.0673623673486021,0.08799515891847834,0.11341371029563292,0.13147918932556418,0.1424225380535771,0.1565719466051462,0.17330748761525416,
0.02076666760282379,0.04854072794868446,0.07578231901334133,0.09802162772722468,0.12338516397511348,0.14065098713566068,0.1494900424444072,0.16276844176283978,0.17920622716576812,
0.021203526499149958,0.05454838246757042,0.08791166996161774,0.11691921051607564,0.15307953645639177,0.17825757772427256,0.19237411109809485,0.21181716583505866,0.23631860929464682,
0.016923610999406653,0.05437579694775566,0.09520487915144066,0.13144917433179332,0.1775422933944716,0.21010390642265453,0.22899340895164308,0.2525296240341214,0.28166502750194383,
0.013541354309853685,0.03930751739932792,0.06825851073596458,0.09385417853290316,0.12665110392036158,0.15085577543808917,0.1668592385086779,0.19187534372707546,0.2304262408857624,
0.014983858984860083,0.03161483444072576,0.045986383642066926,0.056031726007539646,0.0669320383652065,0.07433163476870158,0.08059027290995685,0.08923580377316044,0.10150754443617413,
0.014275878146960313,0.04459889355852412,0.07939560100715522,0.1098940833807395,0.14792950901781243,0.17428301111500694,0.19014317138556436,0.2136822359457894,0.2496205149735102,
0.016729691069833366,0.04483675689425255,0.07355569142380153,0.097667199535703,0.12822593229881507,0.14859522102591083,0.15989505081132893,0.17597035903046926,0.19642849884292943,
0.014951570519373252,0.03714281382559903,0.05891070164108331,0.07532486760991737,0.09404632053112999,0.10603558436427447,0.11287056839210112,0.12350841987719176,0.13675410722854053,
0.019197503785569447,0.052285908194861,0.08444330148341626,0.11137429284980462,0.14331167083844865,0.16489483117870976,0.17711135227906294,0.19466293139587132,0.21698852235249408,
0.016383791630645565,0.04565231848656567,0.07546872824097868,0.10001763533922235,0.12801382529843375,0.14615187388341855,0.1560270401041066,0.16874079687077528,0.184011013329202,
0.009525968367464109,0.028799912252843726,0.0496754709648836,0.06872511246332837,0.09241832605421757,0.10920609148652068,0.1190178019739552,0.13155908206209685,0.14705260476543236,
0.01628616164001939,0.04405488321834864,0.07323053248858091,0.09935484847366814,0.1333193273633823,0.15801162410915023,0.17242937934463973,0.19328242019193675,0.21953804693718124,
0.0138417238319839,0.023933614139965708,0.031169482732298023,0.03550532695216957,0.04147213948664022,0.045835536738494234,0.049051612971879606,0.05247094856044932,0.05697119760865264,
0.015885796702036544,0.05095205655684572,0.09138545546975502,0.12752679034293915,0.1747418740581033,0.20805414238360215,0.22685280101693453,0.2520332565312689,0.284078480197711,
0.0183902013829444,0.046119265400648445,0.07296164398172694,0.09554965971594226,0.12270889397963225,0.14073535164464349,0.15107748291463519,0.16583124958028927,0.18484484841826335,
0.018196486216216282,0.050141840397035786,0.08384612258299044,0.11123129971033083,0.1419809299001424,0.1614284930095328,0.17209150120346645,0.18628471327629698,0.20459373115104637,
0.01729605891534885,0.040656091394392635,0.06360447655245391,0.08082925571545373,0.10036703553439638,0.11318075490738323,0.12118795912668481,0.13268762534203823,0.14793963286679945,
0.01903692139364344,0.04824447127038694,0.07796140161397709,0.10162466858102752,0.12950375888340337,0.1486655256994633,0.16091232274082798,0.17753582616845168,0.19965118282198194,
0.014349316715154253,0.04118067181750715,0.06958671797536534,0.09231191375920687,0.11902522223141611,0.136681303304202,0.14626971339743333,0.16088031527710295,0.18108626009982812,
0.012253507755289748,0.03633610337504878,0.06256001020427358,0.0871984172576992,0.11862710171243276,0.14204704228782425,0.15554414772566177,0.17323937336614895,0.19592765276517843,
0.014381877697780932,0.03824426323994289,0.06287527916083936,0.0839925962870102,0.10941453014051257,0.12553870014883547,0.1355547106011166,0.14843359432127914,0.16482997659570098,
0.014942073213316155,0.03831131315280912,0.06129908636487796,0.07896561344604103,0.09944871727033498,0.11324626636675829,0.1215232968249205,0.13319560349290466,0.1510281330295303,
0.018395666336919192,0.048808310269843704,0.07841407036987995,0.10297288539170887,0.13246159285708048,0.15128175482035466,0.1617149454579926,0.17518360526880145,0.19035463150853918,
0.019270904164246924,0.04893930907517357,0.07868099835625929,0.10444452946203256,0.13539102150959298,0.156153304380373,0.1686143266944581,0.18528447490074737,0.2068797241592331,
0.013150639208043246,0.03647128190785675,0.061736391957586255,0.08250393610877181,0.10875470056115032,0.12834321033524357,0.13913004771978177,0.15761221154671298,0.1854180548756387,
0.016764754542504645,0.03741354114760763,0.05772352518300807,0.07201406030738136,0.08821038845183167,0.10198227403027889,0.10744380804886276,0.11914552839804267,0.13499286057065504,
0.017271953527635046,0.04455060557180936,0.07142842042593676,0.09300838252499073,0.11799149954756948,0.13544493578676028,0.145119465396597,0.15903706247389024,0.17820392686811803,
0.012802508456209775,0.034087829708858146,0.05652285227884502,0.07526091283207224,0.09916844211672073,0.11711872538848474,0.12940719572115414,0.14663519548622797,0.17493755887332807,
0.014246891584345243,0.03968065934359555,0.06569301974291818,0.08897863039162424,0.11870318370260528,0.1403618060581277,0.15313376581093377,0.17025090634206044,0.19308090798616226,
0.01827356774767302,0.04893100958528455,0.08003183425185957,0.10429106645160217,0.13033987163853367,0.14642053393322743,0.15542953808812546,0.16769235933666915,0.1850023588314866,
0.018580545952719015,0.048286027275996096,0.07787984811046474,0.10109016571733137,0.12829275749087377,0.14602940931777966,0.15736824328438626,0.17332994317110428,0.19310179723999207,
0.016478584296925943,0.03916624168846894,0.060568929681583526,0.07628333107461494,0.09450961723737276,0.10707469413046,0.11398067993984996,0.1245559761384123,0.13915880167014058,
0.01658874840023228,0.04409255885059911,0.07213617393385084,0.0952346566641992,0.1210434956800412,0.13636233513356533,0.14498622633383243,0.15527235316614033,0.16862495509551667,
0.015692207168445178,0.04562016308348178,0.07708200525847969,0.10581885931492784,0.14268373891778605,0.16843126802924682,0.18312471571073435,0.2012210648277716,0.22241334144195798,
0.014869401272219184,0.030690940043451544,0.04719452141398546,0.058589930672451294,0.07201903772578637,0.08380344726666239,0.09517044243170952,0.10819914400492864,0.12764557810497304,
0.013950173549268557,0.04163205134928216,0.07112781211114315,0.09759822914998807,0.13098027837869483,0.1531782926436397,0.1655361825200802,0.1829613041939757,0.2037709135476394,
0.01536441649247045,0.030547169527275615,0.04406261642365558,0.053128192707062843,0.06252820885574313,0.06866994116714027,0.0720564130633843,0.08117979471824129,0.09080602412012179,
0.015750395599446614,0.03539585262571774,0.05307567679293871,0.06624206761187669,0.07945546831864277,0.08766793945612882,0.09155259979360747,0.09856167028864425,0.10424221574720777,
0.023683318793396288,0.05931579321419272,0.09415174355247481,0.12315697008529551,0.1575298273379908,0.18024577627187466,0.19354295695317145,0.21076861572388106,0.23174295441791762,
0.010779825749208095,0.036169179956017754,0.06507759962040714,0.09218544389417238,0.12901935156183514,0.15397703115899924,0.16731002583463536,0.1858936709717993,0.20535278735842438,
0.014000216320353205,0.02904244227901964,0.043176166445786916,0.052535347145109795,0.06478044456634534,0.07670629412312115,0.08540349160893858,0.09938189925980705,0.11882403269867227,
0.016331725111239075,0.04454346700684378,0.07307430659010893,0.09668534724915821,0.12433151471936794,0.1429465347458461,0.15311058257202956,0.16763580271248876,0.18598354541583406,
0.018541733003596402,0.04772547734090757,0.07756312544885251,0.10226629974316041,0.1322954983661974,0.15332191467633646,0.1656982675586519,0.18137854560224173,0.20171791090869137,
0.011004927845947322,0.019025163273673155,0.02468193534982518,0.02712945632426514,0.03163752512545593,0.03392659892540225,0.03826184005537625,0.03858038284568585,0.04290716166762876,
0.018872144051272247,0.05008083950552853,0.08112326897342399,0.10797270137184606,0.1409852849798199,0.1638787628307984,0.1778887483831161,0.19696734841446215,0.22389318151813697,
0.015811828833439904,0.04353334678962459,0.07124274698001994,0.09249760674704016,0.11719389829578523,0.13253401774321094,0.14113538355931088,0.15242235291566442,0.16721497711374733,
0.01859225891534817,0.0516958668650603,0.08645568813514265,0.11626061145076606,0.1530738338578884,0.17828001824856446,0.19403659633858406,0.21458428828742238,0.24295563263315265,
0.015120844033741145,0.04534169987727457,0.08123243990903468,0.11442028057936325,0.1576817706749458,0.18720455645120634,0.20500332679676814,0.22404318733564466,0.25412385168079393,
0.016298252192738547,0.049499837181489946,0.08707625215253699,0.11968863263118316,0.1609363652934804,0.18956226888507496,0.20647749202041268,0.22804107657188288,0.2568236378981119,
0.014061099629277797,0.03840099183002178,0.06336815061026789,0.08469419654547389,0.10945247186793954,0.12764934801726877,0.13650953484847725,0.14900041671497802,0.16590637676656064,
0.016465885027117044,0.03772527237931188,0.05839390964881472,0.07364467756026995,0.09303890021904075,0.10749785403449738,0.11629030251141731,0.1276874186228499,0.14605325378193296,
0.014845696355766822,0.03470345533387378,0.05594964823561455,0.07404528546456747,0.09757273639646864,0.1155822247724801,0.12630129129425252,0.14615128407939426,0.17443790642540138,
0.014020884553207559,0.032948121745236286,0.05079818744611462,0.06608359189358465,0.08313703018535622,0.0941205664182405,0.10015659920125175,0.10806913032917527,0.11962848618038004,
0.015946857337724146,0.032838929093183096,0.0482050735493956,0.057316131274454805,0.06887667779938432,0.07639018775930406,0.08188826909384801,0.09030745707860471,0.1024997505436147,
0.0194758198768552,0.0538247974543623,0.08925766277266982,0.11738530103239048,0.14933702786066985,0.17035639682111423,0.1832380990073106,0.20061379385733277,0.22536412854083568,
0.017731214954123567,0.037106571758415835,0.05527567335747018,0.06862859046611433,0.08421917976184805,0.09384096609354604,0.09996392939586304,0.10860445447058191,0.12041052382511823,
0.014895765540250022,0.04271145006088382,0.07142535287795022,0.09737573157931419,0.13123989755872445,0.15565757274170455,0.170860679937924,0.19197313676242952,0.21965021484022496,
0.019159812575548715,0.05114811231511939,0.08337426558424449,0.1100257831622677,0.14247046572219965,0.16516494992320044,0.17773502038844888,0.19740594124033203,0.2227568569528983,
0.0139936341576575,0.03796368274958916,0.060540131888289196,0.07922873469082355,0.10367703800455724,0.11939966062273831,0.12918546868114153,0.14064143235244422,0.15527907228498175,
0.01892665008368328,0.048403377562820225,0.07773278393255031,0.10216762647218931,0.1312357487394689,0.15157611057156306,0.16256230205703082,0.1783126534509995,0.19954484453543248,
0.01590334981669976,0.04421569783160309,0.0739161572206932,0.09799803438879512,0.12570975659433972,0.14356113623311678,0.15408432976435774,0.16800533779789004,0.18688743176534936,
0.01780666972239447,0.03946156146801396,0.06038254605942673,0.07562576808958729,0.09492424930834113,0.10974544260425441,0.11909693666420068,0.13451783753414925,0.15493007615790855,
0.012359562308660107,0.037519988466882224,0.06679693698729221,0.09346955838598504,0.12938877028000928,0.15483897380592412,0.16796247300102796,0.18677906403384123,0.21395166758136344,
0.014550181940419243,0.03519402866922627,0.05511818805225071,0.07123597874989603,0.09006494442671474,0.10397859510530583,0.11157243207131401,0.12092505884918468,0.1356255296533462,
0.014403933950541065,0.03772382141692431,0.0615072439077095,0.07951095172713014,0.10041183893823204,0.11475729235107386,0.12445117402448473,0.13832771533132643,0.16006413868818117,
0.018069016716874237,0.046168136988312784,0.07372311112890537,0.09693777144416044,0.12569889888398703,0.14532177158732282,0.15571783650763202,0.17354837258897143,0.1952741420872942,
0.01711492828644406,0.03615689763338858,0.053489669528244924,0.06631495323750897,0.08016113112526574,0.0887627225089478,0.09392751985387374,0.10026836340596931,0.10914231862751594,
0.015152916281010212,0.03715451247195566,0.05825700330259368,0.07434711124481101,0.09272780488301179,0.1050318259208988,0.11264258349743987,0.12359432592617929,0.13961234688804314,
0.020058549496509273,0.05469820277189089,0.0903153168387056,0.12102514659249942,0.1588282451602737,0.1846615869034188,0.19937138805192234,0.21918377086783866,0.2432524447287818,
0.015027755441536266,0.04376091923341975,0.07504379859087804,0.10228699608002317,0.1360212835317856,0.15904293375458603,0.17169152575762003,0.18782287983725843,0.2081976510668323,
0.01926211290249479,0.050903457485811904,0.083135833285765,0.11029822340015677,0.14255770104456067,0.16408056638027094,0.17695296537694102,0.1940594191710212,0.21664716875294002,
0.014702166670523835,0.03670077897991411,0.05967380662769806,0.07758361799249226,0.09976868545090928,0.11585918990944097,0.12670348089733396,0.1420500738919191,0.16402919169023267,
0.01635510667315081,0.04065443611034642,0.0649171086897915,0.08292083497895676,0.10254514344857477,0.11438432253557049,0.12082718789775039,0.12645362110327563,0.13115525862187066,
0.014072353896484627,0.02545617370011649,0.03463173237901295,0.03982198781143302,0.04559615490979131,0.048871202444443214,0.050901438107478256,0.05695107977117076,0.06362667343957033,
0.012529099513332479,0.03486358159350133,0.057980633130219,0.0782138246883905,0.10333328390048985,0.12107513365759473,0.1307874452142622,0.14480274108049687,0.16383111529314004,
0.01424548703649336,0.03522953186162023,0.05907792129330297,0.07899231242299992,0.10460852489416811,0.12388277345095615,0.13632256407064297,0.15320229574402677,0.18137952100784935,
0.011600828870898342,0.03237735898143867,0.052548625240717996,0.07052060845638829,0.09254563852462282,0.10812489160960452,0.11667717906941634,0.12743693666537415,0.14105811313378824,
0.012750192332149374,0.04162132132237694,0.07654322671002521,0.10912849219028735,0.15261917738380493,0.18171021199088802,0.19870308575750106,0.21919852782071528,0.25135112092745887,
0.01684387885381877,0.038379348629440375,0.061284847164293124,0.07918052173729535,0.1028817298968565,0.12111207154015045,0.13012106119154698,0.1452034950014202,0.1688540111980453,
0.017709527397366212,0.04646089852373955,0.07465569462751609,0.09789914596183279,0.12526306364700843,0.14346041864992817,0.15459943649024552,0.16991507116769836,0.19018106601849286,
0.014464699160233092,0.048058833633304855,0.08650743366523728,0.12342877406803467,0.17248806576325404,0.20854359469294054,0.230080658063365,0.2581966644952016,0.2926822826344563,
0.013676987284365174,0.03769071026759041,0.06352265398497893,0.08484151202147691,0.10958261587097824,0.12537878901035707,0.13403976710991106,0.146035043168002,0.16321049384865952,
0.011042509328216566,0.019779575181286372,0.027130410547361535,0.030610950618617846,0.03454487038543653,0.037282663434392994,0.03901556788003466,0.03999780299668065,0.04507780344562115,
0.01927084713816617,0.05032719184583641,0.08128649736450372,0.10773244836374113,0.13882128915606262,0.15914075025028754,0.17018494218374147,0.18411935357675333,0.20087331538442046,
0.015981384567819994,0.04029739272275505,0.06466939125934518,0.08531876017165257,0.10941943120582627,0.12536343270448266,0.13503876790007577,0.1471296388330091,0.16351508606248533,
0.015622036295689075,0.04181468879611047,0.0701123127063426,0.09441498874324948,0.1235425010214589,0.14280080416782373,0.1541314319137452,0.16917922888520953,0.1890116226011272,
0.01643777606448917,0.04167250798425184,0.06664132947111653,0.08538520045528918,0.10666504385388705,0.12125961062319476,0.12997903588083137,0.1431575855277175,0.16246578130539452,
0.015905377136853412,0.03211070081915727,0.04641743553886277,0.05592128023126867,0.06630872556611946,0.07427828325962979,0.07869165346326684,0.08588689239087875,0.09593757573064982,
0.013896811337340982,0.03233865817518089,0.04976143074366722,0.06353030432562011,0.07987414915327194,0.09034282445434626,0.09634344548232343,0.10366902825068765,0.11465082872261738,
0.016914171772429435,0.04219528181523606,0.0664526712335478,0.08709190973032872,0.11219244929164714,0.1295166114967975,0.13872265406066997,0.15260928496949877,0.1698467252408606,
0.015171819934062232,0.045112851410335705,0.07759133410663209,0.10422165944732482,0.13524095366870978,0.1552509056981397,0.16651063938877347,0.18243674912512223,0.20465689508319687,
0.017733804423947883,0.04861607953234062,0.0811193917560793,0.107726834225693,0.13917352866486563,0.15990593883503965,0.17172398406311343,0.1884086953072558,0.2118224940590778,
0.0116130533833659,0.038876955946551404,0.071326195788588,0.10173931146297673,0.14084265446694247,0.16676478889655716,0.1793753591552282,0.19441580121616997,0.21334252891625016,
0.014650850512021509,0.040706433984662456,0.0677947321586017,0.0916416315438162,0.12203841322174987,0.1428107181464129,0.1550279193837088,0.17108920951556592,0.19139511856447675,
0.01777624252495857,0.048711900742314816,0.07973112552736183,0.10403231033605195,0.13143159033821308,0.14904674918951957,0.15979394734884747,0.17468778365628157,0.19544543875124273,
0.012990486428505909,0.0347798214381051,0.0568448885385869,0.07508018102201386,0.09712740569941346,0.11244785288347907,0.12086352069694728,0.1337071826266522,0.1520662196565197,
0.005825533154528642,0.009806700035866011,0.011895872039255549,0.013684880099253264,0.015806682166804076,0.015887172818741916,0.017693278300549457,0.020119981426082168,0.021366177546272156,
0.01734392511423953,0.045726139174445825,0.07411712596209429,0.09825423313439251,0.1274878584399581,0.14790606241529541,0.15903049544804848,0.17547270799970607,0.19519488816249256,
0.014354494908626943,0.02654680990387954,0.03664826542368124,0.04333177931305531,0.05102629472183416,0.05557974407264775,0.060599660741945664,0.06679491460932471,0.07580693296886998,
0.014031034388173122,0.039263328849118755,0.06730836629328868,0.09080257886881264,0.11843169257127265,0.135704227556721,0.14558318262384884,0.1587164631130165,0.1789692448055315,
0.017575279300999128,0.04530400765773645,0.07285611584713964,0.09430886423879231,0.11919851355045405,0.13514102891342136,0.14550022609451563,0.1581830527064274,0.1765106880970914,
0.018278116443885384,0.05139481171223084,0.08697994839545523,0.11749283793418341,0.15352333130390503,0.17774933272920132,0.1929075047997627,0.21182330731074142,0.23876833015054896,
0.020523487977169422,0.054854083237758054,0.08805790926386223,0.11725316249036177,0.1528929901837869,0.17803391239036007,0.19314851180030004,0.21378902730951538,0.24012187600718435,
0.015326204392479559,0.04390591802942602,0.07448710885991505,0.09993241177426933,0.13101104399125646,0.1517416049125998,0.16349930986739863,0.18010120572091953,0.2012534200128296,
0.016169533904170686,0.043296124122861074,0.0717902891840996,0.09451741070796872,0.12022436702720848,0.13606409499372593,0.14515373174914725,0.15808191215648257,0.17577256466107222,
0.009922784322296312,0.0158935123658132,0.02175224588902251,0.023719129518497986,0.026128815271898673,0.02782348872700661,0.029526128650696478,0.030882879507761366,0.0332303230798484,
0.016072886616788674,0.03494922784551268,0.052399673517861074,0.06454773642004602,0.0798260043888721,0.09269828114676665,0.10158558585480454,0.11462352004254275,0.13340178666571892,
0.016937605158371775,0.04940494061050892,0.08445021135080291,0.11529572287878809,0.15490232198525075,0.1818990549611819,0.19847332655900615,0.2189008235503812,0.2424788418171992,
0.012801393824407955,0.03681123255076936,0.06329295154666932,0.08726392182063945,0.11891291403997195,0.14131787255541003,0.1536866626019133,0.16980991401443166,0.1906439173693404,
0.01479417363058573,0.03466932050989013,0.05370815425591471,0.06795803845448115,0.08413267444563031,0.09539923097227344,0.10232802307528922,0.11256665386819974,0.12351386116856475,
0.016033827775587983,0.04237429703782326,0.06809809955629545,0.08942846177191756,0.11503325309692863,0.13159166575977158,0.14084862433526044,0.15268770519822503,0.16942147399289328,
0.015419584455645133,0.032485363775887094,0.047170120617293074,0.05698840679434361,0.06708251983454952,0.07352329309696787,0.07871560361107988,0.08620930853103721,0.09666792225879149,
0.016390709937238616,0.04618374554212818,0.08023679095346979,0.11116538949420922,0.1520200786768022,0.18302463598565194,0.20127646389204978,0.2244764515576873,0.25800206334980047,
0.013897361994319974,0.035480276959242926,0.057039341663979386,0.07472120839957076,0.0960017638256209,0.11029446532028034,0.11882171317209066,0.12935975004024539,0.14356923063021879,
0.015700622624149414,0.04014329052856831,0.06542123456236461,0.08725486482611863,0.11303778824698456,0.13020707668397502,0.1396700759788505,0.1517628138431885,0.1675807626193253,
0.018303073342932782,0.048304968327501634,0.07728176981738798,0.1018184214467352,0.13231017108122256,0.1535456257485084,0.16565545381700825,0.18097336571660033,0.20185643060304637,
0.017803485934253457,0.04313092336756697,0.06854274760442246,0.08809564226016582,0.11123043650723827,0.12795536544019723,0.13866839171217687,0.15484429634152297,0.17601982508645944,
0.011856104703583233,0.02233251473340125,0.030621535458757905,0.03665798241021759,0.04416226490555501,0.04975910632511918,0.05389750404141587,0.05845376514893517,0.06656264767777026,
0.005964010041011304,0.008733913095568207,0.01099165611644686,0.011711708165264982,0.012170397729442681,0.012007782986852077,0.011849675805017092,0.011908899879419626,0.013272578367008275,
0.01659620035181849,0.046133204526477574,0.07588760555517905,0.1031323346409752,0.13737936522386135,0.16220797390562347,0.17719572907189082,0.1971256121581392,0.22326575747784008,
0.014402187479187614,0.0380445412830967,0.06231879496556644,0.08132704945705746,0.10301671440896701,0.11685967197823177,0.12531145580093184,0.1368318552885874,0.15346932425301385,
0.016273592468718644,0.0397536404235865,0.06279826905438435,0.07999741364413455,0.09966035994071411,0.11365272719643237,0.12235035857620964,0.13531750088679495,0.1534402660745398,
0.01622753962987822,0.0392435095158941,0.06192764782236168,0.07866578570260611,0.09859945732744897,0.11320448601792783,0.12272497939761699,0.13764049406306259,0.16053230103341318,
0.0176714083392321,0.046434162135571985,0.07491909100303086,0.10050479889558653,0.1327181300901019,0.15578352646646892,0.1692396555959946,0.18842738890057176,0.21252232739908616,
0.015027944056511942,0.04006984373744515,0.06519659845574251,0.08604310130263924,0.1110725941133878,0.1282579276588225,0.13775381422429414,0.15199574975216376,0.17126061010962693,
0.01945557874148252,0.05392736090430358,0.08979567548849576,0.11944021732402878,0.15563951085309655,0.18069035006539447,0.19570656373664758,0.2167349848340693,0.2458495594247552,
0.016580812882998407,0.041859546022395784,0.06744027032745412,0.088862684104782,0.11355711471908683,0.1287827787439815,0.13706243243457983,0.14682655491751032,0.15870526408366453,
0.0120185093575896,0.0328414027527897,0.055938142419509035,0.07633492167164091,0.10182260838175484,0.11963284730168418,0.13147074095795375,0.1488088199692887,0.17511437079898054,
0.01852217387364921,0.03346712750095345,0.045531830565225764,0.0531692092163548,0.06208293915550597,0.06966236572923455,0.07461237196817205,0.08369546615558891,0.09585201888234106,
0.013065710046752922,0.03174645839250507,0.04966476622783065,0.061633810574695864,0.07382043148641014,0.08076373428881557,0.08393923257640515,0.08792110949490116,0.0920884153713324,
0.013127125931279203,0.033908793673701004,0.05512293217230516,0.07186153925588504,0.09227080905001009,0.1068007033106432,0.11640631169209924,0.13107806337765843,0.15387300656682945,
0.011305391904844711,0.03522597450841929,0.061331237150372704,0.08448716232413514,0.11223155587875767,0.13080668944904075,0.1407145901688693,0.15300424150911957,0.16748202454415914,
0.015121946165416365,0.03427241468463644,0.05226343631950074,0.06485551845907495,0.07894601159337167,0.08839660491455387,0.09474864625171266,0.10354801530382826,0.11660108525443034,
0.015243579248837652,0.04138794059149396,0.06901872313708243,0.0913790506257541,0.11809699869405581,0.13587034018257169,0.14630417566901224,0.1606975566011172,0.1814131362512844,
0.018633757715479614,0.05252560257121353,0.08786413429030786,0.11874826946745021,0.15833771417421283,0.1868772940051649,0.20366994211158845,0.22729435097579412,0.2582436855173071,
0.019856853566110517,0.05299512896401079,0.08611962511080565,0.11217207941774394,0.1423434123308702,0.16278047418262903,0.17477912472458063,0.19162085351880392,0.2135408954078265,
0.01261463401563527,0.03583709340774524,0.06046340386838974,0.08325444387278068,0.1119490650298521,0.13255294640670182,0.1449657046023497,0.16213833569165728,0.1831396973068572,
0.014836021178323715,0.038971564772128924,0.06308443224050952,0.08287156666732709,0.10588032710072104,0.12079393053755277,0.12990201644157293,0.14188758537291665,0.15749531188881621,
0.016598235345213975,0.0425851535066275,0.06780920973604902,0.08774581287915229,0.11085947108848636,0.126258619911874,0.13515913501931387,0.14808434082956615,0.16559769353903486,
0.012083466435736465,0.020820126212909178,0.027752283993203553,0.03185892936845063,0.0363762849549847,0.039371845629706935,0.0409645875186361,0.043620402501856316,0.04792118147766882,
0.01629866512878534,0.041305769905427614,0.06625065701476766,0.08521031209708918,0.10717900772300475,0.12259161768066677,0.13271061806969192,0.1469114534959883,0.1679842427303766,
0.022320620630089296,0.05838446706871862,0.09285004194735676,0.1230679070114462,0.16003230194062398,0.1859264300861369,0.20165492547576494,0.22313730281017521,0.2507002839934961,
0.018700349271580572,0.046236116665879165,0.07375711514176109,0.09484402661126631,0.12084514223069938,0.13916248166946152,0.15078822247110943,0.1677259608960401,0.19219641717168165,
0.012047570667756932,0.023269080791047912,0.032885005743373386,0.03959522419886508,0.04798716271571575,0.054023843180842634,0.05804796268652916,0.06372489027078933,0.0735394200590523,
0.01672714438048693,0.04966229209414599,0.08586030480736218,0.1182154562091214,0.16045122597931155,0.19096730860202138,0.20955004403401284,0.23436877541228066,0.26724393882420167,
0.016296989356561202,0.0371785308736128,0.056595776306524535,0.07048312909418529,0.08705482223063034,0.09827200393860705,0.10565151277482214,0.1160434425160588,0.13160401969029215,
0.013945969157850475,0.036203182778778265,0.059021855390547266,0.07733228474498732,0.0997569243819889,0.11552154114736005,0.1260377105941472,0.1416361152818063,0.16522134005070196,
0.017345771289801522,0.04836072873342094,0.0800412410604015,0.10682473655248613,0.13996210114507715,0.16284429118250907,0.1768333206586377,0.19610206927621956,0.2223879241816244,
0.016043804068962806,0.04438923898887736,0.07331451416231656,0.09785809762227872,0.12735533969708504,0.14725814086174108,0.15923336250385842,0.17530400833313484,0.19710314593217745,
0.018395278842256328,0.04799252903914759,0.07806358420119795,0.1020501715571147,0.1305007726949911,0.14894663702174074,0.1599655056398681,0.17417614198387787,0.19076878004405992,
0.017164093970799193,0.04465130852454986,0.07353760803703412,0.09795335765561965,0.1267295379608268,0.14534053343462355,0.15557681840554505,0.16938902559792285,0.18769237552137719,
0.018532131695589003,0.04271041263275874,0.06700738031371982,0.08633657693027015,0.10938453983189005,0.125336972164896,0.13450190071114043,0.14731382833947043,0.16270476055975625,
0.015221710255881728,0.041507448154135144,0.06846920875146813,0.08900802652765775,0.11174092727240653,0.1261572227174315,0.1347463422634618,0.1470673745027076,0.16559755915655472,
0.0172436917692784,0.047791990793392365,0.07947249002887133,0.10340287488657304,0.12949087461507,0.14551193908762652,0.15472021390769,0.16815528618319336,0.1884169809915114,
0.016294164336831948,0.042487693070771666,0.06840964678884187,0.09088283103270109,0.11819350883123535,0.1362425688753398,0.1468334322088749,0.1615200729128262,0.1797452074592266,
0.016717828059463098,0.044218533606034734,0.07348172562527276,0.09790559300084432,0.13015344061504933,0.15401745196350444,0.16920588877905773,0.1886461428522423,0.21698227825059951,
0.015572780968845288,0.04244172096268157,0.06984252193518094,0.09261172117231414,0.11942611552542909,0.13693930734479232,0.14720584143799445,0.16140299000429703,0.18042661647169517,
0.016423738741451206,0.0405769321141605,0.06502184154618228,0.08367302605017142,0.10703351930435773,0.12433458864559903,0.13605349028255534,0.15391935166264736,0.1825648584471507,
0.017944594574749298,0.04711134289743241,0.07663975003511507,0.1003778310934429,0.1289713122714805,0.1491109267334601,0.16162770665875295,0.18032558580690577,0.206554902895015,
0.01235032965255818,0.035478254526936766,0.059965614351575415,0.08192661622722892,0.11068173012035008,0.13157159311887157,0.14405287048736704,0.16109608242755186,0.1824200199278757,
0.011597732625305657,0.032454148446025684,0.053990600561418745,0.07313426506074233,0.09770531588650183,0.11466494962426332,0.12458367053702175,0.1387759709377078,0.1568561632914731,
0.014135159333777,0.0260100573443702,0.035939189373139564,0.042085005639996856,0.05030025353501577,0.057452875882994046,0.06239717638066324,0.0682277269802699,0.07751149442565684,
0.014340473214288734,0.029277424943562332,0.042519363822559234,0.051157103922413814,0.060061533864060344,0.06601244175057673,0.07015939751944839,0.07639032570872262,0.08584992181221326,
0.02015989785235741,0.052320384028787525,0.08436635928444731,0.11014794518401164,0.1401775348636171,0.16027530333909112,0.17228555879718493,0.1882081433279931,0.20930713153905614,
0.016982688514762933,0.04559468939054839,0.0745280075017285,0.0980027559511782,0.1240080593435957,0.13982982334662253,0.14818374821014738,0.15893224276674991,0.17115171905003798,
0.01711344606387844,0.05211064391315647,0.09071781699049691,0.12354594308892436,0.16405395345227766,0.19161052949366547,0.20751031482203522,0.22967341502534616,0.259566069067702,
0.01873125240341522,0.0423210454085663,0.0658802663344998,0.08373061972556427,0.10454767419017362,0.11972218651731215,0.12800801620966676,0.13953785260489932,0.1582752775946091,
0.016023921171970244,0.04330423921935435,0.07224170544451487,0.09677185166062893,0.1261327503082239,0.14551176236454585,0.15620679983303362,0.17055747692015577,0.19022805338883605,
0.01753676962488614,0.03919133084069259,0.06007866806210224,0.0756442314849508,0.09347368760448518,0.1062516305463677,0.11407780115896934,0.12523141684487987,0.14145093035595577,
0.012880786084618732,0.03212075267185388,0.050872118271851015,0.06499788090167556,0.08125725299725096,0.09206111543996441,0.09921481956548098,0.10854716246706526,0.12301599292938101,
0.016858729197785756,0.04577174473223882,0.07592388432766448,0.09985642749085462,0.12822707788155088,0.1474549696618624,0.1592046011848146,0.17662344808552632,0.20320032205808491,
0.01436656426604799,0.04173391225096102,0.07146802511368958,0.0954525619504273,0.12390079890498479,0.14281154118735542,0.15372797106096645,0.17008594594148738,0.19422053612191084,
0.013929918450477849,0.04211864044371439,0.07354934241338294,0.10103333351012497,0.13491888479523337,0.15785204882619627,0.17006244283709754,0.18738852449219875,0.21089043911208902,
0.011914727288892916,0.03292274133295161,0.05465999194423624,0.07357207187953207,0.09711841054808792,0.11279188282577117,0.12202553261294107,0.13529503378130156,0.15285438330268789,
0.013763463229669991,0.03782851001278397,0.06350317974393606,0.08568745917884268,0.11224862518496462,0.12967906864904952,0.13916009371959223,0.15144424124728312,0.16717643364072393,
0.019989983199978155,0.05429997107273899,0.08961952790162224,0.11848094893711872,0.15351318354147644,0.17759616291335326,0.1925228457631084,0.21198853670961865,0.23942537124776256,
0.02128911611151621,0.053329177556596885,0.08565914062837775,0.1122160507375224,0.1432426227837562,0.1631592593439099,0.17429348365067118,0.18824002906470372,0.20587584196003159,
0.01717465460813328,0.03963276082100451,0.06116167382954476,0.07725143783921462,0.09495954098443347,0.10703229626461316,0.11402565158141822,0.12361958927492724,0.13653649980568996,
0.0177510362637542,0.04832511864071289,0.07980008566456058,0.10473117344581723,0.13389903640166423,0.15336268549142387,0.16466206412464215,0.18011528148880748,0.19968210130833985,
0.017422093592685754,0.04980226830449773,0.08385110663854435,0.11270935018234239,0.14819934966123335,0.1725856139934509,0.1869511482069275,0.20625500309885328,0.23144385627112501,
0.015206779880763877,0.027797425208151,0.03798844342655711,0.04450139973665481,0.05022548987196097,0.05382565070546149,0.05619538229683725,0.05842245811843582,0.06404116722651353,
0.022457260282485438,0.05990955834627166,0.0970600707344609,0.12747816205802218,0.16328221458314568,0.18696704416739376,0.2013830137550955,0.22018980056567788,0.245615465698338,
0.013304548799785343,0.03702705331056149,0.06165193879229538,0.08314105157422923,0.10890802654918028,0.1260437762348953,0.13614322683375135,0.14924879511580186,0.167081015427338,
0.016189269771337063,0.045081205257586625,0.07557686630505603,0.10012508147229231,0.12821250773020387,0.1465032445525561,0.15728230015332234,0.17225568042685716,0.1944647339763109,
0.015673158199132647,0.04108450081217799,0.06732771731127409,0.08769361252678949,0.1115957028127462,0.12779762564402808,0.1377916956513418,0.15336583402849605,0.17657886917098783,
0.015157386767061826,0.04138386078961689,0.06815977844167392,0.09144098529660497,0.12048954184563332,0.141264314144279,0.1529679329916929,0.16942805683044532,0.19062797668003673,
0.01562944800274521,0.0324340028052681,0.04712830931993219,0.05725093411417472,0.06829112057566901,0.07624712445657873,0.08075079089026177,0.08730875214814626,0.0943678278059703,
0.016891985462938987,0.0393131894082206,0.06150818561470628,0.0788404082724603,0.09907116263498006,0.11326532326061313,0.12177242019759141,0.132720855723143,0.1459430020949488,
0.01799022156815511,0.0520232405460479,0.08804563201498339,0.11928446803956415,0.15900147354436722,0.18745392833948243,0.20445409406762194,0.2283374522307612,0.26126699434601613,
0.018931583906620735,0.05187375640391711,0.08615231234858851,0.11432409486512542,0.14796941711433148,0.1705530173831696,0.18380696376714262,0.20250625269637093,0.22965180081113407,
0.013494350504143476,0.04075598722749938,0.07118584376377322,0.09779633108405895,0.12999268270171252,0.15047277229917524,0.16198078732652813,0.1756300879532453,0.19260422033593452,
0.013645802895127209,0.023289327171606065,0.03046409220433,0.03480226857966896,0.040661829467173026,0.04443119055378982,0.046449714644613345,0.05009413844763876,0.05435150718468456,
0.017389114549109734,0.04625517161224839,0.07521415971897268,0.09877327933243023,0.12671889326128058,0.14596636442652763,0.15680351276762838,0.1731570910984362,0.1943443332601431,
0.015994329708572407,0.045850960886040106,0.07780929022075037,0.10532590440724444,0.1389682376104479,0.16174905383785515,0.1749190498228399,0.1918225783995125,0.2137105138631625,
0.01448403004532973,0.032833343097097775,0.05025334490414526,0.06309083383164493,0.07904345334084836,0.09079560085206263,0.09925613394252865,0.11028563361847912,0.12595955402259654,
0.015824702711265355,0.045482708798052954,0.07796607413963275,0.10621401543545622,0.141511418390319,0.1656145268622134,0.17928983160120518,0.1962534325754815,0.21765564255795827,
0.016543005196172255,0.042870004170238174,0.07005809339009911,0.0914086219830337,0.11777428061154628,0.13683219553097536,0.14947034689388425,0.16826119247220903,0.19744056355858197,
0.016734486127168352,0.03475203276735423,0.05053682541798917,0.06109134361499945,0.07319549915114588,0.08241680636052222,0.08840304886874306,0.0982537956051588,0.11265529181918792,
0.010221723830901433,0.016750481833920333,0.021122392933199736,0.02331446136172282,0.026110049019470068,0.02746081568294121,0.029588191588121697,0.030657465041828137,0.032639536800631405,
0.016138288803392187,0.031897456327803005,0.04557521292570793,0.05466598414174569,0.06349941745310028,0.07040304982397318,0.07490464647048432,0.08148453028796258,0.09298459855208524,
0.016201328771996537,0.030551534927143235,0.04314989889764158,0.05125669486064407,0.060197556891736344,0.06704162510357911,0.06869802120540495,0.07392293327225362,0.07977396439315639,
0.017075209537956073,0.04486345398914186,0.07260952567687404,0.09515280082695553,0.12121973584856627,0.13820998267029688,0.14834058406672687,0.16216403613741112,0.17999441950098166,
0.021805642615215753,0.0533135953558841,0.08337885309009954,0.10836704722747083,0.13727288079685787,0.15643739473212648,0.1674153802847444,0.18238086390766087,0.2012796301063695,
0.013368777778284307,0.022289030018702045,0.029037107314593486,0.032848300768561586,0.03721134939085412,0.04027980339246809,0.04268638721632102,0.04525013302216864,0.05010858501132398,
0.016015624999087517,0.03862657001784542,0.06039810826104753,0.07743019186345414,0.09687978646041985,0.11005413830474234,0.11760606465732225,0.1277493980171656,0.14188632906129703,
0.010150589686475031,0.017126668819757992,0.02274784887032374,0.02573803294891609,0.028898286289644286,0.03101218879521927,0.03177816927723949,0.03335549696962568,0.0359195469399187,
0.018086449913508964,0.04899610177497866,0.08149348963643947,0.10800507302738079,0.13978517117170594,0.16185914714416325,0.1743045637945885,0.19249011141045494,0.21831227291106425,
0.016419288901560733,0.044966401131562236,0.07504218668166018,0.09937588697954558,0.1269446174274467,0.14432863571636265,0.15384263438233609,0.16715423633836227,0.1857922343072998,
0.014024096974914387,0.041142180034494866,0.06999619853339202,0.0958635025834565,0.12876357062431135,0.15247618959457013,0.16641019101139354,0.18418939655635508,0.20709234299759505,
0.012613285210108101,0.03474232600467803,0.05764824021504243,0.07796070331785288,0.10317552907266754,0.12072706232348521,0.13100515879709795,0.14504698723464596,0.16388853388022517,
0.015331824055476069,0.036456575696511395,0.05665432114939518,0.07201196945111253,0.08930391441981675,0.100931545560368,0.10854021150625444,0.11730098638974697,0.1304868076681205,
0.014206901459181244,0.036594965661400865,0.05889070282656305,0.07607237089810137,0.09560003079160533,0.10893715089490384,0.1169746488457652,0.1295016360490103,0.14772897555879094,
0.01320108749729699,0.03484351809127966,0.05792139174756106,0.07740864245998046,0.10206566416688541,0.12027083918048832,0.13268087059416797,0.15039027107913497,0.17746963388142878,
0.018619616228593656,0.042034141789353795,0.06413917825738845,0.08033093517443779,0.09821226423726401,0.11032433938852904,0.11772337730859751,0.12818886590409656,0.14271751995292445,
0.017269032716173534,0.04757204540146509,0.07889831337711495,0.1049332624935591,0.13688071848773473,0.1587165750561217,0.17298859299859723,0.19258379078803983,0.2197165484359829,
0.016189467089974048,0.04225586632082566,0.06842212600117077,0.08927736249494218,0.11403738484216296,0.13079191738300391,0.1403008433893857,0.15339117337590746,0.1704334701642062,
0.017489890310180906,0.04637253546534766,0.07521012867742662,0.09935106921450085,0.12836948998530048,0.1484970098134361,0.16005252431616326,0.17673016844090467,0.19905134385323253,
0.019605392709740686,0.053271535566198645,0.08746934906883642,0.11641521975211,0.15094198404700596,0.1737409950086241,0.1867815604070599,0.2041010499534941,0.2252872251423261,
0.01994263104533854,0.053478289468165116,0.08728325609883798,0.11446446789456863,0.14662304268418253,0.1686666298931095,0.1813612926767904,0.19956338566627285,0.22397894413763922,
0.016662591590144032,0.044899653261502734,0.07397121341251457,0.09740226851742655,0.1249963172412656,0.14395746902393464,0.15518583147908482,0.17166390146772736,0.19572010811689036,
0.01710082491552035,0.04410676553015516,0.07193349176544965,0.09360950486094695,0.11993782399882026,0.1391003033784308,0.15103350207294425,0.16819290287475291,0.1941182154053392,
0.014963244314506822,0.043424240534016376,0.07463336037264588,0.10127513736955829,0.13482228667918583,0.1574747645388676,0.17097737976327987,0.1892721086081201,0.2136766800325154,
0.014694223770554661,0.034981917586673225,0.05500923424111544,0.06996999838016955,0.08752028864540991,0.098016563796154,0.10538707815885902,0.11419886449942257,0.12716438304548647,
0.019813704868771324,0.05211548818891374,0.084329927269021,0.11121500789194859,0.14491950878153848,0.1679961763635582,0.1820659387485961,0.2017733574545767,0.22625170724381333,
0.017471384387206048,0.0474678843345231,0.07777324255765275,0.10432163547577736,0.1368534884605739,0.15984564939736073,0.1734067523740139,0.19188086341177543,0.21585654681450658,
0.013304606986553835,0.04169483670832025,0.07420308857690819,0.10436357344471885,0.1448945010925541,0.17357950263400965,0.1900786219926161,0.21131104057577296,0.23649578199726534,
0.015598843352345062,0.029858403540203863,0.04229347125791155,0.05016322193852643,0.05863653064803019,0.06454806976390391,0.06832961646380792,0.07354992020274752,0.08203393466256861,
0.014948239138465299,0.04236032864630763,0.07080193489117002,0.0959150400768796,0.1264194992068548,0.14720970570943315,0.15883168204879877,0.1743896763327016,0.19431812938337617,
0.017689611596445772,0.04430554482357151,0.07039697170684926,0.09343963370685414,0.12143624392285773,0.14099735197123384,0.1527529868318853,0.16816546291557463,0.18840919019752517,
0.016164977427965042,0.03792238588473301,0.05833077852499762,0.07297671220416822,0.08931932530363765,0.09999872106972171,0.10712248178972704,0.11718341172883748,0.13074465025186383,
0.014378444119449555,0.04271718395132238,0.07336905476809728,0.09907994624958642,0.12895435637337394,0.147843831628438,0.15847440620632106,0.17218071380203465,0.19170708351165955,
0.013844192140286862,0.024147541820573448,0.03178239255989551,0.03643290612940286,0.04145789076390921,0.04580805912654105,0.04820036386432474,0.052332642976272895,0.057087466085143194,
0.01849013847731396,0.05068634253447971,0.08424886446587018,0.11185498810855658,0.14408141562708085,0.16479852358659053,0.17654284636854098,0.19223238052651648,0.21377081018380228,
0.016965697581646913,0.03592876774380891,0.05328457964130768,0.06585967090276579,0.07955208302108475,0.0897585501900661,0.09618988341927838,0.10694934134128302,0.12227646732499295,
0.0193390902195202,0.05423253336535683,0.09091550612189377,0.12119141201860821,0.15882113933865932,0.1860653810806478,0.20292978974755718,0.22676337898972065,0.26047665098140216,
0.015797877793075153,0.04137363646970612,0.06658946592693078,0.089082561177276,0.1167583484051032,0.13536248126627728,0.14679370690692672,0.16196466790685013,0.18173385446015253,
0.014103230553022554,0.0408136739516003,0.06995257975434171,0.09445996695772976,0.12333129547932935,0.14182088847823138,0.15237632561173434,0.1676451256226957,0.19081235086899823,
0.01851386124240308,0.04782830093439239,0.0773169082071253,0.10143474170315049,0.13034370777150195,0.15071509717016623,0.16281582425893956,0.18044090429655385,0.2043715249768689,
0.017584512688722433,0.046907925730776526,0.07634007789910377,0.09927535206427478,0.12486617644033864,0.14121305918270347,0.15005780930051651,0.16304428985995026,0.18065041421010625,
0.015889921022938718,0.04098617267521852,0.06539485263490784,0.08479092940620338,0.10695312444940079,0.12131153039034628,0.1290959410441879,0.14057915708324464,0.1550407367952884,
0.015467233269089525,0.02782036972065896,0.03731989602425685,0.043586392085142665,0.049965350610920146,0.05450698488978568,0.05778997964054134,0.06301133664085677,0.07043686870503715,
0.011839333327216477,0.019687628077188796,0.024880531656892847,0.027764900957039967,0.031974143218157336,0.035790320915819865,0.03847601085122138,0.043035686482459125,0.05024394062697611,
0.014050273843721447,0.041820580692721834,0.07275248660370306,0.10151981894683361,0.14020158943919037,0.1687343457635401,0.18617588775828078,0.21068558627352946,0.24250795379398923,
0.016257008386813557,0.03806223913317379,0.05907252564504675,0.07419084958230256,0.09076827381947673,0.10184084427046257,0.10832427545942146,0.11816607124747332,0.1327196046387148,
0.013484366684227167,0.0370579460928038,0.06167130219719263,0.08276230757185886,0.10830660085340225,0.12547339862663523,0.13548913484620953,0.14930995272385084,0.1681796534781373,
0.01675149963309996,0.04506386662794056,0.07386141387289402,0.09935370121471226,0.13121964993719445,0.15291885756180149,0.16605647711475852,0.18409449490463883,0.2069322321350816,
0.013822193513245531,0.0369315333766354,0.060508229116258895,0.08018105897490135,0.10350194992035604,0.1194842367258628,0.12856225250394385,0.14164157113524475,0.16007133298444393,
0.014674962357413316,0.043347532476817864,0.07667041754602477,0.10801260238044366,0.15006453765226618,0.1801921939984155,0.19607907954324816,0.21702805180051385,0.24640055170024763,
0.018497167411685042,0.04709707733099936,0.07624715417817998,0.0993400196535174,0.12776254594390143,0.1483084550509027,0.16093631202594208,0.17906701004700648,0.20520387128298473,
0.012846442392871495,0.04068999048742587,0.07225763967031539,0.10045219871397262,0.13567131388422712,0.15897357078051047,0.17214497223342481,0.18893391732088524,0.212338420217433,
0.016298308149779964,0.03611094327361618,0.05466915164155077,0.06737777338251053,0.08145023897395064,0.09095833915504445,0.09680205497552094,0.10520258177688067,0.11830112342354672,
0.01637343371445565,0.041323399378857276,0.06571081084052338,0.08486956371253185,0.106737179789999,0.12168034810030876,0.13042986838674178,0.14295678188526392,0.1597163396471714,
0.017618301760179613,0.04606538001398579,0.07494036171804767,0.10042396822817913,0.13187064165479526,0.15381803720369971,0.16669701273030232,0.18415798446304896,0.2063539566720179,
0.015609589934641593,0.03397785529794999,0.050850287129331144,0.062332369995644406,0.07406809181420482,0.08178897453388441,0.08712234136440017,0.09582206853189128,0.1086895809486703,
0.015065567849872449,0.03711524582752184,0.060537025350655436,0.08005576620158902,0.1044968056490774,0.12318564322016784,0.13466397390834242,0.1527499685304905,0.1782225292701291,
0.015208834926156234,0.038833280073614425,0.06180954129353769,0.08210717667737907,0.10679127285798977,0.12355730612982568,0.1333325726430487,0.14615693124942886,0.16227806545078577,
0.014822264118650591,0.0368015677052755,0.05864259077359801,0.07484909009845574,0.09258517094804465,0.10466417105545969,0.11057776192553019,0.11793186736622974,0.12594233646767808,
0.016516878832367934,0.04211093656054382,0.06775683628930679,0.08946138940146368,0.11514370823955651,0.13261528018017082,0.14296735699039306,0.15716760250953507,0.1763348651474915,
0.015757670307534163,0.0413849211075848,0.06730459726856217,0.08933460242924665,0.11487899440043024,0.13134236444588845,0.14089421626649593,0.15372180346983552,0.17091950096755684,
0.016806421622751727,0.04253388852151556,0.06768125758991554,0.08720209069321659,0.10930729191051115,0.12370867038169812,0.1322911020045164,0.14425781034743582,0.1593475084238605,
0.02401960559916276,0.05777562986368185,0.09020555786687925,0.11686268975436082,0.14738551678296855,0.16721930588512554,0.17869152720332274,0.19359347281962597,0.21318989306060634,
0.015518500738330053,0.04328686024099958,0.07288544870624444,0.0964059040309153,0.12441449812049488,0.14328454237575344,0.15515818392973577,0.17263715905031693,0.19850891592359965,
0.012976724579576722,0.035442510617317305,0.05979429702898594,0.08218867778528609,0.11104197489733628,0.13120148657154032,0.14379065876523614,0.15970201320473348,0.18060801591021416,
0.016566848892103903,0.03941531658376829,0.06210797004003496,0.07886108998494736,0.09908886272188754,0.11425062280280004,0.12476938926792758,0.1409290969418071,0.16628934457830713,
0.01460436954395658,0.03798789488490234,0.060970986950447656,0.07738053458540718,0.09428791151271561,0.10392142458993096,0.10875057347241202,0.11508508171973278,0.12119585052637212,
0.010313763447136026,0.027569046781789987,0.044448680525561154,0.0590413991680544,0.07680855811617571,0.08880143006830947,0.09524251474198553,0.10407235220209221,0.11441216343552559,
0.016178717088460193,0.0435217967776441,0.07182704702454322,0.09352852466445187,0.11852773377618699,0.13557791337680397,0.1461646348028554,0.16187252941786698,0.18603226841393253,
0.015047948271460507,0.03916891129616728,0.0635631902337601,0.08402274039286119,0.10864777859552502,0.12585710165460612,0.13550574878877694,0.1493051025966698,0.1681186203731284,
0.015341744290594206,0.04443411967653092,0.07667158715334521,0.10398051901063814,0.1386842643876197,0.16299797821175502,0.17796710833170004,0.20059207863673903,0.2359646245814085,
0.016504239983259006,0.045997502742755124,0.07770234984960925,0.10480487774175277,0.13710198448119573,0.15767631025001458,0.16930183090858458,0.18419214063196185,0.20300761055260425,
0.016922420813418784,0.04085731605286375,0.06410246689352127,0.08123477308568604,0.10076433797385566,0.11419640727695671,0.12281313022722422,0.13479298959147454,0.15189818241185543,
0.014914595086637531,0.040804560328194066,0.06823804262167364,0.09094535510762636,0.11798437441395072,0.1358361203731597,0.14672229887198082,0.16104205423697573,0.18151277841282648,
0.017319099812598278,0.04543147037066753,0.07262118815097232,0.09480685632919944,0.1201952507752712,0.13636429431881306,0.14503756982138594,0.15551208264620817,0.16604510713913612,
0.01807600918729171,0.04944637648072186,0.08237450345226133,0.10908757171386049,0.1410248687195166,0.16277191128087484,0.17568123799988997,0.1936083171272752,0.21910251235219155,
0.015894423530813957,0.04243491177892721,0.06920657574288974,0.09147282330580148,0.11768749874869783,0.13530959294476375,0.1454668583458975,0.15923568322768406,0.17758915297367145,
0.01585559048052967,0.0405682804726855,0.06474225501048596,0.08579737786873075,0.1108117490082631,0.12744105831987823,0.13691236996913853,0.14956590235622527,0.16517894400404995,
0.014275888096215422,0.03674079279394005,0.05953065918951539,0.07782821548737227,0.0991898574536876,0.11397649918659548,0.12279970958030156,0.13477380078952444,0.15183848407602343,
0.011725470633840848,0.03115200314885917,0.05206966635789758,0.07027940650098556,0.09375916752742695,0.11021952904877956,0.11973133846142765,0.13380207873161637,0.15543754683356142,
0.013377528945730672,0.024612246173094307,0.033500179111420635,0.039492991249711784,0.04682586268555047,0.05189220951872105,0.055278124599549845,0.05925480030160205,0.06488288440497501,
0.017123408198338453,0.037750825930684635,0.05800592930598288,0.07362580919387574,0.09261556181930784,0.10612742178174168,0.11407229529325516,0.12625787126085464,0.14318720059051337,
0.014032661724547146,0.042454172424415404,0.07358863259120557,0.10115153466523456,0.13567652490662058,0.1591340447222682,0.17244105443732158,0.18962640628267102,0.2116205375238351,
0.017101021939076585,0.044026965774383905,0.07032776374288247,0.09151364574857841,0.11524395335478747,0.1297133740966106,0.13760744207599002,0.14734901432850403,0.15705909035269264,
0.014778594578070403,0.04095788904654186,0.06830869222001605,0.09146499993502594,0.11976671193674919,0.1390832033417626,0.1505425284346345,0.1661398453884572,0.18781900114442884,
0.013390620475224478,0.03439922708364484,0.05570703245646414,0.07227379124075563,0.09090736038837863,0.10296170784267997,0.10954474100181956,0.11875948220455519,0.13085123684056274,
0.01691368729358397,0.04099594888861155,0.06437630664215263,0.08236028650274335,0.1026444711982396,0.11719477604008362,0.1251385683932329,0.13668755344163205,0.15363858242432477,
0.017870293661178194,0.04261276861335064,0.06708945291367792,0.08507679767093958,0.10685155864970496,0.12175127138189618,0.1314903935909203,0.14546924113274431,0.16577713205093858,
0.016554726768878623,0.04043357452780839,0.06366631241472871,0.08141487274381214,0.10143157700913494,0.11551834590326969,0.12303526805649789,0.1344333138128198,0.14949423173972604,
0.013036142550241126,0.034670433694831596,0.05648659335388103,0.07466501875746272,0.09624350300315,0.11077470980415333,0.11873351462457743,0.12988645299483886,0.14462519883322236,
0.01416540892173267,0.028181405992672968,0.0404928519842891,0.04877993742262335,0.06070748352222866,0.07139405617046748,0.0772491484936939,0.08803671990547447,0.10083579142077174,
0.016247115394544463,0.04387410661579756,0.0723907181005199,0.09660866945480572,0.12654545457518274,0.14758881654599781,0.16022154219832452,0.17662775679610848,0.20003184174077906,
0.01780864705819726,0.03510622876221875,0.050150488611654644,0.06042155667575941,0.07164177009240408,0.07966585393160451,0.08587012634100882,0.09527911030253361,0.1089530837117229,
0.016540069811215023,0.039829790792031965,0.06251223831743678,0.07904688305917948,0.0981004813172956,0.11177393827148331,0.1205232802556526,0.13319178450351743,0.15314470997565957,
0.01162327381548641,0.035655189255095546,0.06212462812977484,0.0872210202924467,0.12112922829876965,0.14606058331122612,0.16141980898914124,0.18128892445540562,0.20659843606043957,
0.010805877812774612,0.031090922484455722,0.053599625284443224,0.07334624894143539,0.0978448051251103,0.11493092316916434,0.1250257106198116,0.13912417160167914,0.16023481188239302,
0.014084061555775575,0.03234812374270569,0.05181429622338727,0.06642480080784945,0.08450056588356239,0.10006136165025241,0.11013296795836523,0.1265981503944041,0.1514612241845662,
0.01897454669236263,0.048737484190140797,0.07803367236612138,0.10122244990422646,0.1282880995029672,0.1461336073499133,0.1569714188121692,0.1711783088609071,0.1898682484588507,
0.01745244586606057,0.04517476118976142,0.07288498195756654,0.09445804393980942,0.11944603441048593,0.13606404368125877,0.14567052278097134,0.1593900323487781,0.17765694617054809,
0.017308900958958897,0.046836686701194306,0.0789754306721818,0.10641282759003222,0.1424831158889078,0.16864778540861325,0.1846712197289123,0.20566749463978135,0.23489482598170305,
0.015855620270888937,0.04319460928576211,0.07295955716905622,0.09869560473497545,0.132835413725238,0.15833122801801805,0.1748911623953232,0.1968633435324564,0.22817284040039057,
0.019406513414435805,0.049877298959246565,0.07941024763112199,0.10404602916476796,0.13251619744080398,0.15083768928710817,0.16117607034133047,0.17514378648332513,0.19304601580656786,
0.01805592447619455,0.04957318814532262,0.08169031185596906,0.10698311837377383,0.13649749283904808,0.15598844242966695,0.16774365179934464,0.18444519295654105,0.20812729927419846,
0.014622188575373665,0.028554716771256917,0.04051090967162001,0.04886475890441485,0.059394965681850244,0.06739851933140568,0.0730961227338934,0.08026935923178857,0.09187107157167382,
0.013139343636812087,0.035226541256504255,0.056848130920668545,0.07534573786751285,0.09864456926930416,0.11421299297678446,0.1237614497240243,0.13609263206177782,0.15198905327303722,
0.01519707997967809,0.040996719851600534,0.06768529723438196,0.08910250523852555,0.11372242454659329,0.12895742193231666,0.13681650816789395,0.14559768589170116,0.15198211025347402,
0.017124546184652083,0.04633580316184783,0.0765855979203921,0.0994298030973902,0.1254511526405908,0.14224828003405585,0.1520857643732292,0.16641399737216028,0.1880318338561365,
0.015438018196754694,0.042824290865050726,0.07155210868837068,0.09643619782799924,0.12831026907788698,0.15132244228098912,0.1647485809334458,0.18358397673766305,0.2097651925218758,
0.02068863491358957,0.054396433210550016,0.08856433287700077,0.1167569765871894,0.14995631481684418,0.17198216387340565,0.1842077862373415,0.20089189757418283,0.22235786084140588,
0.01616542787814769,0.044397425739900194,0.07377516200452648,0.09965805337068295,0.13202229659636108,0.15488155034078585,0.16920593982278825,0.18827110627068613,0.21502794251228602,
0.01681104581926274,0.04430390027863834,0.07137175796395429,0.09362311462988507,0.11803952786490622,0.13354212757497205,0.1417383052993093,0.1526481482305932,0.16555736809273464,
0.013661673986931489,0.03376902067370826,0.05415864932290518,0.0703444013593058,0.09147320088784942,0.10812010574471743,0.11980753345057568,0.1370836283599457,0.1635628471348196,
0.019101109717506583,0.05165438904384527,0.0850084995350006,0.11288060082911379,0.14625763359606764,0.16812144652268296,0.18063988098721073,0.19660764941766698,0.21703865583079346,
0.015408838032848201,0.03885313015215068,0.06146553249802133,0.08048933519580045,0.10314178236483813,0.11815029823709455,0.12648116493320288,0.13831900952363543,0.1530034096907464,
0.01637978728139663,0.035509153364440264,0.05303811138779936,0.06490052434741687,0.07811941750858821,0.08867784958585682,0.09477696100772685,0.10533453821092313,0.12097494369758152,
0.01645984805256037,0.04461722918208972,0.07518916944552433,0.1012507839623044,0.1343234046994856,0.15816283802785944,0.1720788394166664,0.19179568117856152,0.21790361645543108,
0.013268029074262165,0.03662781823899212,0.06185494209847594,0.08232483738039609,0.10656169492896313,0.12268743338228093,0.13253641742786446,0.1466080513861103,0.1680409112226425,
0.01840045750600694,0.048224853688487064,0.07798889886834448,0.10196699689668656,0.1300094007074533,0.14826531131192053,0.15901547626604096,0.17268076802324905,0.19052567706482873,
0.016824670753662594,0.03762166399897366,0.057479747709272964,0.07206895848150717,0.09020057033705843,0.10404972528119702,0.11324208084652078,0.12738616702453925,0.14923951383756423,
0.015067739851135622,0.04158241370140104,0.06986872192351955,0.09254677040780013,0.11939017612533331,0.13699487403724317,0.14705700041156458,0.1622767286016228,0.18494071870521125,
0.01776955266684919,0.042133589359739224,0.06527549679276352,0.08321425054810702,0.10397311312883034,0.11779172295327786,0.12608010831226246,0.1382476464481862,0.15465576482605245,
0.016226769317389898,0.03419568384210598,0.05092973533164089,0.06265441528047552,0.07541256410972645,0.08395832774338373,0.08870353302994846,0.09557241451174618,0.1068368573679427,
0.015900435903036577,0.04445491497213284,0.07411040086944137,0.09850758081465438,0.12652945954579775,0.1447920270135689,0.15535391880165791,0.16975849197195,0.18992865478419257,
0.01669183935519238,0.03227041618346034,0.045713848182929534,0.05546105235857785,0.06862629506651578,0.07929164153984469,0.0867755835498479,0.09768274980853073,0.11358490429214406,
0.01815950193985981,0.05042181261712262,0.08430001881255347,0.11099450578888055,0.14224691853284807,0.16264870151927027,0.17453514218636143,0.19124933217364,0.21470207043011866,
0.02054822331226635,0.05615265264189327,0.0921136752476744,0.12317128629578611,0.16117464703591283,0.18735292424303648,0.20306692729660875,0.22436133294862715,0.25305557434296644,
0.015605012616123909,0.03614801239455543,0.05671297659957024,0.072759848293202,0.09154763914191118,0.10516451694459306,0.11239809013484864,0.12445654689626466,0.14188740116512458,
0.013371545424807915,0.034381209306919173,0.05511638975450544,0.07306648311654837,0.0946791160401549,0.10959712714838102,0.11838672508749688,0.12968668065928587,0.1456478050491868,
0.01937966418569524,0.04836678357153819,0.0772147485383292,0.10232004055445636,0.1323833498352727,0.15281174023026645,0.1648308053670647,0.1802317222121558,0.20034354567714913,
0.015757572538372965,0.03208769220500513,0.04761243637508026,0.05726337401702238,0.0655465091682146,0.07065140402446334,0.07587342928052909,0.08506879017196442,0.10208770719333059,
0.018277964740869766,0.04964335903122694,0.0823913015128074,0.10987774659841895,0.14367060707475351,0.1673826479920911,0.18185615396719676,0.20216793582278553,0.23021964885130516,
0.015794688830490032,0.04463446315155231,0.07449178906769977,0.10159786376397656,0.136757706171717,0.16199940092899556,0.17683584099320868,0.19762795878836015,0.22380553502296358,
0.01736075098372594,0.04729424461108717,0.0790290556463674,0.10501414150813784,0.1379503714545154,0.16156647096476787,0.17537377717882408,0.1959014945629967,0.22355093251292793,
0.015867687677407954,0.03772647036182071,0.05841054868985772,0.07396810516623564,0.09092965779887013,0.10248077461214071,0.10875624187520094,0.1184905212834441,0.1324949644010012,
0.019221520394522046,0.05521048350046524,0.09277809701556955,0.1229272688776899,0.15756355880191106,0.17930021734380908,0.19099635212577154,0.20618913751299964,0.22518781561347834,
0.01588445898967808,0.03219688337429361,0.046074451341489644,0.054378422345051795,0.0631306187078456,0.06919628453396645,0.07320712315067548,0.07958359215564093,0.09037449302023622,
0.018579203306178044,0.047411388242010605,0.07584315513572511,0.09839497679684907,0.12451523796202252,0.14191380453909988,0.1523532910606624,0.16705508263349284,0.18626406519926547,
0.014859785964297711,0.04342009874643087,0.07468574901478713,0.10077516762305795,0.1320387668040696,0.15210046400976984,0.16459920498658695,0.18159416276269574,0.20650877219812977,
0.019069403593869348,0.05062119242419168,0.0818137916883986,0.1074562032476426,0.1374479802231827,0.1562497528964329,0.16674714741011273,0.179511516815439,0.19433510315570926,
0.01175997770426936,0.033345180609717334,0.057157959235845844,0.07845538726955328,0.10674454563733228,0.12670338973715461,0.13795304966730607,0.15367786180101548,0.17760553408459837,
0.011911428239149879,0.021471755802122246,0.02891117503410971,0.032801560597496254,0.03738421078579601,0.041531192849396006,0.04301899137332493,0.044204775886782184,0.03930784861552695,
0.014569870215076717,0.040336301992959255,0.06813678024640878,0.09028639917541871,0.11621952245215422,0.1334368690970456,0.14344371796773892,0.1587996315534814,0.18141749750976308,
0.016654671291484468,0.04491707605347644,0.07373269906897671,0.09728686527565601,0.12448016118853533,0.14237118160140405,0.15233116466213217,0.16619981985122853,0.1850394315986557,
0.018810766845694712,0.0539174524589489,0.0908041580668441,0.12225442005543052,0.1611166976190193,0.18736762778430463,0.20322362943162686,0.22332562890843177,0.249745165420402,
0.012836186679827093,0.036141304916035046,0.061604067660888905,0.08332918101134335,0.11054117354506944,0.12965168177887418,0.14141010875263785,0.15817375889817176,0.18398817122999375,
0.011937792197688866,0.021639148542945782,0.028636260585963604,0.03371561864866478,0.03870515558525007,0.04405592242089282,0.049175264321005,0.05553692266974928,0.05702810222678601,
0.021268128813807286,0.04550154641202927,0.07098460342341623,0.09041511770434894,0.11343785994538001,0.12811898911666122,0.13681535469095477,0.1471564674023681,0.16095570776425203,
0.019856207517962042,0.04051862869543853,0.06071625881653469,0.07536203114961704,0.0911346622698895,0.10010992696880246,0.1057191957885255,0.11308157175931345,0.12214576283058765,
0.019419474117939768,0.05094334507476,0.08234485893771472,0.1076766106021814,0.1378651569573761,0.15868362741334244,0.17094514250405513,0.1882942260418438,0.2112207425616146,
0.01444041152098175,0.02763943654041378,0.040012348272444036,0.04832431441907478,0.05834146407331533,0.06697274032919234,0.07089484248584375,0.08077291773074996,0.09025259021203531,
0.017184624887938437,0.04746651075798703,0.07953921086443745,0.10617709786907664,0.13889818939738657,0.16103775017094046,0.17392762127160236,0.192025953805711,0.21494314931320085,
0.017023604818542818,0.04688846147788182,0.07726987651696499,0.10184588759351422,0.1295997860222132,0.14666374294613152,0.15644087646655397,0.16804057181193474,0.18146128506654222,
0.017200760090871736,0.045842976727576736,0.07393842282933086,0.0965226674934096,0.12305411338966209,0.140272910800237,0.15016686558822098,0.16396218844013424,0.18111854898312615,
