0.0113275,0.0248371,0.0311038,0.0401327,0.0461806,0.048436,0.0511479,0.0532547,0.0531638,0.0518042,0.0498763,0.0471542,0.0391501,0.0308488,0.0258932,0.0091802,
0.0134733,0.0243203,0.0278594,0.0316781,0.0557706,0.0667744,0.0735465,0.0778691,0.0777493,0.0729043,0.0659205,0.0542336,0.0328463,0.0277988,0.0255679,0.0148652,
0.0176892,0.0228501,0.0240004,0.0260524,0.033938,0.0372637,0.039715,0.0412348,0.0414294,0.0396402,0.0373181,0.0338459,0.0266067,0.0243676,0.0229534,0.0171541,
0.0167862,0.0170405,0.0162836,0.0152593,0.0147718,0.0146333,0.0143456,0.0152903,0.0151902,0.0150318,0.0147098,0.0142995,0.0156286,0.0166013,0.0167434,0.0158843,
0.0221364,0.0267513,0.0285565,0.0321053,0.035022,0.0351296,0.0351756,0.0367388,0.0363408,0.0362064,0.0351621,0.0353561,0.0322528,0.028282,0.0265958,0.0203512,
0.0116459,0.0279831,0.0329715,0.0396581,0.0471045,0.050154,0.051906,0.0536975,0.0532784,0.0524025,0.0503514,0.0480627,0.039862,0.0331244,0.0267856,0.0108589,
0.0180395,0.0252101,0.027694,0.0316683,0.0414818,0.0456622,0.0494887,0.0526339,0.0524462,0.0495662,0.0459807,0.0413405,0.0325488,0.0278478,0.0249588,0.0181643,
0.017658,0.022734,0.0246607,0.0281282,0.0338863,0.0369482,0.0386733,0.0402595,0.0402903,0.0391898,0.0375751,0.0352444,0.0296676,0.0262919,0.0249032,0.0186126,
0.0118614,0.0182931,0.0254633,0.0361137,0.0517343,0.0558236,0.0577278,0.0586494,0.0587529,0.0574847,0.0555367,0.0515063,0.0348643,0.0230689,0.0183236,0.012031,
0.0168543,0.022932,0.0236377,0.0247425,0.0269389,0.0277973,0.0281486,0.0287779,0.0293984,0.0287415,0.0281681,0.0267998,0.0253644,0.023646,0.0226649,0.0180002,
0.0171427,0.0268505,0.0303061,0.0357915,0.0455278,0.0478827,0.0496714,0.0508609,0.0509903,0.0502572,0.0482542,0.045554,0.0377621,0.0326935,0.029194,0.0161215,
0.0148145,0.0237885,0.0274446,0.0326571,0.0427975,0.0468695,0.0498087,0.0519578,0.0524008,0.0501007,0.0475342,0.0439685,0.0337632,0.027828,0.0246136,0.0157021,
0.0136102,0.0152823,0.0189205,0.0248804,0.0363081,0.0404204,0.043475,0.0460918,0.0455864,0.0431632,0.0404824,0.0365105,0.0243003,0.019043,0.0156818,0.0136196,
0.0115669,0.0253878,0.0317678,0.0371282,0.0425536,0.0447301,0.0468092,0.0483362,0.0486809,0.0472348,0.0444798,0.0422274,0.0364547,0.0309196,0.0249971,0.0077935,
0.0055552,0.0160134,0.0236899,0.0347129,0.0473454,0.0507996,0.0543885,0.0565922,0.0564613,0.054613,0.0517866,0.0481421,0.036858,0.024947,0.0165348,0.0045161,
0.0041123,0.0082451,0.0124026,0.0355884,0.077133,0.072806,0.0667858,0.0633905,0.0624727,0.0660348,0.0734389,0.0789333,0.0347677,0.0141002,0.0082807,-0.0043269,
0.0055548,0.0114069,0.0199632,0.045768,0.0679149,0.0643717,0.0620752,0.0624746,0.0629697,0.0628689,0.0651254,0.0689966,0.0465363,0.0178263,0.008138,0.00465,
0.013879,0.0181688,0.0193391,0.0219916,0.0359776,0.0414353,0.0453274,0.0482665,0.0485614,0.0456826,0.0414741,0.0358991,0.0223209,0.0199942,0.0190674,0.0147633,
0.02495,0.0321163,0.0341955,0.035879,0.0382354,0.0388564,0.0402708,0.0411547,0.0410146,0.0401317,0.0392296,0.0374915,0.0362485,0.0342959,0.032721,0.0252531,
0.0211174,0.0226121,0.0228788,0.0229692,0.0256591,0.0263105,0.0268194,0.0276999,0.0279292,0.0271918,0.0261783,0.0251641,0.0224037,0.0218931,0.0218426,0.021249,
0.0138532,0.0272007,0.0293756,0.0329724,0.0445959,0.0499056,0.0532392,0.0573605,0.057668,0.0540414,0.0505084,0.0452844,0.0340801,0.0299671,0.028992,0.0148202,
0.0159227,0.0234758,0.0264789,0.0334973,0.0508422,0.0572969,0.0611797,0.06437,0.0644959,0.0615979,0.0569876,0.0505666,0.0322779,0.0258518,0.0225146,0.0138547,
0.0201481,0.0177902,0.0166238,0.0145746,0.0137617,0.0139029,0.0141328,0.0146306,0.0136325,0.0139227,0.0137188,0.013367,0.0150127,0.0166591,0.0182445,0.0204134,
0.0099462,0.0216002,0.0255683,0.0294397,0.0348949,0.0371492,0.0388007,0.0407812,0.0408796,0.0395682,0.0375323,0.0356098,0.0310646,0.0256875,0.0224464,0.0090354,
0.0140241,0.0250873,0.0272579,0.0333214,0.0481155,0.0527909,0.0560611,0.0583653,0.0587177,0.0566831,0.0538666,0.0489066,0.0351441,0.0300917,0.0259856,0.0166026,
0.0133721,0.0247157,0.0279042,0.033885,0.0411632,0.0434507,0.0452673,0.0469377,0.0478018,0.0457988,0.0441882,0.041751,0.0336342,0.0281003,0.0238288,0.0120638,
0.0268432,0.0336141,0.0355109,0.0361463,0.0381362,0.0396061,0.0402678,0.041463,0.0413112,0.0399301,0.0397747,0.0380804,0.0367054,0.0358976,0.0347952,0.0281737,
0.0094852,0.0252046,0.0333755,0.0408243,0.0447856,0.0467353,0.0484763,0.0498013,0.0497779,0.0480875,0.0467662,0.0439912,0.0394209,0.0321887,0.0260581,0.0103735,
0.0181065,0.0247051,0.0285146,0.0364815,0.0505174,0.0538349,0.0564055,0.058088,0.0577668,0.0563047,0.0539135,0.0498854,0.0344135,0.0275147,0.0239552,0.0192998,
0.0214321,0.035153,0.0387213,0.0434583,0.0502285,0.0523364,0.0538027,0.0557906,0.0554253,0.053939,0.0518321,0.0500993,0.0434835,0.037723,0.0349592,0.0215554,
0.0148584,0.0190036,0.0218241,0.0294683,0.0480498,0.0548976,0.0585574,0.0616847,0.0617782,0.0585694,0.0549147,0.0485561,0.0305297,0.0228239,0.0194136,0.0128395,
0.0183394,0.0184752,0.0196789,0.0265073,0.0418277,0.0471746,0.0502257,0.0519809,0.0517089,0.0491357,0.0458252,0.0406506,0.0262452,0.0192694,0.0166559,0.014855,
0.0282377,0.0418483,0.0444067,0.0459691,0.0459205,0.0471198,0.0480269,0.0485757,0.0482453,0.0475529,0.046395,0.0459432,0.0447356,0.0431354,0.0412886,0.029179,
0.0221427,0.0236231,0.0230281,0.0216414,0.0229189,0.0232758,0.0238788,0.0246869,0.0250094,0.0236713,0.0232727,0.0223154,0.0217418,0.0233231,0.0235861,0.0218132,
0.005874,0.0203132,0.0311557,0.0464592,0.0542377,0.0520025,0.0520681,0.0514241,0.0522299,0.0528098,0.0534496,0.0551244,0.0469457,0.0320441,0.0203175,0.0056087,
0.0127126,0.0261983,0.0325255,0.0389123,0.044891,0.047421,0.0495132,0.0518386,0.0513708,0.0500699,0.0477897,0.0448868,0.0392604,0.0327053,0.0265342,0.0120618,
0.0185748,0.0253845,0.0278996,0.0312064,0.0374473,0.0403958,0.042408,0.044146,0.0437299,0.0415599,0.0395903,0.0360714,0.0304227,0.0270618,0.0242597,0.018355,
0.0041209,0.0168698,0.0255383,0.0385852,0.0468388,0.0521429,0.0575299,0.0619082,0.0624509,0.0586126,0.0542954,0.0498409,0.0411827,0.027358,0.0169716,0.0022096,
0.0090615,0.024321,0.0311709,0.0362903,0.0473747,0.0536957,0.0584316,0.0624826,0.0628227,0.0590202,0.0543845,0.0477481,0.0373846,0.0320535,0.0269816,0.0100071,
0.0197787,0.0166313,0.0164466,0.0192421,0.0403341,0.0497732,0.0551744,0.0585636,0.0586517,0.0549397,0.0498692,0.0397451,0.0188628,0.0161261,0.0156026,0.0181897,
0.0168077,0.0226884,0.0257433,0.031395,0.0553988,0.0634596,0.0681461,0.0720404,0.0722405,0.0689154,0.0637953,0.0554019,0.0316917,0.0259927,0.0245942,0.017534,
0.0136108,0.0273921,0.0311895,0.0335778,0.0334162,0.0338333,0.0341952,0.0352648,0.0350972,0.0345504,0.0339701,0.0335681,0.0337705,0.0306653,0.0265508,0.0129578,
-0.0012288,0.0070023,0.0097894,0.0330247,0.0766754,0.0768522,0.075937,0.0775427,0.0776097,0.076696,0.0783356,0.078556,0.0333688,0.0126075,0.005313,0.0016609,
0.0192017,0.0229614,0.0242858,0.028167,0.0386098,0.0423879,0.0447343,0.0464094,0.046537,0.0442837,0.0416034,0.0381192,0.0276567,0.0231355,0.0211901,0.0189805,
0.0173303,0.0237938,0.0260212,0.0298509,0.0379676,0.0407648,0.0429941,0.044801,0.0446116,0.0426519,0.0404958,0.0374955,0.0287708,0.0251298,0.0231074,0.0169882,
0.0193857,0.0307097,0.0350436,0.0407468,0.0520332,0.0566734,0.0602611,0.0634533,0.0635786,0.060525,0.0570853,0.0524462,0.0411563,0.0360195,0.0309152,0.018597,
0.0249671,0.0308212,0.0321355,0.0339048,0.0365256,0.0383257,0.0392259,0.0398897,0.040402,0.0391777,0.0381337,0.0366676,0.0342664,0.0324028,0.031448,0.0248871,
0.0201475,0.029336,0.0323018,0.0375506,0.0532661,0.0597022,0.0643903,0.068125,0.068336,0.0643664,0.0601612,0.0538037,0.0373966,0.0319135,0.029131,0.0198721,
0.0192896,0.0258118,0.0265649,0.0290079,0.0323103,0.0336676,0.0346775,0.0358196,0.0364917,0.0355968,0.0342459,0.0334926,0.029942,0.0277192,0.0264164,0.0204296,
0.0192489,0.0290158,0.032771,0.0386661,0.0538983,0.0586037,0.0615384,0.063114,0.0629974,0.0606633,0.0576901,0.0527748,0.0377542,0.0331248,0.028265,0.0185806,
0.0294534,0.0375197,0.0392875,0.0417299,0.0444353,0.0458708,0.0475438,0.0487305,0.0482198,0.0477524,0.0460787,0.0446422,0.0412874,0.039826,0.0370856,0.0293282,
0.0141291,0.0212046,0.0249681,0.031195,0.0415821,0.044729,0.047403,0.0495051,0.0493914,0.0475906,0.0453006,0.0419119,0.0319929,0.0255526,0.0223714,0.0150618,
0.0186457,0.0269917,0.0290279,0.0323947,0.0542662,0.0645641,0.0699511,0.0727048,0.0720124,0.0690653,0.0635908,0.0529454,0.0312664,0.0291962,0.0283235,0.019028,
0.0088404,0.0238977,0.0282875,0.0331732,0.0422472,0.048556,0.0530752,0.0564269,0.0562262,0.0528078,0.0486889,0.042539,0.0329243,0.0285687,0.0243764,0.0087054,
0.0068485,0.0214083,0.033719,0.0549387,0.0708132,0.0702906,0.0712206,0.0736913,0.0729867,0.0700061,0.0685294,0.0687429,0.0550337,0.0325455,0.0205932,0.0040964,
0.0275842,0.0308547,0.0316911,0.0314711,0.0316428,0.0326761,0.0331413,0.0337488,0.034002,0.0331802,0.0321065,0.0313819,0.0318408,0.0312872,0.0314394,0.0268746,
0.0228267,0.0229471,0.022223,0.0207655,0.0205829,0.0208243,0.0213393,0.0221045,0.0216845,0.0214873,0.0208006,0.0203911,0.0209447,0.0222981,0.0233317,0.0228332,
0.02137,0.0218593,0.0200741,0.0202531,0.0219626,0.0223439,0.0231722,0.0229873,0.023449,0.022587,0.0219159,0.0213019,0.0198934,0.0202589,0.0203581,0.0224271,
0.0190972,0.0251112,0.0274199,0.0326114,0.0405997,0.0415875,0.0416883,0.0413268,0.0411571,0.0420538,0.042583,0.0426681,0.0329101,0.027205,0.0240648,0.0178587,
0.0249118,0.0376198,0.0402532,0.0403988,0.0449428,0.0479564,0.0503764,0.0513341,0.0512913,0.0500441,0.0477831,0.0446349,0.0394407,0.0381316,0.0350442,0.0205129,
0.0174477,0.0264244,0.0291347,0.0318808,0.0346652,0.0361615,0.0374238,0.038338,0.0388165,0.0376916,0.0362921,0.0348052,0.0321817,0.0288557,0.026815,0.0184044,
0.0249984,0.0324491,0.0362546,0.0406961,0.052312,0.0577051,0.0621973,0.0652036,0.0642345,0.0621785,0.0574248,0.0530956,0.0414959,0.0371119,0.0351995,0.0246161,
0.0184712,0.0332588,0.0368912,0.0412605,0.0594852,0.0667051,0.0697537,0.0715191,0.0710676,0.0688504,0.0653388,0.057824,0.0385844,0.0338609,0.0310484,0.0168282,
0.0150232,0.0159098,0.0175278,0.0234208,0.0461189,0.0543091,0.0600355,0.0641955,0.0641429,0.0605486,0.0558416,0.0467434,0.0232432,0.0170744,0.0162899,0.0173743,
0.014141,0.0260946,0.0291395,0.0319081,0.0391051,0.0465284,0.0530079,0.0584466,0.0584712,0.0527763,0.0462993,0.0383487,0.0326156,0.0311928,0.0263134,0.0131492,
0.0134941,0.0255647,0.0333162,0.0431633,0.0482793,0.0490766,0.0497342,0.0507772,0.0508783,0.0500234,0.0491485,0.0483305,0.0431004,0.0333215,0.0259674,0.0143803,
0.0017629,0.0084723,0.0159468,0.0347736,0.0437523,0.044586,0.0454197,0.0469631,0.0467607,0.0456666,0.0450078,0.0433469,0.0339065,0.0159541,0.0098413,-0.0003635,
0.0178751,0.0237117,0.0269772,0.0322974,0.038287,0.0397048,0.0406033,0.0417781,0.0420383,0.0409661,0.0400999,0.0388562,0.0323911,0.0267995,0.0238625,0.0172982,
0.024473,0.0333595,0.0358629,0.039232,0.0437066,0.0457114,0.0471661,0.0474181,0.0481086,0.0470785,0.0454686,0.0437758,0.0394423,0.0362802,0.0348815,0.026385,
0.0196113,0.029614,0.0346019,0.0389711,0.0612296,0.0723288,0.07852,0.0841816,0.0836452,0.0777266,0.0704556,0.0590573,0.0389872,0.0326307,0.0282977,0.0187472,
0.0192884,0.0379557,0.0449389,0.0522803,0.073379,0.0879765,0.0980229,0.106372,0.1071763,0.0984375,0.0884221,0.0744693,0.0540502,0.0480499,0.0416163,0.0218721,
0.0181545,0.0232663,0.0264717,0.0320815,0.041184,0.0451203,0.0479811,0.0504643,0.0510557,0.0493988,0.047013,0.044027,0.0343779,0.0292085,0.0258639,0.0189029,
0.0177447,0.0215858,0.02215,0.0230945,0.0249154,0.026057,0.0267685,0.0281154,0.0274256,0.0265969,0.0262872,0.025048,0.0234474,0.0226836,0.0222498,0.0187087,
0.0185784,0.0299207,0.034592,0.040543,0.0465302,0.0490822,0.0507252,0.0527492,0.0528285,0.0507253,0.0484655,0.0451653,0.0398389,0.033539,0.0284065,0.0175692,
0.0181794,0.0273362,0.0304608,0.0374332,0.0559236,0.0627015,0.0671017,0.0713519,0.0711376,0.0674445,0.0629988,0.0567628,0.0379402,0.0307382,0.0270378,0.0189482,
0.0062471,0.0239983,0.0316643,0.041058,0.0472536,0.0477627,0.048406,0.0498559,0.0499637,0.0491109,0.0486896,0.0482179,0.0422272,0.032519,0.024944,0.0093763,
0.016584,0.0348112,0.0422233,0.0536738,0.0669837,0.0697653,0.0711964,0.0723104,0.0724603,0.0707592,0.0690886,0.0661176,0.0506661,0.0395438,0.0319232,0.0147958,
0.0115752,0.0203241,0.0268033,0.0354775,0.0468761,0.0525203,0.0563293,0.0593819,0.058796,0.0554659,0.0510099,0.0454483,0.0318728,0.0241473,0.0183936,0.0098884,
0.0052989,0.01735,0.022829,0.0303805,0.042917,0.0482053,0.0517087,0.0549579,0.0546459,0.0525144,0.0488542,0.0441782,0.0317371,0.0245309,0.01883,0.0063857,
0.0024487,0.014823,0.0260695,0.0500835,0.0674638,0.068319,0.0687817,0.0725807,0.0726524,0.0707037,0.0704712,0.071296,0.0556741,0.0298698,0.0167004,0.0044435,
0.0195951,0.0193588,0.0192705,0.0198316,0.0201326,0.0207378,0.0211092,0.0216296,0.0214958,0.0210888,0.0202681,0.0198749,0.0200624,0.0202075,0.020252,0.0208169,
0.0182635,0.0256987,0.0296111,0.034813,0.0467085,0.0510036,0.0542451,0.056945,0.0573887,0.0554131,0.0520973,0.0472434,0.0356145,0.0299544,0.0266069,0.0178439,
0.0120178,0.0280017,0.0335488,0.0377967,0.0517515,0.0573105,0.0616993,0.0648196,0.0650492,0.0620577,0.0581929,0.052801,0.0402456,0.0356262,0.0313255,0.0143948,
0.0069333,0.0202293,0.027371,0.0399338,0.0563483,0.0628691,0.0679556,0.072542,0.0722437,0.0684076,0.0638433,0.0585126,0.0427289,0.0294222,0.0210559,0.0062164,
0.0149628,0.0204664,0.0247089,0.0331301,0.0442437,0.0462495,0.0475599,0.0474451,0.047654,0.0473983,0.0462,0.044355,0.0333703,0.0249612,0.020451,0.0156844,
0.0189019,0.027497,0.0311229,0.0380728,0.0471119,0.0497504,0.0505769,0.0519929,0.0523378,0.0507913,0.0495132,0.0465474,0.0380587,0.0324856,0.0286065,0.0188148,
0.0165204,0.0229549,0.0254228,0.0319909,0.0459785,0.0505611,0.0537219,0.0561708,0.0560374,0.0533973,0.0501908,0.0453486,0.0314786,0.0253799,0.0221156,0.0170136,
0.0140816,0.0272203,0.0318239,0.0375584,0.0502147,0.0543709,0.0560876,0.0582382,0.0583257,0.0566382,0.0546912,0.0516146,0.0379924,0.0317613,0.027651,0.011904,
0.0084585,0.0217508,0.0245286,0.0309729,0.0466737,0.0534092,0.0575084,0.0605997,0.0604704,0.0571685,0.0532376,0.0469602,0.0301596,0.0251187,0.0199738,0.0075608,
0.0069956,0.0190488,0.0245204,0.0318026,0.0379837,0.0404444,0.0426965,0.0449379,0.0452764,0.0438607,0.0422425,0.0403215,0.0345181,0.0271518,0.0203671,0.0070652,
0.0154845,0.0338643,0.038424,0.0441624,0.0579562,0.0647008,0.0706519,0.0757366,0.0763689,0.0712384,0.0663345,0.0595803,0.0467746,0.0408911,0.0352706,0.0170841,
0.0172378,0.0234256,0.0245042,0.0280999,0.0538903,0.0674084,0.0747008,0.0801295,0.0801437,0.0750252,0.0671264,0.0546714,0.0297953,0.0272112,0.0238399,0.0176964,
0.0153807,0.019451,0.0214371,0.0246634,0.0341097,0.0377943,0.0405717,0.0429607,0.0429207,0.0403226,0.037755,0.03414,0.025182,0.0217113,0.0199447,0.0161681,
0.0206461,0.0247439,0.0259045,0.0284077,0.0327252,0.0347261,0.0362029,0.0373792,0.0373105,0.0355755,0.0341458,0.0320788,0.0270286,0.0250479,0.0235478,0.0194467,
0.0141394,0.0292852,0.0319172,0.0367344,0.0501305,0.0543447,0.0569253,0.0588435,0.0585283,0.0568751,0.0546032,0.0505515,0.0387952,0.0339873,0.0309303,0.0155279,
0.0178678,0.0231591,0.0253893,0.0277577,0.0325966,0.0348796,0.0367991,0.0384405,0.0389146,0.0374738,0.0360946,0.0343381,0.0282899,0.0248904,0.0230445,0.0170951,
0.0177871,0.0291691,0.0324357,0.0380418,0.0465621,0.0506721,0.0534117,0.055948,0.0563277,0.0546037,0.0530481,0.0497306,0.0408105,0.0349091,0.0301693,0.0192869,
0.0176681,0.0266118,0.0302493,0.0360077,0.0518221,0.0576622,0.0616459,0.0645842,0.0648633,0.0620198,0.0583003,0.0524822,0.0372698,0.0320418,0.0277859,0.0173532,
0.0148499,0.0288604,0.0329281,0.0381811,0.0459293,0.0485703,0.0505833,0.0529853,0.053132,0.0520176,0.0499426,0.0464595,0.0380056,0.0330147,0.0292714,0.0156466,
0.0169177,0.0260013,0.0283196,0.0312579,0.0363596,0.0385575,0.0399802,0.0408767,0.0413849,0.0399026,0.0385655,0.0362165,0.0320485,0.0284865,0.0257818,0.0170601,
0.004141,0.0176018,0.0267746,0.0405716,0.0462608,0.0524409,0.0595336,0.0667481,0.0669129,0.0599401,0.0540901,0.0485473,0.0411828,0.0277399,0.0177973,0.0031914,
0.0207777,0.0358914,0.0429283,0.0485048,0.0567889,0.0596168,0.0621357,0.0640478,0.0637088,0.0621129,0.0596323,0.0562119,0.0477541,0.042644,0.0360773,0.0197303,
0.0205789,0.0269763,0.0283154,0.0285775,0.0290975,0.0297194,0.0300386,0.0306834,0.030127,0.0297479,0.0291758,0.028205,0.0286579,0.0281077,0.0278087,0.0214744,
0.0201136,0.0294493,0.0344209,0.0398536,0.0497382,0.0535152,0.0565964,0.0594262,0.0592062,0.056503,0.0535057,0.049665,0.0395132,0.0348329,0.0301815,0.0209177,
0.0179308,0.0226186,0.023647,0.0241471,0.0256206,0.0266337,0.0265879,0.0272824,0.0271443,0.026723,0.0261895,0.0252036,0.0244078,0.0237491,0.0229545,0.0186195,
0.0193503,0.0288349,0.0311833,0.0345211,0.0390939,0.0406899,0.0408729,0.0418111,0.0415894,0.0409075,0.0397317,0.0386706,0.0348647,0.0302957,0.0276862,0.0187608,
0.0256206,0.0436958,0.0483396,0.0553108,0.0730921,0.083355,0.0893612,0.0953862,0.095686,0.0902155,0.0829743,0.0728308,0.0539804,0.0478562,0.0433254,0.0248926,
0.0167083,0.0208095,0.0289882,0.0477646,0.0789268,0.0788868,0.0788294,0.07865,0.0783658,0.0759093,0.0758973,0.0757351,0.0513724,0.0300997,0.0211052,0.01922,
0.0150924,0.0208354,0.0220881,0.0229688,0.0236697,0.0242529,0.0243621,0.0256141,0.0252189,0.0249549,0.0237498,0.0236234,0.0224993,0.0215055,0.019971,0.0144423,
0.0133827,0.0179913,0.0224087,0.0313896,0.0528537,0.0618052,0.0682887,0.0728156,0.0727784,0.0667448,0.0598658,0.052172,0.0300887,0.020745,0.0177865,0.0138894,
0.02236,0.0370032,0.0403088,0.042427,0.04508,0.0464015,0.0477335,0.048813,0.0490889,0.0481398,0.0462963,0.0447594,0.041521,0.0384798,0.0352357,0.0216473,
0.0220871,0.0193966,0.0184789,0.0173252,0.0156441,0.0161218,0.0166619,0.0170626,0.0166802,0.0164635,0.0157569,0.015541,0.0176108,0.0184219,0.0191925,0.0216848,
0.0125477,0.0324819,0.0398317,0.0469809,0.0540261,0.0575662,0.0596473,0.0617912,0.0618256,0.0596712,0.0575963,0.0542405,0.0474335,0.0391756,0.0319412,0.0112236,
0.0194339,0.0288507,0.0297885,0.0364683,0.0510808,0.0541903,0.0559914,0.0570037,0.05689,0.0559245,0.0544408,0.0509285,0.0365625,0.0315737,0.0304162,0.0215445,
0.0181475,0.0260711,0.0318779,0.0429599,0.0623334,0.0672546,0.0698065,0.0711221,0.0712614,0.0687926,0.0663892,0.0607748,0.0411751,0.0300055,0.0249155,0.0179398,
0.0202977,0.0285298,0.0314197,0.0358437,0.044543,0.0474073,0.049111,0.0508972,0.0508914,0.0484647,0.047137,0.0442389,0.0366576,0.0316677,0.0283553,0.0201114,
0.0200124,0.0281845,0.0316538,0.0388554,0.0511329,0.0557367,0.0588628,0.0617276,0.0613846,0.0586407,0.0550179,0.050753,0.0373979,0.0303618,0.0269059,0.0197304,
0.0169447,0.0278359,0.0304219,0.0350713,0.0411523,0.0434532,0.0453438,0.046494,0.0469078,0.0455935,0.0439172,0.0411577,0.0357542,0.0314349,0.0282913,0.016875,
0.0211452,0.0222446,0.0228353,0.0265779,0.0348461,0.0383666,0.0405023,0.042274,0.041988,0.0403136,0.0378758,0.0348833,0.0258027,0.0226566,0.0215832,0.0206484,
0.0229409,0.0299986,0.0315149,0.0324511,0.0341098,0.0355685,0.0361376,0.0371149,0.0365497,0.0361625,0.0349454,0.0335446,0.0309116,0.0294109,0.0282535,0.0221035,
0.0174439,0.0299631,0.0308636,0.0335096,0.0374828,0.0394485,0.0411082,0.0426577,0.042473,0.0406902,0.0392764,0.0372272,0.03312,0.0295983,0.02753,0.0178731,
0.0217161,0.027626,0.0289614,0.0304412,0.0327615,0.0342107,0.0351387,0.0356615,0.0357114,0.0352802,0.0339781,0.0330897,0.0306991,0.0297849,0.0287538,0.0233459,
0.0180144,0.0270355,0.0314413,0.0402414,0.0556277,0.0591265,0.0611761,0.0625206,0.0625493,0.0612192,0.0593725,0.0559365,0.0402971,0.0313005,0.0272079,0.0184895,
0.0210503,0.0333786,0.0357538,0.035164,0.0345303,0.034923,0.0357799,0.0371375,0.0371045,0.0358795,0.0352604,0.0344948,0.0361547,0.0360228,0.0338082,0.020762,
0.018207,0.0266937,0.0300268,0.038319,0.0540616,0.0590038,0.0624986,0.0654146,0.0659721,0.0637441,0.0602308,0.0556746,0.0399075,0.0311641,0.0268541,0.0198697,
0.0160076,0.028873,0.033605,0.0418044,0.0520783,0.0557742,0.0578221,0.0599973,0.0601773,0.0581247,0.0561877,0.0530308,0.0427351,0.0347382,0.0296565,0.0160642,
0.0210038,0.0255853,0.0276213,0.0341352,0.0482371,0.0534051,0.056645,0.0596105,0.0597912,0.056838,0.053013,0.048841,0.0328868,0.0260272,0.0228119,0.0192549,
0.003685,0.0124275,0.0212393,0.0427003,0.0636387,0.0639045,0.066412,0.0685814,0.0684183,0.0665917,0.0647935,0.0660155,0.0485012,0.0237762,0.0136031,0.0010658,
0.0161288,0.026855,0.0294821,0.0329468,0.0422671,0.0465179,0.0498996,0.0521668,0.0519114,0.0492104,0.0462596,0.0417171,0.0316932,0.0286638,0.0259698,0.0146408,
0.0220222,0.0276943,0.0295611,0.0322199,0.0377899,0.0398439,0.0409091,0.041903,0.0417682,0.0408287,0.0391062,0.0369325,0.0316613,0.0285593,0.0268544,0.0207395,
0.0156342,0.0292517,0.0346915,0.0403713,0.0451864,0.0477013,0.0494235,0.0514036,0.0515233,0.0500303,0.0473374,0.0457165,0.0410605,0.0348484,0.029136,0.0107283,
0.0198495,0.0240157,0.0258963,0.0286906,0.0343445,0.0365943,0.0385652,0.0401852,0.0398596,0.0384885,0.0371421,0.0345578,0.0292787,0.0262286,0.0242116,0.0198204,
0.0148328,0.017623,0.0210833,0.0274911,0.0371143,0.0397622,0.041474,0.0428053,0.0433579,0.0417271,0.040239,0.0372563,0.0277142,0.0210044,0.0180996,0.0158581,
0.0177556,0.0266166,0.0322235,0.0394422,0.0467187,0.0478844,0.049617,0.0503512,0.0502252,0.0497272,0.0488127,0.047092,0.0395194,0.0323468,0.0272336,0.0168198,
0.0192048,0.0284149,0.030192,0.0319526,0.0346367,0.0365745,0.0371643,0.0389935,0.0387955,0.0378025,0.0362418,0.0347215,0.0320346,0.0296163,0.0280906,0.018134,
0.0147858,0.0239888,0.028008,0.0323407,0.0420415,0.0451022,0.0477966,0.0498611,0.0498142,0.0479777,0.0450064,0.041823,0.0326038,0.0278648,0.0237128,0.0142104,
0.0069242,0.0269789,0.0403956,0.0619665,0.0738569,0.0722382,0.073475,0.0760963,0.076483,0.0749227,0.0740209,0.0765746,0.062432,0.0398331,0.0276763,0.0097041,
0.0179034,0.0286966,0.034238,0.0396432,0.0464454,0.0541352,0.0599177,0.0649397,0.0653253,0.0606072,0.0544372,0.0463041,0.0390469,0.0340272,0.0292899,0.0170078,
0.0075155,0.0250637,0.0336666,0.0442305,0.0618784,0.0697875,0.0752726,0.0792511,0.0791666,0.0750005,0.0698877,0.0616547,0.0420989,0.0321425,0.0238243,0.0075701,
0.0195737,0.025658,0.0279238,0.0307532,0.0341885,0.0352953,0.0359939,0.0371076,0.0369646,0.036164,0.0353534,0.0342015,0.0301787,0.0268217,0.0242233,0.0176902,
0.0157946,0.0309678,0.0364001,0.0431686,0.0432979,0.0431117,0.0433498,0.0432493,0.0432695,0.0429975,0.042418,0.042191,0.0406453,0.0353996,0.030395,0.0157055,
0.0204235,0.0205279,0.0210967,0.0211934,0.0221182,0.0227338,0.022883,0.0233924,0.0233362,0.0229719,0.0225474,0.0221611,0.0211556,0.020937,0.0206374,0.0202119,
0.0108504,0.024237,0.0271594,0.0271568,0.0397205,0.0468945,0.0507288,0.0525834,0.0526368,0.0505168,0.047307,0.0406241,0.0293753,0.030225,0.0266924,0.0147307,
0.0171452,0.0256641,0.0277976,0.0290194,0.0308569,0.0316076,0.0320287,0.0326925,0.0325989,0.0316911,0.0312482,0.0302147,0.0289343,0.027774,0.0256195,0.0163544,
0.0176712,0.0291728,0.0315987,0.0367864,0.0471282,0.0502356,0.0520344,0.0532963,0.0536674,0.0515599,0.0492367,0.0458658,0.0359169,0.0314135,0.0287491,0.0190962,
0.019129,0.0266153,0.0292132,0.0330315,0.0430075,0.0474217,0.0506503,0.0532973,0.0530498,0.0502844,0.0472751,0.0432086,0.0336875,0.029289,0.0269408,0.0190042,
0.0253167,0.0330238,0.0342256,0.0343627,0.0347833,0.0357496,0.0363305,0.0373259,0.037243,0.0368893,0.0361518,0.0353544,0.035332,0.0350308,0.0342439,0.0259346,
0.0172691,0.0280463,0.0329618,0.0412957,0.0544905,0.0580256,0.0601727,0.0623306,0.0621183,0.0596944,0.0570925,0.053472,0.0403062,0.0314744,0.0263016,0.0162402,
0.0223467,0.0259673,0.0292767,0.034448,0.0528293,0.0605321,0.0660322,0.0710349,0.0714448,0.066148,0.0603151,0.0525874,0.0346528,0.0285052,0.0251834,0.0212577,
0.0153502,0.0282073,0.0301323,0.0303316,0.0388686,0.0456598,0.050618,0.0550005,0.0551269,0.0512756,0.0465931,0.0401385,0.0322604,0.0310264,0.0284961,0.014896,
0.0195696,0.0166355,0.0162028,0.0166734,0.019893,0.0228493,0.0253136,0.0273083,0.0270295,0.0250101,0.0223945,0.0204704,0.0176139,0.0167417,0.0170337,0.0181351,
0.0140719,0.0188263,0.0215086,0.0281311,0.051991,0.063033,0.0708945,0.0766153,0.0766643,0.0703593,0.0629436,0.0512679,0.0273643,0.0203413,0.0182151,0.0143997,
0.0125936,0.0232809,0.0267429,0.0338224,0.0529949,0.0605542,0.0650589,0.0684819,0.0687896,0.0655461,0.0612899,0.0541444,0.0377996,0.0306106,0.0249939,0.0157843,
2.35e-05,0.0051208,0.0109084,0.0296321,0.0548941,0.0538076,0.0528964,0.0536625,0.0533925,0.0525102,0.0536086,0.0557143,0.029969,0.0105851,0.0049538,0.0007784,
0.0089443,0.0223668,0.0282242,0.0378987,0.0454028,0.045147,0.0453457,0.0457293,0.0454252,0.0448786,0.0450285,0.0460521,0.0394029,0.0301484,0.0241647,0.0092621,
0.0203047,0.026984,0.0284116,0.029659,0.0316759,0.0326955,0.0336768,0.0344599,0.0341096,0.0336029,0.0323369,0.0316197,0.0292651,0.0275112,0.0263019,0.0191625,
0.0208247,0.026428,0.0272889,0.0302866,0.0395652,0.0418682,0.0442911,0.0451739,0.0452222,0.0441447,0.0425867,0.0394208,0.0312252,0.0286016,0.0270052,0.0205496,
0.0263158,0.0390914,0.0420009,0.0481286,0.0586076,0.0616311,0.0641018,0.0660508,0.0657702,0.0639787,0.0618825,0.0585262,0.0477865,0.0406944,0.0371236,0.0257047,
0.0193551,0.0261708,0.0296851,0.0343036,0.0463491,0.0520921,0.0563428,0.0596063,0.0597568,0.0563506,0.052105,0.0460724,0.0327715,0.0274066,0.0246176,0.0185375,
0.0145773,0.023425,0.0266923,0.0336372,0.0537375,0.0608187,0.0659478,0.0697939,0.0696179,0.0658292,0.0610834,0.0540039,0.0337035,0.0255855,0.0221483,0.0128546,
0.0147435,0.0269808,0.030636,0.0349685,0.0438171,0.0476628,0.0507599,0.0531319,0.053087,0.0509841,0.047725,0.0436334,0.0350207,0.0305948,0.027947,0.0157508,
0.0147259,0.0155961,0.0147195,0.020001,0.0448281,0.0550121,0.0630331,0.0695082,0.0695705,0.0630655,0.0560184,0.0458318,0.0221841,0.0172748,0.0165571,0.0185651,
0.0181408,0.0294868,0.0329251,0.0377545,0.0487898,0.0538395,0.0576907,0.0609168,0.0608944,0.0581562,0.0542123,0.0493392,0.0380589,0.0326395,0.0294757,0.0186168,
0.0089472,0.0232723,0.029901,0.0368286,0.0417679,0.0441872,0.04631,0.04865,0.0488411,0.0465629,0.0440806,0.0409099,0.0347313,0.0274116,0.0216429,0.0079649,
0.0233006,0.0194463,0.0169893,0.0137807,0.0108522,0.0110048,0.0108372,0.0112072,0.0111703,0.0106824,0.0106548,0.0109467,0.0139577,0.0174277,0.0197927,0.0235859,
0.0227932,0.0333363,0.0379139,0.044171,0.0550128,0.0580335,0.0601977,0.0626391,0.0626327,0.0602604,0.0579873,0.0544103,0.0434806,0.0360893,0.0320735,0.0227716,
0.022319,0.0262312,0.0253972,0.0234694,0.0232127,0.0234059,0.0244974,0.0248302,0.02501,0.0247669,0.0234683,0.0231513,0.0245245,0.026223,0.0271589,0.0225132,
0.0012986,0.0103233,0.019164,0.0346381,0.0470756,0.0489641,0.0507416,0.0524871,0.0524308,0.0505788,0.0492248,0.0476708,0.0350181,0.0197082,0.011443,0.004108,
0.0147278,0.0254744,0.0291456,0.0359186,0.0497334,0.0542636,0.0567565,0.0588257,0.0587139,0.0566347,0.0538346,0.0496608,0.035748,0.0293045,0.0258585,0.0154586,
0.0011921,0.0119286,0.0242354,0.0465084,0.0592336,0.0598157,0.0619571,0.064543,0.0647259,0.0630164,0.0611997,0.0617378,0.0503703,0.0283981,0.0145016,0.0033881,
0.0286415,0.0395836,0.0412163,0.046725,0.0671942,0.0773341,0.0838933,0.0890462,0.0893338,0.083696,0.0776939,0.0677534,0.0485768,0.0437402,0.041007,0.0260727,
0.0142778,0.0215362,0.0257738,0.0348679,0.0505144,0.0550792,0.0581792,0.0604557,0.0603566,0.0575618,0.0541776,0.0493656,0.0339653,0.0254085,0.0213632,0.013485,
0.0026698,0.0128211,0.0213425,0.0403088,0.0556002,0.054844,0.0552567,0.0559622,0.0564632,0.0553304,0.055981,0.0583094,0.0427341,0.0230294,0.0133843,0.0044074,
0.0242439,0.0216664,0.0194901,0.0160607,0.0147614,0.0143901,0.0151792,0.0154873,0.0153137,0.0149843,0.0148053,0.0139863,0.0158063,0.0185688,0.0205679,0.0223547,
0.0222168,0.0260717,0.0275896,0.0293237,0.0329639,0.0338914,0.0350864,0.0352116,0.0353179,0.0346103,0.0337512,0.0327937,0.0295001,0.0273862,0.0255046,0.0216436,
0.023152,0.033686,0.0388067,0.0461255,0.0527788,0.0549384,0.0567204,0.0582992,0.0585673,0.0572265,0.0556842,0.0538813,0.0459972,0.0384693,0.0328194,0.0226348,
0.0189673,0.0213173,0.0229728,0.0281005,0.0422178,0.0465007,0.0492485,0.0504514,0.0503098,0.0483441,0.0463636,0.0419654,0.0279938,0.022821,0.0210478,0.0161643,
0.0150202,0.0252756,0.0286734,0.0320932,0.0363998,0.0382953,0.0400057,0.0415881,0.0414666,0.0403851,0.0391941,0.0373844,0.032515,0.0293484,0.0262311,0.0155231,
0.0091726,0.0220702,0.0277443,0.0362625,0.0535166,0.0590096,0.0629001,0.0660317,0.0661713,0.0634147,0.059715,0.0544695,0.0376861,0.0289332,0.0235369,0.0107491,
0.0167588,0.0244669,0.026443,0.02974,0.0342221,0.0341916,0.0346483,0.0351216,0.0351493,0.0344494,0.0340497,0.034312,0.0296444,0.0265249,0.0241236,0.0177844,
0.0200088,0.0261957,0.0290802,0.033314,0.0446634,0.0483003,0.0512537,0.0531827,0.0531763,0.0505939,0.0481815,0.0444982,0.0331404,0.0290599,0.027028,0.0207981,
0.0179655,0.0310781,0.0352895,0.0377139,0.0427119,0.0455436,0.0475902,0.0495324,0.0497345,0.0479147,0.0460611,0.0439269,0.0403892,0.0360252,0.0322711,0.0158219,
1.81e-05,0.0058702,0.0112841,0.0278046,0.060087,0.0621187,0.0609287,0.0595356,0.0598727,0.0618765,0.0631747,0.060973,0.0280345,0.0123111,0.0038485,-0.0032347,
0.0096382,0.0252179,0.0352312,0.0511324,0.0623935,0.0627696,0.0633012,0.0652334,0.0649878,0.0632297,0.0630373,0.0615782,0.0505867,0.0342265,0.0235418,0.0083522,
0.01842,0.0214746,0.0231754,0.0279322,0.0395707,0.0423325,0.0444431,0.0459908,0.0459331,0.0441164,0.0420584,0.0390944,0.0289575,0.0233798,0.0216127,0.0186912,
0.0239789,0.0216468,0.0200378,0.019006,0.0192841,0.0198123,0.0203871,0.020203,0.0207408,0.0202525,0.019568,0.0192559,0.0185166,0.0199553,0.0212567,0.0230317,
0.0206778,0.0129195,0.0106393,0.0087182,0.0081086,0.0079787,0.0089844,0.008495,0.0086728,0.0082425,0.0078582,0.0080308,0.0091128,0.0105173,0.0125571,0.020247,
0.0150139,0.0192472,0.0255153,0.0374497,0.058356,0.0652724,0.0700716,0.074186,0.0737416,0.0699333,0.0651347,0.058377,0.0368742,0.0265712,0.0190931,0.0127328,
0.0163807,0.0145024,0.0178419,0.0266328,0.0447402,0.0502587,0.0534389,0.0560574,0.0559927,0.053608,0.0503706,0.0447941,0.0270666,0.0176567,0.0150095,0.0162569,
0.0183436,0.0227761,0.0254215,0.0302492,0.0391473,0.0415993,0.0432785,0.0444318,0.0443726,0.042875,0.04134,0.0385878,0.0301901,0.0254714,0.0231434,0.0186806,
0.0182818,0.0189547,0.0207013,0.0246902,0.0335716,0.0363731,0.0376998,0.0389237,0.0387403,0.0376303,0.0360339,0.0336554,0.0250015,0.0206565,0.01915,0.0180893,
0.013874,0.0343346,0.044723,0.0554264,0.0610528,0.0642473,0.0677734,0.0721184,0.0719354,0.067634,0.0636138,0.0595727,0.0527685,0.042426,0.0333315,0.0108249,
0.0105999,0.0251816,0.0317275,0.0374488,0.0470162,0.0506604,0.0532006,0.0553571,0.055371,0.0530225,0.0502358,0.046705,0.0369887,0.031768,0.0263673,0.011453,
0.0177541,0.0280823,0.0323799,0.0399547,0.0571279,0.0636844,0.0677654,0.0713558,0.0711434,0.0673345,0.062517,0.0555789,0.038141,0.0311957,0.0275578,0.017489,
0.0026934,0.0139091,0.0279964,0.0476113,0.0524493,0.0572676,0.0617867,0.0659928,0.0661482,0.0624604,0.0585518,0.0543334,0.0502446,0.0294996,0.0156267,0.0046899,
0.0177185,0.0232233,0.0253095,0.0289352,0.035176,0.0379648,0.0399222,0.0418986,0.0420101,0.0401606,0.0379971,0.0354766,0.0286096,0.0253704,0.0236137,0.0177754,
0.0250834,0.0320746,0.032747,0.0329237,0.0338309,0.0347142,0.0353123,0.0358916,0.0361657,0.0352502,0.0345034,0.0334169,0.032853,0.0327642,0.0317532,0.0238065,
0.0132148,0.0204742,0.0235342,0.0283791,0.0351477,0.0375585,0.0393189,0.0407889,0.0407605,0.0393829,0.0374662,0.035309,0.0283008,0.0237044,0.0210043,0.0135822,
0.0170188,0.0209125,0.0234005,0.0277613,0.0350231,0.0372301,0.0387837,0.0403546,0.0401458,0.038674,0.0370461,0.0349163,0.0276369,0.0232575,0.0209198,0.0165495,
0.0139215,0.019513,0.0206431,0.0229495,0.0372343,0.0470117,0.0542725,0.0603383,0.0601694,0.0541248,0.0465338,0.0367695,0.0222894,0.0207422,0.0191249,0.0145913,
0.0186895,0.0236995,0.0260168,0.0291401,0.0346859,0.0364498,0.0375709,0.0389867,0.0390723,0.0377336,0.036391,0.034344,0.0287241,0.0256458,0.0233692,0.0182113,
0.0087512,0.0257237,0.0330564,0.0431803,0.0488713,0.0493224,0.0499987,0.0510011,0.0511309,0.0503171,0.0497925,0.0498617,0.0448704,0.0341294,0.0261284,0.0100764,
0.024012,0.0323248,0.035645,0.0436574,0.0580242,0.0625611,0.0654975,0.0678813,0.068017,0.0656301,0.062129,0.057237,0.0430486,0.0366325,0.0331056,0.0247807,
0.0188633,0.0263328,0.0296372,0.0364775,0.0511238,0.0563662,0.0600977,0.0635276,0.0637665,0.0611553,0.0573777,0.0522135,0.0373643,0.0301078,0.0265558,0.0204547,
0.0073152,0.0243741,0.0327038,0.0431992,0.0537434,0.0563675,0.0585864,0.061359,0.0618775,0.059682,0.0572,0.054355,0.0433195,0.0324731,0.0241386,0.0072115,
0.0136811,0.0248493,0.0270757,0.03256,0.0495074,0.054281,0.0567496,0.0581428,0.0582617,0.056644,0.0543818,0.0492588,0.0321561,0.0276818,0.025579,0.0144423,
0.0160624,0.024635,0.0287211,0.0349202,0.0486508,0.0538001,0.0576903,0.0611702,0.0610986,0.0579789,0.0541527,0.0491278,0.0358016,0.0292413,0.0257175,0.0154246,
0.0207427,0.0193715,0.0188526,0.0187272,0.0184476,0.0187802,0.019432,0.0195735,0.0197684,0.019509,0.0189857,0.0180977,0.0187439,0.0191027,0.0192561,0.0200989,
0.0185342,0.0282513,0.0303327,0.0331006,0.0383328,0.0404926,0.0420007,0.0435468,0.0436703,0.0420683,0.0406482,0.0384678,0.0330811,0.0300784,0.0275321,0.0193451,
0.0199127,0.0437795,0.0523602,0.0603043,0.0709111,0.0778768,0.0837803,0.0897645,0.0897494,0.0840904,0.0774584,0.0704888,0.0601875,0.0521532,0.0429171,0.0200353,
0.0182873,0.028339,0.0310501,0.0345241,0.0403481,0.0427687,0.0444938,0.045742,0.0460473,0.0449238,0.0431387,0.0411456,0.0365116,0.0327976,0.0294634,0.0198978,
0.0175209,0.0197638,0.0215579,0.0271912,0.0320312,0.0239975,0.0184503,0.0166342,0.0173431,0.0190803,0.0235522,0.0318696,0.0275999,0.0208312,0.0192418,0.0176079,
0.0135797,0.0209408,0.0261158,0.0365167,0.0547527,0.0616267,0.0656811,0.0686101,0.0687221,0.0655292,0.0616259,0.055272,0.0365346,0.0272693,0.0231492,0.0149467,
0.0183935,0.026783,0.0298357,0.0346888,0.0413177,0.043443,0.0450806,0.0463498,0.0459903,0.0448723,0.0434118,0.0414463,0.0344302,0.0299954,0.0268755,0.0183511,
0.0196,0.0234998,0.0249242,0.0271316,0.0332667,0.0357126,0.0372519,0.0388636,0.0386835,0.037041,0.0351259,0.0325975,0.0270444,0.0242866,0.0229712,0.0197322,
0.0176493,0.0225094,0.0262221,0.0341773,0.0554455,0.06366,0.0683195,0.0721417,0.0724065,0.069006,0.0645769,0.0572754,0.0351072,0.0272445,0.0236566,0.0191734,
0.0174824,0.0122099,0.0136743,0.0239579,0.0518062,0.0596063,0.0636628,0.0666967,0.0668782,0.0640787,0.0600875,0.0519721,0.0231914,0.0147805,0.0126561,0.0182706,
0.0153815,0.0215901,0.0255678,0.0330503,0.0457695,0.0497507,0.0521694,0.0542039,0.0540823,0.0521445,0.0493697,0.0449678,0.0322433,0.0254223,0.0215489,0.0149995,
-5.59e-05,0.0059755,0.0143783,0.0337148,0.059148,0.0596301,0.0612646,0.0638627,0.0639149,0.0613195,0.0598405,0.059199,0.0356161,0.0131046,0.0061565,0.0019519,
0.0235632,0.0317033,0.0337619,0.0364234,0.0407535,0.0420418,0.0427475,0.0434981,0.0430022,0.0424822,0.042386,0.0419137,0.0373182,0.0340872,0.0320932,0.0234304,
0.0181151,0.0236794,0.027579,0.0345286,0.0464155,0.0494808,0.0512613,0.0527314,0.0525486,0.0512013,0.0490855,0.0457561,0.0337574,0.0265664,0.0227488,0.017493,
0.0186563,0.0303641,0.0334221,0.0382943,0.0516284,0.0571907,0.0610354,0.0642588,0.0640706,0.0607507,0.0566434,0.0508191,0.0374369,0.033309,0.0305252,0.0197135,
0.0173728,0.0256093,0.0266849,0.0330692,0.055995,0.0630124,0.0663899,0.0683177,0.0682845,0.0664057,0.0629509,0.0563418,0.0334166,0.0273975,0.0267464,0.0184861,
0.0181659,0.0224048,0.0258429,0.0317673,0.0420189,0.0449973,0.0467079,0.0482615,0.0480608,0.0463876,0.0444423,0.0419439,0.0325187,0.0262768,0.022814,0.0187038,
0.0104942,0.0250926,0.030423,0.0376681,0.0463893,0.0493604,0.0518629,0.0540827,0.0542156,0.0519066,0.0490859,0.0458128,0.0368763,0.0299389,0.0244731,0.0120742,
0.0199953,0.0238586,0.0258704,0.0295392,0.0350479,0.0366742,0.0379632,0.038748,0.0386335,0.037714,0.0365624,0.0348734,0.0292556,0.0257021,0.0238705,0.0199453,
0.0165667,0.0274467,0.0297943,0.0339829,0.047542,0.0514544,0.0539771,0.0554706,0.0555691,0.0539295,0.0517103,0.0478179,0.0351951,0.030121,0.0277645,0.0171296,
0.0070305,0.0254173,0.0348148,0.0445289,0.0480154,0.0491987,0.0508143,0.0523416,0.0521673,0.0506935,0.0485741,0.0469108,0.0431441,0.033613,0.0246584,0.0069493,
0.0105742,0.0277733,0.032066,0.0357525,0.0425794,0.0467994,0.0500634,0.0523931,0.0528123,0.0500298,0.0469391,0.0428938,0.0352315,0.0314192,0.0271485,0.0103911,
0.0212287,0.0218039,0.021346,0.0208345,0.0211346,0.0217683,0.0222113,0.0227009,0.0224556,0.0220266,0.0215178,0.0209994,0.0204577,0.0210126,0.0212675,0.0201386,
0.0190296,0.0216223,0.0221411,0.0252494,0.0335817,0.0316605,0.0289587,0.0265866,0.026836,0.0290573,0.0315676,0.032966,0.0247179,0.0225421,0.0217157,0.0196331,
0.0144173,0.0334337,0.0397429,0.0463604,0.0593699,0.0639448,0.0662272,0.0678454,0.0679097,0.0663428,0.0639627,0.0597505,0.0479338,0.0414364,0.0355538,0.0158175,
0.0156966,0.0188309,0.0201535,0.0261319,0.047587,0.0563575,0.0629035,0.0678581,0.0676307,0.0624724,0.056474,0.0472143,0.0244575,0.017748,0.0174224,0.014375,
0.0178283,0.0286925,0.0337914,0.0398533,0.051375,0.0570739,0.0618889,0.0663655,0.0660381,0.0613039,0.0563162,0.0505346,0.0394716,0.0333415,0.0286123,0.0164259,
0.0210897,0.0272942,0.0294003,0.0323916,0.0368882,0.0382685,0.0394797,0.0400643,0.0402652,0.0390844,0.0382923,0.0367848,0.0320072,0.0296109,0.0275882,0.0215937,
0.005938,0.0159764,0.0269674,0.0412009,0.0485003,0.0522495,0.0591977,0.0674639,0.0675051,0.0594728,0.0528533,0.0497053,0.0446077,0.0289286,0.0188865,0.0048306,
0.0194494,0.0290894,0.0319238,0.0361362,0.040552,0.0420709,0.0433235,0.0443609,0.044599,0.0431222,0.04171,0.0402165,0.0358807,0.0321949,0.0293287,0.0198307,
0.0132852,0.0224729,0.0257092,0.0289924,0.0348294,0.0375591,0.0394756,0.0411442,0.0409008,0.0388497,0.0363452,0.0336924,0.0278353,0.0246987,0.0217741,0.0131105,
0.0166301,0.0204548,0.0242033,0.0325619,0.0479887,0.0522017,0.0546085,0.0562801,0.0561167,0.0542805,0.0518392,0.0476427,0.0321856,0.023811,0.0204366,0.0171797,
0.0213244,0.0280676,0.0305232,0.0343513,0.042593,0.0454225,0.047609,0.0493006,0.0497637,0.0482267,0.0463088,0.0433108,0.0349597,0.0304543,0.0287292,0.0209876,
0.0142204,0.0243774,0.0294832,0.0366529,0.0513322,0.0579045,0.062271,0.0656077,0.0655081,0.0619442,0.0577268,0.0515003,0.0379971,0.0301527,0.0257946,0.017116,
-0.0016165,0.0093981,0.0180482,0.0314656,0.0451434,0.0487644,0.0514682,0.0536852,0.0539315,0.0518677,0.0496424,0.0462933,0.0329541,0.0177641,0.0102863,0.0018907,
0.0044105,0.0119758,0.0193441,0.0339115,0.0545242,0.0567364,0.0576357,0.058912,0.0592497,0.0588748,0.0581042,0.0557237,0.0348422,0.0193435,0.0123489,0.0029364,
0.0098658,0.0284946,0.0400709,0.0571398,0.0659516,0.06413,0.0640212,0.0649753,0.065022,0.0640593,0.0641364,0.0657337,0.0573167,0.0397543,0.0281057,0.0083159,
0.0035411,0.0177594,0.029221,0.0504479,0.0580462,0.0635851,0.0720735,0.0813023,0.0817697,0.0726765,0.0642677,0.0585589,0.0510634,0.0292215,0.0161419,0.0047808,
0.0173821,0.0269735,0.0304426,0.0342332,0.0405068,0.0429917,0.0446105,0.0461686,0.0463245,0.0449859,0.0435922,0.0412648,0.0355265,0.0317555,0.0278748,0.0165135,
0.0188575,0.0261023,0.029714,0.0373059,0.0520727,0.0572448,0.0609112,0.0637769,0.0636117,0.0608667,0.0571966,0.052221,0.037655,0.0303048,0.0266985,0.0188197,
0.0176543,0.024755,0.0287481,0.038242,0.058699,0.0653208,0.0692229,0.0727214,0.0728937,0.0698258,0.0660845,0.0600465,0.0398068,0.0296572,0.0254886,0.0179758,
0.0204997,0.0220791,0.0226443,0.0230144,0.0240506,0.0245422,0.0250473,0.0254828,0.0253399,0.0251676,0.0244553,0.0240467,0.023248,0.022808,0.022131,0.0201423,
0.018058,0.0282198,0.0317428,0.0395989,0.0622217,0.071333,0.0777291,0.0829635,0.0828858,0.0779304,0.0716135,0.0628998,0.0404504,0.0328425,0.0289133,0.0189404,
0.0161563,0.0193316,0.0210928,0.0252469,0.0461372,0.0563079,0.0632441,0.0691724,0.0694089,0.0636892,0.0567813,0.0469825,0.0259297,0.0205473,0.0188833,0.0140556,
0.0126135,0.0233301,0.0273964,0.0323125,0.0439918,0.0485791,0.0518237,0.0544206,0.0543902,0.0519351,0.0490401,0.0442623,0.0328791,0.0278103,0.024106,0.0124269,
0.0097909,0.0244088,0.0294328,0.0355838,0.042205,0.0450703,0.0473012,0.0494346,0.0495946,0.0476563,0.0454867,0.0430566,0.0367362,0.0303969,0.0253233,0.0105408,
0.0137549,0.0303309,0.0353653,0.0402819,0.0515632,0.056457,0.0595062,0.0617917,0.0616167,0.0595812,0.0566097,0.0522419,0.0405955,0.0347591,0.0300934,0.0137127,
0.0200563,0.0237637,0.0253959,0.0259838,0.0270911,0.0275714,0.027923,0.0283494,0.0285758,0.0280508,0.027768,0.0274612,0.0267243,0.0261044,0.0246835,0.0208109,
0.022694,0.0267355,0.0283455,0.0313301,0.0367459,0.0384599,0.0396438,0.0406609,0.0403737,0.0392076,0.0379815,0.0362227,0.0309936,0.0280494,0.026685,0.0228763,
0.018413,0.0291167,0.033397,0.0385134,0.0523661,0.0598874,0.0653384,0.0703988,0.0701457,0.0648551,0.0587613,0.0511896,0.0379545,0.0335092,0.0287392,0.0182698,
0.0144163,0.0231931,0.0274035,0.0367678,0.0590913,0.0658897,0.0697652,0.0727131,0.0725317,0.069894,0.0662657,0.0597097,0.0384841,0.0287157,0.0237178,0.0142255,
0.0092909,0.0222269,0.0288944,0.0377637,0.0488043,0.0531572,0.056406,0.0584693,0.0585215,0.0562455,0.0531787,0.0485425,0.0364734,0.0272994,0.0203171,0.0101034,
0.0212045,0.0198673,0.0187838,0.0178393,0.0178029,0.0183753,0.0186576,0.0191723,0.0191867,0.0187308,0.0183113,0.0179247,0.0180372,0.0191799,0.020258,0.0220309,
0.0192066,0.0282852,0.0307879,0.0347093,0.047839,0.0524623,0.0548242,0.0566004,0.0568678,0.0551197,0.052227,0.0479746,0.0352536,0.0316546,0.0292701,0.0204455,
0.020447,0.031042,0.0349423,0.040667,0.0502585,0.0534845,0.0558515,0.0578451,0.0577991,0.0556546,0.0533687,0.0499087,0.0406185,0.0341015,0.0304913,0.0197287,
0.0208048,0.0225034,0.0231453,0.0245852,0.0286927,0.0308024,0.0323723,0.033989,0.0339914,0.0323787,0.0305558,0.028594,0.0244485,0.0229679,0.0224829,0.0203616,
0.0212641,0.0355815,0.0398874,0.043966,0.0478998,0.0499561,0.051733,0.0533666,0.0534314,0.0521563,0.050195,0.04793,0.0424887,0.0381467,0.0344016,0.0205541,
0.0175325,0.0282636,0.0308697,0.0339571,0.0414036,0.044152,0.0461349,0.0478935,0.0479348,0.0460312,0.0439768,0.0411617,0.0339172,0.0307425,0.0284638,0.01756,
0.0198263,0.024833,0.0265634,0.0287012,0.0318591,0.0331193,0.033923,0.0346004,0.0347636,0.0339551,0.0330929,0.0319536,0.0288735,0.0267691,0.025459,0.020928,
0.0210154,0.0179751,0.0169088,0.0156724,0.0144724,0.0145735,0.0151493,0.0153641,0.0154342,0.0150083,0.0149547,0.0145152,0.0156675,0.0167466,0.0178098,0.0210091,
0.0211688,0.0268358,0.0280064,0.0288275,0.0292613,0.0301477,0.0306437,0.0312997,0.0312721,0.0307165,0.0303695,0.0296777,0.0293722,0.0284648,0.0275686,0.0219553,
0.0233085,0.0263586,0.0263511,0.0267702,0.0272098,0.0281737,0.0286506,0.0290127,0.0292505,0.0287332,0.0281889,0.027242,0.0266826,0.0268138,0.0268663,0.0244422,
0.0077434,0.0252562,0.0322233,0.0413539,0.0521861,0.0567646,0.0598251,0.0626946,0.0625194,0.0596241,0.0563261,0.0519221,0.0405015,0.0317627,0.024487,0.0076685,
0.0135843,0.0280154,0.0335914,0.0412237,0.0590165,0.0701526,0.0781251,0.0846045,0.0843315,0.0777603,0.0697938,0.0586883,0.0411386,0.0332214,0.0284874,0.0153085,
0.0200098,0.0226213,0.0223459,0.0206574,0.0205013,0.0210844,0.0218966,0.0222003,0.022033,0.0217223,0.0212762,0.0208339,0.0213865,0.0225597,0.0234026,0.0207366,
0.0149266,0.0287147,0.0331681,0.0377611,0.0429904,0.0450505,0.0461285,0.0472142,0.0473448,0.046294,0.0449626,0.0427491,0.0380058,0.033266,0.0291439,0.015129,
0.0162892,0.0162962,0.0162872,0.0164641,0.0159984,0.0192723,0.022697,0.0297184,0.0225654,0.0206108,0.0201368,0.023657,0.0225762,0.0166366,0.0161926,0.0178011,
0.0036171,0.01399,0.0255417,0.0513496,0.0648655,0.0613851,0.0611603,0.0619048,0.061768,0.0608705,0.0616014,0.0661671,0.0524063,0.0255252,0.0142712,0.0039971,
0.0160909,0.0165294,0.0192616,0.026944,0.048037,0.0556768,0.0605343,0.0642679,0.0643169,0.0604953,0.0552771,0.0474595,0.0264341,0.0189448,0.0173039,0.0169139,
0.0174699,0.0260592,0.0306262,0.0385568,0.0518391,0.0562983,0.0590202,0.0614311,0.0616543,0.0593889,0.0563483,0.0517551,0.0384966,0.0306328,0.0256826,0.0163507,
0.007243,0.0227939,0.0315244,0.0400988,0.0450986,0.0483984,0.0516256,0.0545669,0.0542942,0.050995,0.0480161,0.0446303,0.0394092,0.0308541,0.0232826,0.0082374,
0.0169689,0.0255833,0.0283028,0.0326148,0.0393707,0.0418504,0.0434114,0.0449832,0.0449256,0.043453,0.0417599,0.0394633,0.0334556,0.02917,0.0265919,0.0171887,
0.0157428,0.0205707,0.0224768,0.0264318,0.0335492,0.0365833,0.0386821,0.0405697,0.0410932,0.0395118,0.0376092,0.0348596,0.0277764,0.0240259,0.0225364,0.016821,
0.01951,0.027033,0.0290966,0.0319051,0.0366877,0.0384721,0.0398146,0.0404591,0.0405194,0.0394104,0.0383885,0.037017,0.032244,0.0292824,0.0269242,0.0196386,
0.0198041,0.025051,0.0270215,0.0316568,0.040208,0.0422378,0.0435018,0.0446501,0.0443948,0.0436527,0.042816,0.0404493,0.0323128,0.0272348,0.0250677,0.0202063,
0.0165817,0.0268897,0.0307642,0.0374055,0.051681,0.056309,0.0595871,0.0621258,0.0617346,0.0590171,0.0560933,0.051276,0.0367001,0.0299185,0.0260621,0.0164317,
0.0155151,0.0286282,0.0333919,0.0389786,0.0469296,0.0495873,0.0516209,0.053148,0.0532294,0.0516527,0.0494854,0.0465708,0.0383652,0.0328959,0.0284999,0.0140415,
0.0184015,0.0312449,0.0356074,0.0421953,0.0553749,0.0598205,0.0630446,0.0653609,0.0653035,0.0622784,0.0588827,0.0540083,0.0417498,0.0355091,0.0307323,0.0178708,
0.0160443,0.0296025,0.0363564,0.0433864,0.0584158,0.0682695,0.0756107,0.0817991,0.0814684,0.0743132,0.0662714,0.0556743,0.040226,0.0336372,0.0280496,0.0141557,
0.0209135,0.031106,0.0337807,0.0413722,0.0554037,0.0590075,0.0609185,0.0624046,0.0628279,0.0609778,0.059207,0.0554827,0.0426672,0.0351751,0.031827,0.0221049,
0.0119367,0.0293106,0.0332468,0.0371765,0.0471813,0.0524071,0.0558399,0.0591693,0.0588726,0.0560252,0.0522099,0.0472015,0.036768,0.0325456,0.0276891,0.0132788,
0.0187407,0.0239355,0.0262002,0.0315647,0.0427036,0.0468033,0.0494326,0.051242,0.0512854,0.0491775,0.0465938,0.042982,0.0317728,0.0264989,0.0239954,0.0198838,
0.0163341,0.0268062,0.0317504,0.0397529,0.0503054,0.053269,0.0557559,0.0575451,0.0576291,0.0557749,0.0535729,0.0509628,0.0395843,0.0320162,0.0277013,0.0183359,
0.0176532,0.0238765,0.0263576,0.0301776,0.0368645,0.0389533,0.0406144,0.0418912,0.0419331,0.0402631,0.038863,0.0363527,0.0296789,0.0256492,0.0235821,0.0173168,
0.0228969,0.0409381,0.0472178,0.0551742,0.0754253,0.0819672,0.0854603,0.087837,0.0876607,0.0852182,0.0815613,0.0742328,0.0533659,0.0436853,0.0394884,0.0205533,
0.0087262,0.0295384,0.0412797,0.0576231,0.0627342,0.0645079,0.0668922,0.068241,0.0680511,0.06633,0.0640575,0.0619003,0.0551891,0.0396838,0.026891,0.0089551,
0.0070581,0.0246592,0.0349546,0.0487443,0.0546464,0.0531236,0.0527176,0.0539417,0.0537411,0.0526794,0.053081,0.0550434,0.0506011,0.0364471,0.0252391,0.0065934,
0.0227959,0.0239119,0.0244434,0.0257731,0.0278532,0.028638,0.0290432,0.0301049,0.0299158,0.0293459,0.0285984,0.027593,0.0252624,0.0238934,0.0233753,0.022284,
0.0218322,0.0247694,0.0238078,0.02622,0.0504217,0.0592213,0.0635998,0.0657767,0.066026,0.0637657,0.0592734,0.0500006,0.0257746,0.0246156,0.0245277,0.0226524,
0.0059172,0.026058,0.0390982,0.0498295,0.0507574,0.0573603,0.0639591,0.0697816,0.0701047,0.0648339,0.0579843,0.0511515,0.049792,0.0378445,0.0263878,0.0074891,
0.0185894,0.021962,0.0236241,0.0276356,0.0342133,0.0367592,0.0383141,0.0396759,0.0396306,0.0385761,0.0369782,0.0349624,0.0279831,0.0243819,0.0223686,0.0182268,
0.0141246,0.0187278,0.0214001,0.0278088,0.0467862,0.0546319,0.0599215,0.0645474,0.0644929,0.0598492,0.0544013,0.0463113,0.0269184,0.0210763,0.0188249,0.0144225,
0.0198468,0.0193478,0.0185968,0.0180593,0.0191211,0.0202718,0.0209551,0.0215494,0.0218623,0.0209162,0.0199893,0.0188926,0.0182841,0.0193502,0.0200557,0.020637,
0.0190348,0.0235812,0.0251427,0.0288599,0.0501339,0.0596182,0.065639,0.0700461,0.0700638,0.0658123,0.0598765,0.0502047,0.0287877,0.0246646,0.0229684,0.0182556,
0.0200219,0.0261592,0.0276987,0.0308646,0.0349645,0.0365123,0.0376065,0.0384135,0.0383635,0.0379067,0.0364832,0.0352149,0.030953,0.0285819,0.0267615,0.020102,
0.0170044,0.0256285,0.0298031,0.038769,0.0587898,0.0656429,0.0705364,0.0742961,0.0745649,0.0712879,0.0669804,0.0601301,0.040207,0.031305,0.0271863,0.0181967,
0.0016882,0.0164146,0.028023,0.0487755,0.0586843,0.0599035,0.0620117,0.0643978,0.0646689,0.0623386,0.0599135,0.0579218,0.0487976,0.0284958,0.0162402,0.0032339,
0.0175878,0.018788,0.020141,0.0266846,0.0476468,0.0542132,0.0574364,0.0594453,0.0594869,0.0576225,0.054349,0.0477703,0.0266603,0.0206179,0.0189768,0.018451,
0.0130311,0.0301874,0.0390427,0.0520399,0.0589943,0.0594424,0.0608906,0.0631729,0.0628838,0.059795,0.0577943,0.0564638,0.047885,0.0355055,0.0277092,0.0123271,
0.0157205,0.0256692,0.0281998,0.0332158,0.048871,0.0547108,0.0583407,0.0611115,0.06122,0.0580732,0.0545278,0.0489481,0.0333184,0.0279411,0.0249382,0.0152516,
0.0176473,0.0255251,0.0288554,0.0363139,0.0518868,0.0558921,0.0582472,0.059815,0.0599388,0.058677,0.0561775,0.0521923,0.0371017,0.0287368,0.0252277,0.0189757,
0.0216641,0.0249014,0.0243252,0.0240923,0.0241779,0.024812,0.0258726,0.0263249,0.0263063,0.0254615,0.0250165,0.02422,0.0239203,0.0241884,0.0243876,0.020905,
0.0211009,0.0175056,0.0168251,0.0169542,0.0180766,0.0191082,0.0205933,0.0215073,0.0214129,0.0197875,0.0187293,0.0181186,0.0173604,0.0174002,0.0181525,0.0210468,
0.0204456,0.0304611,0.0330693,0.0372745,0.0482188,0.0532303,0.0569745,0.0599597,0.05962,0.0568131,0.0528133,0.0477206,0.0368287,0.0325062,0.0295583,0.020151,
0.0118342,0.0269906,0.031468,0.0370816,0.0386002,0.038276,0.0385947,0.0393778,0.0392619,0.0386231,0.0384426,0.0383987,0.036794,0.0318994,0.0266279,0.0114133,
0.0165496,0.0106264,0.0119068,0.0181776,0.0397078,0.0468212,0.050536,0.0530775,0.0530272,0.0508315,0.0467531,0.0403472,0.0189833,0.0123337,0.011457,0.0166193,
0.0155938,0.0353245,0.0440149,0.0488312,0.0583388,0.0682274,0.076392,0.0840722,0.0836025,0.0758442,0.0679268,0.0575355,0.0469862,0.0411814,0.0356829,0.0136347,
0.0086632,0.0216095,0.0268671,0.0339385,0.0427459,0.0460964,0.0485397,0.0510528,0.0510627,0.048982,0.0466595,0.0436831,0.0346253,0.0274032,0.0211843,0.0098889,
0.0184713,0.026895,0.030528,0.0360515,0.0445757,0.0475507,0.0495067,0.0516105,0.0514138,0.0494273,0.0471411,0.0441267,0.0356343,0.0313009,0.0278112,0.0184291,
0.0172204,0.0279544,0.0318644,0.037568,0.0459556,0.0484728,0.0502488,0.0518408,0.052049,0.0506288,0.0485507,0.0461531,0.0385344,0.032713,0.0287153,0.0185814,
0.0124362,0.0206737,0.0244542,0.03135,0.0452542,0.0512268,0.0552165,0.0588772,0.0586349,0.055099,0.0510674,0.0450033,0.030657,0.0237244,0.0203934,0.0128026,
0.0194809,0.0243221,0.0256342,0.0283245,0.0335591,0.0357889,0.0377085,0.0390605,0.0390595,0.0375108,0.0361053,0.0337959,0.0284374,0.025538,0.0244144,0.0186533,
0.0202237,0.0260666,0.0284754,0.0330735,0.0400179,0.0421662,0.0436723,0.0450161,0.0451087,0.0437002,0.0421209,0.0401302,0.0328426,0.027811,0.0252067,0.0201413,
0.0225106,0.0271319,0.02565,0.0273605,0.0498701,0.0584125,0.063286,0.0673518,0.0670368,0.0635704,0.0578452,0.0493255,0.0277709,0.0260534,0.0264257,0.0222803,
0.0192708,0.0271229,0.0287486,0.0291638,0.0310278,0.0322613,0.032999,0.0340107,0.0339517,0.0330029,0.0321296,0.0311454,0.0298486,0.0291427,0.0275516,0.0194452,
0.0240125,0.0294493,0.0306603,0.0321763,0.0349903,0.0364525,0.0373728,0.0382479,0.0381619,0.03746,0.0365311,0.0353466,0.032143,0.0300839,0.0292327,0.0241899,
0.0132056,0.0304125,0.0350439,0.041072,0.0476963,0.0511311,0.0530098,0.0555125,0.0554671,0.0527938,0.0506671,0.0473575,0.0413978,0.0363794,0.0312471,0.0134703,
0.0177351,0.0244117,0.0265446,0.0299418,0.0359211,0.03808,0.0396763,0.0405823,0.0406539,0.0393846,0.0379557,0.0360889,0.0301104,0.027089,0.0248693,0.017878,
0.0107182,0.0274741,0.0338769,0.0415269,0.0506546,0.0533706,0.0554702,0.0568444,0.0569466,0.0553052,0.053249,0.04991,0.041146,0.032995,0.0262049,0.0088401,
0.0039592,0.0094476,0.0154781,0.0314896,0.0577205,0.0576169,0.0564658,0.0568618,0.0572724,0.0568731,0.0581724,0.0579806,0.0317913,0.0151051,0.010217,0.0033453,
0.0110837,0.0269835,0.0340567,0.0433933,0.0517312,0.0538937,0.0560845,0.0577596,0.0579185,0.056057,0.0542052,0.0516376,0.0423071,0.0328742,0.0256905,0.0115188,
0.0043414,0.0123933,0.0247987,0.0484021,0.075092,0.0771949,0.0779303,0.0787655,0.07936,0.0795863,0.0792402,0.0768662,0.0469446,0.0246958,0.0107591,0.0015919,
0.0176634,0.0231469,0.0257371,0.0305291,0.0401977,0.0440479,0.0465799,0.0488358,0.0488976,0.0466656,0.0439033,0.0402241,0.0304454,0.0259011,0.0234082,0.018044,
0.0158298,0.0295363,0.0330191,0.0373944,0.0430208,0.0452479,0.0473826,0.0492081,0.0487667,0.04663,0.0446346,0.0420921,0.0359954,0.0319156,0.0283089,0.015307,
0.0169546,0.0271421,0.0297728,0.0326046,0.0362146,0.0377501,0.0389721,0.0400301,0.039858,0.0388356,0.037829,0.0361846,0.0325337,0.0298959,0.0271613,0.0159418,
0.0170034,0.0235351,0.0263519,0.031138,0.0396278,0.0427744,0.0443405,0.0454092,0.0457809,0.0446169,0.042889,0.0402709,0.031501,0.0267313,0.0240415,0.0164465,
0.0210792,0.0222048,0.0219148,0.0254847,0.038221,0.0431387,0.044778,0.0457415,0.0459364,0.0446389,0.0423964,0.0386963,0.0252331,0.0221703,0.0214435,0.0209427,
0.019175,0.0249299,0.0273296,0.0319389,0.0426814,0.0470467,0.0500007,0.0526352,0.0526432,0.0502758,0.0473884,0.043244,0.0327761,0.0278441,0.0253096,0.0197212,
0.0220483,0.0307724,0.033783,0.0378962,0.0454261,0.0480284,0.0505867,0.0526528,0.0529562,0.050243,0.0478975,0.044725,0.0373772,0.0331403,0.0300612,0.020554,
0.0172898,0.0224265,0.0255319,0.0324184,0.0454586,0.0497523,0.0524496,0.0545858,0.0548407,0.0530956,0.0504007,0.0465354,0.0331053,0.026512,0.0236463,0.017448,
0.0038405,0.0125443,0.0228307,0.0403509,0.0566386,0.0605877,0.0649857,0.0696275,0.0693519,0.0644265,0.0598345,0.0554911,0.0399719,0.0228063,0.0143159,0.0033528,
0.0190485,0.0237991,0.025958,0.0297018,0.0373267,0.0397341,0.0416449,0.0428763,0.0426678,0.0414482,0.0397934,0.0375198,0.0304227,0.026229,0.0244354,0.0195724,
0.0055059,0.0194939,0.0262185,0.0367655,0.0478168,0.0494364,0.0506846,0.0520591,0.0525724,0.0516119,0.0506265,0.0494712,0.0379033,0.0267823,0.0202928,0.0065439,
0.0148516,0.0257953,0.0311557,0.0397511,0.0539033,0.0580696,0.0606912,0.0622432,0.0624932,0.0608545,0.0584739,0.0550009,0.0409506,0.0323994,0.0273534,0.0163783,
0.0187795,0.0275145,0.0310147,0.0371341,0.0482985,0.0518568,0.0540027,0.0555449,0.0552656,0.0536135,0.0513539,0.0477769,0.0357524,0.0298254,0.0265727,0.0183418,
0.0023644,0.0158816,0.0265906,0.0452345,0.0562782,0.0583064,0.0610989,0.0638583,0.0639543,0.0617815,0.0590379,0.0572627,0.0461532,0.0270893,0.0156817,0.0031448,
0.001926,0.0066155,0.0134387,0.0320599,0.0618734,0.0641212,0.0655296,0.0680177,0.0681423,0.0654027,0.0641412,0.0625251,0.0338333,0.0132185,0.0060919,7.16e-05,
0.0121762,0.0244607,0.0280366,0.0310448,0.0363843,0.0389913,0.0404705,0.0415992,0.0416378,0.0403506,0.0385058,0.035799,0.0301435,0.0269847,0.0244547,0.012572,
0.0158646,0.0243071,0.0269067,0.0300247,0.0348438,0.0371435,0.0383627,0.0397066,0.0398445,0.0383296,0.0365697,0.034536,0.0294833,0.0266367,0.0242123,0.0157875,
0.0219809,0.0214602,0.0208034,0.0200594,0.0210633,0.0219453,0.0227976,0.0232843,0.0233217,0.0226751,0.0220688,0.0212027,0.0206783,0.0214476,0.0223339,0.0225402,
0.021942,0.0261831,0.0275679,0.0299066,0.0341476,0.0358197,0.0368152,0.0377606,0.0376557,0.0368988,0.0360232,0.0345409,0.030637,0.028082,0.0266517,0.0231238,
0.0112458,0.020742,0.0301543,0.0474189,0.0555768,0.0572971,0.0600381,0.0636675,0.0642479,0.0611679,0.0585689,0.056972,0.0471246,0.0306268,0.0223796,0.0082318,
0.0180133,0.0301414,0.0348495,0.0414383,0.0516771,0.0546699,0.0560179,0.0549515,0.0525082,0.0569085,0.0549709,0.0514226,0.0410247,0.0335123,0.0292179,0.0178306,
0.0185967,0.0248733,0.0265969,0.0304547,0.0420174,0.046095,0.0487197,0.0505175,0.0502434,0.0486752,0.0461039,0.04159,0.0299024,0.0257389,0.0238169,0.0185589,
0.0026492,0.0132565,0.0226481,0.0368603,0.0439994,0.0436943,0.0439983,0.0445572,0.0445697,0.0438585,0.0436076,0.0441657,0.0378476,0.0238757,0.0147164,0.0024843,
0.0143533,0.0324269,0.0375923,0.042313,0.0445043,0.045668,0.0465858,0.0471982,0.0472667,0.0465484,0.0457903,0.0451057,0.0422036,0.0372183,0.0317962,0.0151412,
0.0198569,0.0260284,0.0283653,0.0320537,0.0386123,0.0407463,0.0422529,0.0434071,0.0434293,0.0423886,0.0408034,0.0387842,0.0323809,0.0286279,0.0263343,0.0202218,
0.0138054,0.0309297,0.0368783,0.0438505,0.0480653,0.0487133,0.0497356,0.05075,0.050889,0.04962,0.0486215,0.0478108,0.0440538,0.0370084,0.0313461,0.0161032,
0.0071525,0.0229255,0.0300995,0.040248,0.049295,0.0513825,0.0531975,0.0550471,0.0549645,0.0529627,0.0512495,0.0487747,0.0395106,0.0286128,0.0214044,0.0058237,
0.0171506,0.0221869,0.0227139,0.0228017,0.0226042,0.0229406,0.0232815,0.0238722,0.0237219,0.0233182,0.0230506,0.0224374,0.0221155,0.0221695,0.0210537,0.0163952,
0.01638,0.0330487,0.0374758,0.0415192,0.051005,0.0558032,0.0588348,0.0614254,0.0615031,0.0591559,0.0559096,0.050892,0.0414356,0.0373005,0.0333828,0.0154564,
0.0201927,0.0272058,0.0277524,0.0286893,0.0310874,0.0319921,0.0327763,0.0335927,0.0336114,0.0326587,0.0321704,0.0313838,0.0297275,0.0291115,0.0286478,0.0214114,
0.0195648,0.024843,0.0267645,0.0307089,0.0386579,0.0409448,0.0426478,0.0434416,0.0434723,0.0424218,0.0411546,0.0386538,0.0306555,0.0269313,0.02479,0.0193275,
0.0186447,0.0241279,0.0256879,0.0303182,0.0436837,0.0500115,0.0535087,0.0566754,0.0566723,0.0539271,0.0499558,0.044139,0.0306,0.0264117,0.0244475,0.0184027,
0.0107359,0.0187904,0.021444,0.0254009,0.0342802,0.0374072,0.0395388,0.0413732,0.0414374,0.0395201,0.037206,0.0342414,0.0252778,0.0209353,0.0184639,0.0107973,
0.0224756,0.0275971,0.0284985,0.0291243,0.0308634,0.0319478,0.0325737,0.0332298,0.0334419,0.0324962,0.0319692,0.0307723,0.0288999,0.0284287,0.0269873,0.0230379,
0.0173717,0.025905,0.0301751,0.0398076,0.0563439,0.0598796,0.0622015,0.0637842,0.063659,0.0623276,0.0605004,0.0571079,0.0410263,0.0313061,0.0270034,0.0177261,
0.0148993,0.023585,0.0275325,0.0352387,0.0496959,0.0546621,0.057947,0.0606297,0.0603871,0.0579475,0.0545581,0.0497664,0.0351733,0.0281317,0.0246035,0.0165674,
0.0223395,0.0301536,0.0335717,0.0368225,0.0420981,0.0441846,0.0457918,0.0471199,0.0474489,0.045932,0.0445756,0.0423433,0.0377133,0.0340598,0.031143,0.0233508,
0.0213433,0.0342721,0.037784,0.0415609,0.0469104,0.0496873,0.05166,0.0535484,0.053585,0.0518463,0.0499501,0.0475218,0.0420382,0.0378374,0.0337671,0.0216924,
0.017369,0.0253299,0.0283705,0.0360011,0.0635866,0.0729225,0.0777535,0.0809987,0.081099,0.0776237,0.0728197,0.0640086,0.0363826,0.0291635,0.0264452,0.0181614,
0.0181936,0.0211703,0.0227924,0.0283525,0.0456265,0.0514464,0.0548242,0.0576377,0.0578576,0.0556189,0.0522507,0.0467312,0.0295125,0.0232431,0.0217337,0.0192811,
0.0207493,0.0220642,0.0218618,0.0214937,0.0220679,0.0224931,0.0231296,0.0236379,0.0236495,0.0231614,0.0227432,0.0223389,0.0225816,0.0230026,0.0229614,0.0216697,
0.0068978,0.0300101,0.0388829,0.0473657,0.0468774,0.0504499,0.0529069,0.0540247,0.0544444,0.053248,0.0508312,0.047625,0.0464037,0.0389262,0.0288295,0.0072249,
0.0160201,0.0263363,0.0300486,0.0361439,0.0430597,0.0456257,0.0470111,0.048538,0.0484178,0.0470134,0.0454325,0.0432765,0.0364487,0.030958,0.0267194,0.0169114,
0.017071,0.0285321,0.0324526,0.0384166,0.0491165,0.0527055,0.0550592,0.0570798,0.056997,0.0550886,0.0528155,0.0494097,0.0388675,0.0324434,0.0286797,0.0169428,
0.0063661,0.0297015,0.0401277,0.0499013,0.0518927,0.0569631,0.0621611,0.0662136,0.0658853,0.0611223,0.05592,0.0504898,0.0482972,0.038319,0.027924,0.0078622,
0.008376,0.0260314,0.0353315,0.0494629,0.0648546,0.0703717,0.073937,0.0768123,0.0769267,0.0738107,0.0701271,0.0644404,0.0494555,0.0363426,0.0268596,0.009741,
0.0199183,0.025134,0.027726,0.0341132,0.0495009,0.0545491,0.0577849,0.0602381,0.0602902,0.0581124,0.0548287,0.0502714,0.0340633,0.0281158,0.0260511,0.0212982,
0.0128624,0.0271375,0.0322932,0.0373816,0.0512321,0.0577955,0.0618482,0.0652495,0.0651867,0.0618158,0.0575433,0.0514362,0.0377563,0.0326347,0.0278882,0.012754,
0.0205022,0.0256929,0.0274231,0.0301723,0.0345334,0.036255,0.0376068,0.0387001,0.038654,0.0375247,0.0362014,0.0345222,0.0299122,0.0270759,0.0252381,0.0204529,
0.0199787,0.0267217,0.0301775,0.0368249,0.059474,0.0680915,0.0735679,0.077621,0.0776643,0.0733997,0.0677816,0.0594843,0.0376694,0.0308078,0.0276927,0.0201124,
0.0128665,0.0268625,0.0308002,0.0364666,0.0458203,0.0497081,0.0518177,0.0541077,0.0544246,0.0519435,0.0492017,0.0454376,0.036032,0.0304441,0.0266505,0.0122582,
0.0193766,0.0255589,0.0271506,0.028685,0.029871,0.0304266,0.0311182,0.0315425,0.0317339,0.0312919,0.0308139,0.030444,0.0297077,0.0278058,0.0264559,0.0199214,
0.0217088,0.0273991,0.0294224,0.0328892,0.0411124,0.0438188,0.0460543,0.0475768,0.0472266,0.0452598,0.0429386,0.039885,0.0314985,0.027695,0.0257799,0.0205469,
0.0055043,0.0175449,0.0249494,0.0337118,0.0411622,0.0433098,0.0452652,0.0473463,0.0471935,0.0451365,0.0429773,0.0406997,0.0327952,0.0240763,0.0178404,0.005019,
0.0169108,0.0301354,0.0349173,0.0414056,0.051784,0.0559657,0.0589042,0.0616709,0.061658,0.0592909,0.056431,0.0525307,0.0419565,0.0354568,0.030225,0.0155937,
0.02118,0.0280391,0.0292487,0.0306814,0.0335158,0.0345651,0.0351133,0.0356969,0.0359482,0.0351312,0.0345056,0.0332768,0.0300314,0.0280599,0.0265681,0.0197856,
0.0117286,0.0254065,0.0294245,0.0345117,0.045313,0.0501446,0.0535184,0.0555836,0.0554833,0.0532815,0.0502098,0.0456335,0.0349354,0.0300648,0.0261231,0.0140756,
0.0144491,0.0300428,0.0347276,0.0402613,0.0442583,0.0457229,0.0471062,0.0482534,0.0482236,0.0473128,0.0461343,0.0447288,0.040751,0.0355235,0.0307471,0.0147652,
0.0183834,0.0250125,0.0263214,0.028211,0.0304791,0.0318223,0.0325759,0.0337317,0.0334021,0.0328464,0.0318739,0.0309295,0.0285322,0.0272102,0.0253792,0.0194479,
0.0152676,0.0251582,0.0273906,0.0298668,0.0447879,0.051277,0.0550478,0.0578142,0.0578741,0.0551118,0.0510869,0.0443139,0.0291878,0.0268509,0.0249272,0.0145644,
0.0218792,0.0243424,0.0258216,0.0277263,0.0307799,0.0319375,0.0331507,0.0339471,0.0337455,0.0336884,0.03262,0.0314107,0.0283685,0.0260723,0.0247641,0.0218148,
0.0168709,0.0249789,0.0290899,0.0374691,0.0536493,0.0579689,0.060534,0.0625044,0.0623782,0.0602845,0.057707,0.0533652,0.0369993,0.0283113,0.0243042,0.0169491,
0.0111511,0.031848,0.0421776,0.0551698,0.0654528,0.0685033,0.0716601,0.0749155,0.0747903,0.0711719,0.0682255,0.0651704,0.0552538,0.0422798,0.0324548,0.0104573,
0.0222702,0.03145,0.0332856,0.0344459,0.0373919,0.0389718,0.0399488,0.0407853,0.0410245,0.0397426,0.0385324,0.0373864,0.0337581,0.0317474,0.0300531,0.0213679,
0.0163427,0.0198465,0.022574,0.0288043,0.0421745,0.0462467,0.0488497,0.0507843,0.0507837,0.048527,0.045883,0.0417328,0.0284803,0.021641,0.0188367,0.0168766,
-0.0004276,0.0120689,0.0230577,0.0539778,0.0730148,0.0684824,0.0681721,0.0715494,0.0711058,0.0679036,0.0682227,0.0728361,0.0528093,0.023913,0.0097037,0.0019857,
0.0229294,0.024943,0.0252604,0.0252218,0.0264486,0.0269151,0.0272128,0.0275944,0.0280053,0.0273846,0.0268938,0.0259557,0.0251793,0.0249036,0.0247349,0.022279,
0.0199966,0.0294323,0.0342652,0.0423614,0.0557582,0.058826,0.0606167,0.0623694,0.0623517,0.0609078,0.0591991,0.0560605,0.0428297,0.0347513,0.0300446,0.0199777,
0.021462,0.0314285,0.0340746,0.0408062,0.0563474,0.0617553,0.0646157,0.06684,0.0664378,0.0649995,0.0618408,0.0566666,0.0408029,0.0346264,0.0316948,0.0210746,
0.0199869,0.0264932,0.029029,0.0329805,0.0422696,0.0453964,0.0478717,0.0497913,0.0499897,0.0479358,0.0458339,0.0424707,0.0340418,0.0296556,0.0268724,0.0203674,
0.0131277,0.0246015,0.0281063,0.0326653,0.0394536,0.0417575,0.043693,0.0451815,0.045194,0.0436689,0.041874,0.039581,0.0331432,0.0290355,0.0257663,0.0139349,
0.0191397,0.0231391,0.0259031,0.0336658,0.0584226,0.0677925,0.0742654,0.0801531,0.0802732,0.0741475,0.0671421,0.0570788,0.0320211,0.0241761,0.0216364,0.0182613,
0.0171458,0.0269261,0.027953,0.0285077,0.0287118,0.0295479,0.0300657,0.030752,0.0305687,0.0299747,0.0292002,0.0284628,0.027814,0.0270883,0.0253136,0.0163633,
0.0187294,0.029188,0.0328926,0.0404037,0.0536819,0.057624,0.059484,0.061242,0.0610026,0.0594869,0.0572414,0.0538959,0.0400364,0.0319052,0.0279987,0.0185327,
0.0173896,0.0231296,0.0261702,0.0320093,0.0452893,0.050766,0.0544576,0.0575081,0.0575404,0.0541958,0.0506317,0.0452551,0.0318451,0.0258969,0.0229793,0.0170424,
0.0113846,0.0277456,0.0361831,0.0446483,0.0573031,0.0668896,0.0747584,0.0812307,0.0809042,0.0739999,0.0661109,0.0565919,0.0441585,0.0355399,0.0275473,0.0117998,
0.0182818,0.0241278,0.0263782,0.0290304,0.0341303,0.0368342,0.0390643,0.0406859,0.0408445,0.0387225,0.0367905,0.0338536,0.0284738,0.0264839,0.0246608,0.0185734,
0.0200938,0.0196331,0.0190288,0.0180392,0.017842,0.0184413,0.018682,0.0191597,0.0190925,0.0190214,0.0184736,0.0180899,0.0179618,0.018636,0.0193779,0.0203426,
0.0106364,0.0231889,0.0290467,0.0367105,0.0418078,0.0435689,0.0448837,0.04621,0.0462525,0.0454184,0.0438513,0.0422307,0.0377999,0.0305953,0.0246747,0.0115631,
0.0053525,0.0201498,0.0282979,0.0417603,0.0532998,0.0574531,0.0616854,0.0659798,0.0659544,0.0614035,0.0571332,0.0530806,0.0422851,0.0289491,0.0201595,0.0054085,
0.0217067,0.0268402,0.0301414,0.0356805,0.059888,0.070382,0.0774981,0.0830006,0.0830105,0.0774202,0.0703042,0.0602483,0.0373308,0.0312841,0.0280587,0.0211628,
0.0152914,0.0208081,0.0227236,0.0285007,0.0404295,0.0435136,0.0455648,0.0462927,0.0466068,0.0452854,0.043717,0.040729,0.0290319,0.0241257,0.0215159,0.0148864,
0.0241743,0.0240082,0.0230221,0.0209503,0.0211054,0.0214247,0.0219537,0.0225177,0.022412,0.0222441,0.0219069,0.0212841,0.0214887,0.0233397,0.0250822,0.026051,
0.0314291,0.0379435,0.0376376,0.0371455,0.0379951,0.0390446,0.0395162,0.0407203,0.0405479,0.0398489,0.0381615,0.0375892,0.0360318,0.0370086,0.0369456,0.0311938,
0.0327636,0.0387756,0.0385152,0.0381984,0.0392182,0.0397003,0.040956,0.0421743,0.0419867,0.0404524,0.039871,0.0386145,0.0377931,0.0375047,0.0373215,0.0313902,
0.0135331,0.0259872,0.0323707,0.04497,0.0637152,0.0686782,0.071877,0.073857,0.0740282,0.0715583,0.0682393,0.0631626,0.0449906,0.0331098,0.0268731,0.0151992,
0.0239072,0.0245405,0.0243945,0.0238551,0.0246658,0.0256053,0.0261863,0.0271593,0.0262848,0.0260047,0.0254226,0.0250974,0.0242216,0.0235364,0.0236334,0.0224841,
0.02021,0.0289557,0.0334444,0.0403788,0.0535161,0.0576051,0.06044,0.0629394,0.0629179,0.0606128,0.0577735,0.0532237,0.0402454,0.0322066,0.0278514,0.0180766,
0.0059221,0.0248804,0.0372954,0.052986,0.0610439,0.0601178,0.0599998,0.060385,0.0599001,0.0586681,0.0577867,0.057894,0.0507926,0.0355089,0.0244117,0.0075284,
0.015633,0.0298194,0.0333788,0.0411909,0.0569335,0.0621747,0.0657368,0.0675808,0.0675116,0.0650115,0.0615508,0.0557412,0.0398442,0.0332278,0.0288125,0.0159219,
