0.0462927,0.0433901,0.0417988,0.0400602,0.034656,0.032813,0.0300256,0.02867,0.0260468,0.023374,0.021242,0.0190394,0.0165522,0.0146162,
0.0760342,0.0751584,0.0745744,0.0730592,0.0560831,0.0497632,0.0427289,0.0351121,0.028947,0.0219718,0.0168001,0.0140927,0.0089927,0.0052911,
0.0503352,0.048873,0.0469203,0.0449067,0.0354771,0.0330354,0.0305793,0.0286859,0.0266745,0.0239834,0.0220353,0.0204194,0.017999,0.0160715,
0.0134996,0.0134098,0.0134177,0.0135204,0.0121334,0.0124864,0.0125346,0.0118473,0.0122236,0.0120652,0.0120582,0.0115427,0.0112569,0.0119191,
0.031972,0.0320916,0.0311767,0.028806,0.0236494,0.0224131,0.021148,0.0203127,0.0194954,0.0183043,0.0175343,0.0168339,0.0154955,0.0147793,
0.0419033,0.0418821,0.0414523,0.0407463,0.0364978,0.0348864,0.0328399,0.0311897,0.0284324,0.0258712,0.0240903,0.0212385,0.0180473,0.0150081,
0.0428732,0.0419395,0.0410869,0.0399545,0.0341345,0.0322356,0.0302443,0.0280174,0.0260099,0.0238924,0.022029,0.0199988,0.0180048,0.0163235,
0.037953,0.0381205,0.037478,0.0373268,0.0326585,0.0310445,0.0292022,0.0272568,0.0255146,0.0235917,0.0208393,0.0189025,0.0168619,0.015779,
0.0510954,0.0507799,0.049995,0.0492253,0.0414629,0.0389845,0.0356241,0.0330118,0.0311998,0.0295565,0.0259931,0.0225598,0.0187478,0.0163447,
0.0285619,0.0279291,0.0277021,0.0263694,0.0239413,0.0230438,0.0220066,0.0211835,0.0203001,0.0188574,0.018321,0.0165067,0.0160266,0.0142231,
0.0347204,0.0352607,0.0350189,0.0349136,0.0336796,0.0329901,0.0318081,0.0310927,0.029506,0.027516,0.0253989,0.0233644,0.0205475,0.0187929,
0.0388233,0.0375499,0.0361792,0.0343273,0.0276295,0.0261745,0.024128,0.0224427,0.0206211,0.0190638,0.0168475,0.0159185,0.0141986,0.012732,
0.0376596,0.036497,0.0348775,0.0337575,0.0274494,0.0259935,0.0244013,0.0226732,0.0214038,0.019228,0.0176591,0.0166524,0.0144887,0.0141795,
0.044385,0.0445072,0.0441656,0.0438143,0.0381731,0.0360609,0.0345415,0.0306365,0.0286968,0.0248423,0.022533,0.0194184,0.017028,0.0133543,
0.0685586,0.0636236,0.0582451,0.053399,0.0405292,0.0388574,0.0354039,0.0324849,0.0288044,0.0248143,0.021734,0.0181026,0.015598,0.0130845,
0.0751248,0.0672324,0.061083,0.0576304,0.0492234,0.0444761,0.0414001,0.0400059,0.0440479,0.0622354,0.0604663,0.0319243,0.0211453,0.0133356,
0.0667598,0.0619438,0.0584755,0.0561838,0.0449052,0.0396651,0.0351105,0.0310525,0.0266114,0.0220599,0.0177021,0.0127941,0.0127335,0.0112915,
0.0271856,0.0274925,0.0281733,0.0285361,0.0268282,0.0258332,0.0237367,0.0219921,0.0204965,0.0184205,0.0164427,0.0145565,0.012349,0.0107793,
0.0257058,0.0262994,0.0259831,0.0261648,0.0252292,0.0253555,0.0247705,0.0243047,0.0240852,0.0236026,0.0228456,0.0221282,0.0211779,0.0203266,
0.0201882,0.0200267,0.0195744,0.0198707,0.0186414,0.0177616,0.0174651,0.0165649,0.0152547,0.0147658,0.0138601,0.0137795,0.0119233,0.0112257,
0.0515635,0.0517058,0.0503034,0.0497186,0.0431147,0.0405735,0.0382657,0.0353306,0.0324409,0.0293052,0.0262071,0.0211752,0.0164308,0.0126869,
0.0641553,0.0640252,0.0631749,0.0622008,0.0512822,0.0472583,0.0424652,0.038389,0.0335971,0.0287558,0.0235661,0.0189231,0.0161239,0.0126049,
0.0063439,0.0053747,0.0059409,0.0060885,0.0071892,0.0045568,0.0058338,0.0059314,0.0057714,0.005331,0.0065423,0.0054187,0.0063295,0.0066087,
0.032594,0.0328576,0.0323315,0.0320315,0.0269743,0.0253668,0.0246783,0.0234669,0.0215034,0.0209652,0.0182861,0.0172076,0.0143505,0.0134187,
0.0474034,0.0466392,0.0462368,0.045185,0.0373397,0.0357704,0.03302,0.0307152,0.0280534,0.0259024,0.0228851,0.0203718,0.0178649,0.0143112,
0.0487173,0.0474582,0.0451009,0.0428753,0.0349242,0.033124,0.0310796,0.0297208,0.0267542,0.0250306,0.0220558,0.0197451,0.018475,0.0158322,
0.0239926,0.0228525,0.0233231,0.0229177,0.0218234,0.021785,0.0214842,0.0209942,0.0213986,0.0209782,0.0209077,0.020847,0.0202637,0.0198855,
0.0458152,0.0461632,0.0464887,0.0474445,0.0452834,0.0431072,0.0400709,0.0360723,0.0319124,0.0278733,0.0237605,0.0194122,0.0161235,0.0141762,
0.0427596,0.0422648,0.0415678,0.0413564,0.0352186,0.0335925,0.0314721,0.0297536,0.0282621,0.0257621,0.0248469,0.0222529,0.0209953,0.0193328,
0.0617241,0.0613022,0.0593032,0.0591783,0.051366,0.0486673,0.0461011,0.0436912,0.041313,0.0378579,0.0356981,0.0320008,0.0292156,0.0268315,
0.0460502,0.0466224,0.0464537,0.0465084,0.0410564,0.0384331,0.0352086,0.0318586,0.0282706,0.0242001,0.0198366,0.016649,0.0136807,0.009529,
0.0399661,0.0390121,0.0371533,0.0358964,0.031251,0.0301647,0.0287099,0.0271616,0.0261265,0.0237303,0.0215775,0.0192132,0.0168733,0.0135453,
0.0541317,0.0552414,0.0545653,0.054221,0.0537138,0.0528069,0.0522948,0.0519669,0.0513863,0.0504138,0.0492605,0.0484397,0.0464753,0.044298,
0.0128709,0.0125276,0.0127787,0.0121074,0.0119954,0.0117717,0.0122369,0.0118242,0.0120361,0.0114606,0.0113487,0.0108009,0.0121623,0.0103249,
0.0520557,0.0489418,0.0474124,0.0463364,0.0460638,0.0440085,0.0423442,0.0393877,0.036382,0.032175,0.0287136,0.0263545,0.0220223,0.0195169,
0.0450718,0.0452788,0.0435716,0.0421104,0.0346115,0.0323409,0.0302655,0.028142,0.0264025,0.0243968,0.0216076,0.0196233,0.0173303,0.0154374,
0.0512017,0.0497698,0.0479958,0.0457248,0.035901,0.0330972,0.0309644,0.0290974,0.0266007,0.023926,0.0219844,0.0193937,0.0182834,0.0166345,
0.0463703,0.0455959,0.0454265,0.0444362,0.0361707,0.0327999,0.0296507,0.026112,0.021966,0.0188699,0.0159491,0.0121006,0.0096873,0.0072683,
0.0566791,0.0569654,0.057078,0.0567434,0.0483385,0.0440443,0.039368,0.0345283,0.0290246,0.0239307,0.0185538,0.0146065,0.0112419,0.0076313,
0.0382858,0.0376986,0.0373537,0.0365431,0.0305204,0.0287158,0.0255694,0.0229338,0.0201037,0.017258,0.0143346,0.01154,0.0086838,0.0069977,
0.0681065,0.0672848,0.066205,0.0647395,0.0521779,0.0478317,0.042702,0.0384842,0.0329524,0.0279348,0.0235592,0.0193963,0.0153467,0.01251,
0.0278477,0.0275745,0.0278628,0.0276752,0.026812,0.0262522,0.025131,0.0237801,0.0229425,0.0217106,0.0210584,0.0192547,0.0175903,0.0161314,
0.0840956,0.0796467,0.07433,0.0695442,0.0497295,0.0424105,0.0359904,0.0286566,0.0224344,0.0161756,0.0120715,0.0067409,0.0043559,0.0026604,
0.0511358,0.049853,0.0487523,0.0472727,0.0380812,0.0348265,0.0320879,0.0298761,0.0269261,0.0234245,0.0216997,0.0187304,0.0163302,0.0144515,
0.0452833,0.0442621,0.043078,0.041434,0.0327261,0.0304231,0.0281961,0.0257542,0.0238481,0.0217209,0.0200288,0.0184041,0.0161423,0.0141889,
0.0571564,0.0561097,0.0549108,0.053729,0.0464125,0.0441485,0.0415806,0.0388478,0.0360235,0.0328052,0.0292104,0.0265262,0.0231953,0.0203715,
0.0302096,0.0301883,0.0305889,0.0294967,0.0272407,0.0264231,0.0255425,0.0244873,0.0231147,0.0222996,0.0206435,0.0193423,0.0177224,0.0170171,
0.0498606,0.0491774,0.0470834,0.0447007,0.0379048,0.0349979,0.0324004,0.0301582,0.0276444,0.0256973,0.0231096,0.0206047,0.017679,0.0145603,
0.0365149,0.0363706,0.0357319,0.0352869,0.0321035,0.0306435,0.0293323,0.0277385,0.0269485,0.0250564,0.0238141,0.0223944,0.0201529,0.0183458,
0.0600024,0.0595802,0.0588526,0.0578982,0.0495064,0.0454718,0.041616,0.0369831,0.0329006,0.0273059,0.0229817,0.018701,0.0162038,0.0125273,
0.0427149,0.0428997,0.0418365,0.0421274,0.0410468,0.0408987,0.040955,0.0397621,0.0400639,0.0393967,0.0383535,0.0375929,0.03492,0.0332829,
0.0534077,0.0525576,0.0509733,0.0497909,0.0400253,0.0370575,0.0342492,0.0316483,0.0293138,0.0264997,0.0247941,0.0222403,0.0195429,0.0181499,
0.0748799,0.0742114,0.0728514,0.0710574,0.0527825,0.0462611,0.0389067,0.0331138,0.0269021,0.0216195,0.0161418,0.0135664,0.009609,0.0100303,
0.0453584,0.0450055,0.0449116,0.0443134,0.0364235,0.0338054,0.0313316,0.0277201,0.0243886,0.0215573,0.0180147,0.0150141,0.0119883,0.0097397,
0.0671049,0.0617026,0.0566569,0.0521893,0.0378017,0.0355212,0.0336943,0.0305209,0.0267968,0.0247459,0.0222577,0.0188945,0.0156923,0.0123043,
0.0292033,0.0286763,0.0292253,0.0293388,0.0283606,0.0278063,0.02766,0.0277648,0.026745,0.0267524,0.0263698,0.0270123,0.0260144,0.0252121,
0.0107107,0.0112732,0.011409,0.0117081,0.0105368,0.0102917,0.0110915,0.0107963,0.0101002,0.0103883,0.0102429,0.0100023,0.0097754,0.0100105,
0.0193789,0.0189274,0.0197144,0.0185269,0.0175664,0.0170012,0.016836,0.0159738,0.0162254,0.0149647,0.0149504,0.0139551,0.0138533,0.0132687,
0.0529977,0.0511189,0.0506815,0.048581,0.0421132,0.039792,0.0377468,0.0356431,0.0321913,0.0292049,0.0264114,0.0243726,0.021804,0.0204245,
0.0444537,0.0439786,0.0439388,0.0433929,0.0420254,0.0411897,0.0394517,0.0378773,0.0356991,0.0341328,0.0298041,0.0275172,0.0236578,0.0211228,
0.0356826,0.0350632,0.0343784,0.0335952,0.0295396,0.0281692,0.0269319,0.0258716,0.0241916,0.0235714,0.0217811,0.0205518,0.0193996,0.0173891,
0.0667364,0.066965,0.0661423,0.0659087,0.0599045,0.0573296,0.0549758,0.0516736,0.047762,0.043876,0.0394303,0.0353546,0.0314957,0.0268309,
0.058897,0.0581208,0.0577736,0.0567916,0.0495141,0.0472482,0.0434019,0.0400807,0.036448,0.0318406,0.0278801,0.023656,0.0192952,0.0150656,
0.0473152,0.0467049,0.0453046,0.0426348,0.0309793,0.0273996,0.0239288,0.021629,0.0203101,0.0180506,0.0146799,0.0112641,0.010096,0.007917,
0.0457361,0.0465228,0.0471577,0.0470877,0.0389514,0.0353263,0.0313511,0.0271812,0.0232701,0.01894,0.0154572,0.0126255,0.0087682,0.0068734,
0.0490245,0.0473286,0.0462815,0.0452633,0.0425748,0.0412359,0.0396563,0.0376107,0.0351426,0.0323643,0.0297427,0.0264289,0.0233945,0.020114,
0.0451413,0.0445722,0.0439407,0.0424245,0.0288045,0.0242348,0.0201803,0.0179695,0.0179739,0.0171358,0.0135156,0.0107616,0.011027,0.0087718,
0.0406063,0.0409663,0.0410568,0.0405813,0.0387224,0.0370037,0.035448,0.0346719,0.0325298,0.0308857,0.0281678,0.0262142,0.0233002,0.0206225,
0.0655952,0.0654708,0.0645967,0.0630638,0.0578272,0.0555445,0.0536546,0.0522908,0.0492027,0.0473425,0.0442815,0.0406486,0.0360147,0.032747,
0.0805945,0.0819595,0.0823258,0.0825153,0.0700757,0.0650165,0.0574577,0.0500445,0.0424048,0.034718,0.0282131,0.0216663,0.0159606,0.0127232,
0.0757035,0.0760334,0.076466,0.0758882,0.0665112,0.0628641,0.0581354,0.0531806,0.0494429,0.0427965,0.0371819,0.0318038,0.0261175,0.0206966,
0.0391013,0.0378604,0.0369474,0.0356611,0.0294867,0.0280929,0.0263027,0.024649,0.023138,0.0216464,0.0198959,0.0182592,0.0171735,0.0152577,
0.0253993,0.0247311,0.0242632,0.0246412,0.0206145,0.0195411,0.0191442,0.0176414,0.0168022,0.0159044,0.0145329,0.0138233,0.0131942,0.0113423,
0.0465433,0.0457264,0.0448056,0.0437672,0.0348007,0.032719,0.030283,0.0282969,0.0257112,0.0232426,0.021375,0.0188984,0.0171961,0.0148573,
0.0748455,0.0736441,0.0729389,0.0705124,0.0593053,0.054717,0.0502356,0.046379,0.0411495,0.0360066,0.0301025,0.0255688,0.0208505,0.0163014,
0.0376872,0.0383017,0.0381702,0.038093,0.033833,0.0324985,0.0307789,0.0292112,0.0275504,0.0254219,0.0240944,0.0209725,0.0171984,0.0147645,
0.0873199,0.0827717,0.0777699,0.0726736,0.0493691,0.0450214,0.0415471,0.0381942,0.0348584,0.0322217,0.0299383,0.0259998,0.0230031,0.0200502,
0.0512298,0.0483111,0.0461178,0.0441398,0.0328107,0.0299069,0.0257773,0.0228296,0.0209946,0.0183068,0.0166226,0.0136442,0.011425,0.010392,
0.0412974,0.0404744,0.0405137,0.0393724,0.0339603,0.0305279,0.0279277,0.0259856,0.0247379,0.0228408,0.0209451,0.0190854,0.0159529,0.0147076,
0.0844208,0.0802051,0.077237,0.0745577,0.0685614,0.0647741,0.0606653,0.0547629,0.0499727,0.0431893,0.0374274,0.0308737,0.0244962,0.0188429,
0.0124727,0.0123499,0.0126483,0.0120793,0.0118351,0.0109743,0.0109474,0.0111124,0.0104592,0.0101093,0.0101892,0.0097797,0.0100276,0.0095728,
0.0721312,0.0710251,0.0688928,0.0665588,0.0534507,0.0504834,0.0470313,0.0431365,0.0401974,0.0378936,0.0342332,0.0308295,0.0281098,0.0251756,
0.0643238,0.0632908,0.0620868,0.0604013,0.048617,0.0446872,0.0403784,0.0360042,0.0314703,0.0265986,0.0222194,0.0175252,0.0143726,0.0101534,
0.0811048,0.0779339,0.074452,0.0709946,0.0556029,0.0518056,0.0481199,0.0439337,0.0394624,0.0342272,0.0299727,0.0242543,0.0192344,0.0159333,
0.0356171,0.0358816,0.0351322,0.0350546,0.0324744,0.0319556,0.0301348,0.0290307,0.0273276,0.0254394,0.0237837,0.0212377,0.0190759,0.016051,
0.0447917,0.0451953,0.0450755,0.0446037,0.0413062,0.0398621,0.0385028,0.0368786,0.0348201,0.0327397,0.0305199,0.0280476,0.0255014,0.0228058,
0.0468754,0.047127,0.0469896,0.0461855,0.0409668,0.0396119,0.0385741,0.0368775,0.0354328,0.0324328,0.0289188,0.0261802,0.0229434,0.0202715,
0.0450943,0.0450798,0.0445541,0.0444476,0.0393924,0.0381062,0.0359547,0.0336395,0.0303262,0.0277954,0.0248912,0.0223273,0.0191087,0.0157882,
0.0497986,0.0491624,0.0479503,0.0461575,0.0384888,0.035484,0.0332845,0.0304735,0.0273507,0.0244504,0.0211695,0.0177694,0.0123478,0.0113572,
0.0343437,0.0339158,0.0337225,0.0330426,0.0293543,0.0285556,0.0261348,0.024239,0.0221537,0.0198658,0.0187731,0.0157142,0.0142277,0.0126678,
0.0578408,0.0566227,0.0557859,0.054364,0.0408803,0.0378933,0.0317737,0.0247467,0.0225104,0.0232295,0.0200542,0.0130874,0.009688,0.0072708,
0.0837466,0.0851022,0.0848973,0.083791,0.0646596,0.0565624,0.0482683,0.0400075,0.033023,0.02658,0.0200178,0.0159837,0.0113326,0.0095456,
0.0421957,0.0411863,0.0397924,0.0377195,0.0290192,0.0267881,0.0245367,0.0227625,0.0205819,0.0189972,0.0171679,0.015672,0.0143921,0.0134694,
0.0328625,0.0327587,0.032157,0.0316842,0.0270247,0.0262009,0.0252008,0.0235744,0.0224933,0.0203296,0.0191937,0.0178755,0.0166364,0.0154941,
0.0432812,0.0430219,0.0429252,0.0428768,0.0405293,0.0388586,0.0362713,0.0343108,0.0317121,0.0293657,0.026901,0.0234343,0.0200798,0.0166292,
0.0304006,0.0288095,0.0268298,0.0254431,0.0207499,0.0196158,0.0186422,0.0176952,0.0167216,0.0150314,0.0138565,0.0122898,0.0116014,0.0106878,
0.0601663,0.0587085,0.0566436,0.0536081,0.0427899,0.0397267,0.0374283,0.0355788,0.0316604,0.0296809,0.0270156,0.0240371,0.0207504,0.018466,
0.0528588,0.0522671,0.0512349,0.0499507,0.0421631,0.0392093,0.0364212,0.0330389,0.0298687,0.0266884,0.0234064,0.020601,0.0175345,0.0144205,
0.0501823,0.0486346,0.0466898,0.0447312,0.0338262,0.0309083,0.0286849,0.0251359,0.0232023,0.0201791,0.0181395,0.0157726,0.0138423,0.0119619,
0.0344567,0.0336224,0.0327534,0.0322138,0.0287931,0.0277399,0.0267406,0.0254333,0.0234755,0.0219883,0.0199579,0.0188562,0.0168829,0.0150495,
0.0641268,0.0651751,0.0651678,0.0641628,0.0510221,0.0457023,0.0400327,0.0335904,0.0278955,0.022001,0.0167682,0.0125154,0.0086432,0.0063116,
0.0775396,0.0762951,0.074175,0.0728821,0.063239,0.0597583,0.0562172,0.0510105,0.0471069,0.0413353,0.0366198,0.0318963,0.0275092,0.0226194,
0.0221869,0.0218764,0.0216068,0.0205621,0.0209787,0.0211474,0.0205739,0.0205527,0.0202118,0.0199783,0.0194475,0.0191474,0.0186429,0.0182807,
0.0550265,0.0540583,0.0524123,0.0510647,0.0400815,0.0372427,0.0351643,0.0324837,0.0294638,0.0273513,0.024529,0.0221848,0.0202859,0.0172267,
0.0227885,0.0225118,0.0229201,0.0225351,0.0214895,0.0208213,0.0206982,0.0197913,0.0193219,0.0189459,0.0187087,0.0185934,0.0181525,0.0176916,
0.0314019,0.0308144,0.0311003,0.0307045,0.027974,0.027942,0.0274279,0.0254037,0.0244976,0.0228315,0.022359,0.0199883,0.0181577,0.0163477,
0.1137668,0.1124809,0.111016,0.1094907,0.0941871,0.0895052,0.0858814,0.0810475,0.0758132,0.0686568,0.0633333,0.0560174,0.04956,0.0427709,
0.0545876,0.0512674,0.0477932,0.0454819,0.0355534,0.0329071,0.0299848,0.0269052,0.023976,0.0206191,0.0173231,0.014871,0.0123234,0.0090701,
0.0182126,0.0184823,0.0183376,0.018442,0.0178992,0.0180239,0.0178866,0.0174709,0.0172645,0.0169089,0.0164053,0.0161642,0.0156006,0.0151777,
0.0415055,0.0398972,0.0350562,0.0314756,0.071542,0.081419,0.0845324,0.086035,0.0786036,0.0659483,0.0461328,0.0306477,0.024261,0.024153,
0.0412824,0.0407965,0.0412584,0.0413445,0.0411037,0.0402986,0.0396964,0.0396793,0.0386897,0.0371831,0.0359805,0.0339834,0.0322348,0.0297086,
0.0105845,0.0098141,0.0097002,0.009664,0.0089916,0.0089499,0.0095521,0.0084478,0.0093743,0.0092283,0.0093621,0.0094482,0.0088702,0.0090553,
0.0670954,0.0664768,0.0663751,0.0644055,0.057018,0.0543162,0.0518732,0.0481939,0.045021,0.0409163,0.0361859,0.0321327,0.0279748,0.0229877,
0.0514299,0.0508247,0.0505448,0.0495574,0.044167,0.0425875,0.0402035,0.0387092,0.0356219,0.0333018,0.0302613,0.0271602,0.024491,0.020922,
0.0678414,0.0679916,0.0671561,0.0655129,0.0544064,0.0510221,0.0464235,0.04291,0.038838,0.0347752,0.0310753,0.0270537,0.0236271,0.0195425,
0.0509188,0.0503528,0.0497173,0.0486424,0.0428311,0.0411362,0.0395903,0.0374902,0.0353135,0.0328359,0.0302968,0.0276937,0.0249278,0.0224023,
0.070499,0.070207,0.0695226,0.0688794,0.0594535,0.0565284,0.0533936,0.050256,0.0466583,0.0428966,0.0391585,0.0357682,0.0317299,0.0282789,
0.0516024,0.0505699,0.0492043,0.0480581,0.0400471,0.037886,0.0356197,0.0326225,0.031456,0.0285363,0.0255015,0.0230175,0.0209037,0.0190113,
0.0379251,0.0366512,0.0360182,0.0344511,0.0283508,0.0266376,0.024568,0.0229756,0.0210435,0.019817,0.0176857,0.0164369,0.0146446,0.0138428,
0.0244279,0.0240679,0.024282,0.023901,0.0232784,0.0226132,0.0225818,0.0223376,0.0221859,0.0214912,0.0212567,0.0203965,0.0203356,0.0190294,
0.0405549,0.03984,0.0391353,0.0371741,0.0314342,0.0301225,0.0287536,0.0272388,0.02501,0.0236431,0.0217482,0.0211518,0.01884,0.0166757,
0.029937,0.0299708,0.0293716,0.0296343,0.0270608,0.0266865,0.0260855,0.0252123,0.0238433,0.023321,0.0223636,0.0220587,0.0203239,0.0188789,
0.053938,0.0539622,0.0535298,0.0532948,0.0504359,0.0488769,0.0470491,0.0444874,0.0413357,0.03793,0.0342762,0.0300089,0.025521,0.0208563,
0.0249359,0.024599,0.024755,0.02529,0.0251935,0.0239897,0.0241308,0.0243381,0.0229804,0.0221576,0.0217433,0.0205388,0.0200614,0.0180998,
0.0598242,0.0580437,0.0558743,0.0545874,0.0444987,0.0413876,0.0382163,0.0353626,0.0327407,0.0296694,0.0267575,0.0242624,0.0208759,0.0203681,
0.0678115,0.067487,0.0663947,0.0646192,0.0523307,0.0485614,0.044896,0.0412632,0.0384758,0.0346231,0.0304559,0.0263337,0.0238222,0.0201972,
0.0616719,0.0606777,0.0590599,0.056455,0.0474067,0.0439325,0.0414174,0.0375542,0.0334817,0.0298086,0.0265929,0.0220044,0.0193107,0.0151475,
0.056606,0.0549496,0.0539833,0.0533943,0.0427573,0.0380438,0.0331046,0.0271797,0.0214168,0.0177566,0.012955,0.0100102,0.0076736,0.004525,
0.0298053,0.0294428,0.0287088,0.0281322,0.0265742,0.0240243,0.0205114,0.0181771,0.0173747,0.016807,0.0154228,0.0146495,0.0124996,0.0107432,
0.0288497,0.0278011,0.0276648,0.0271082,0.0252711,0.0248809,0.0246739,0.024017,0.0235174,0.0226519,0.0218026,0.0207193,0.0195495,0.0182258,
0.0434934,0.0405532,0.0388488,0.0371915,0.0335315,0.0320432,0.0308331,0.0290388,0.0282976,0.0261356,0.0245536,0.022517,0.0204291,0.0182201,
0.0417128,0.0404762,0.0396941,0.0385459,0.0315084,0.029188,0.0267983,0.0253979,0.023329,0.0212106,0.0201358,0.0178664,0.0167388,0.0152736,
0.0367357,0.0360628,0.0351723,0.0340595,0.0277548,0.0262902,0.024788,0.0235808,0.0223893,0.0213107,0.0199374,0.0185092,0.017445,0.016321,
0.0527772,0.0526685,0.0513043,0.0489939,0.0423538,0.0409073,0.0386043,0.0369685,0.0354316,0.0329315,0.0316711,0.0303514,0.0273873,0.0240965,
0.0355601,0.0352764,0.0346225,0.0337176,0.0281247,0.0272884,0.0251723,0.024612,0.0238858,0.0209933,0.0194214,0.0190799,0.0171066,0.0145219,
0.03907,0.0371564,0.0362459,0.0345422,0.0269873,0.025452,0.0229487,0.021581,0.0204285,0.018604,0.0174157,0.0161395,0.0140007,0.0121853,
0.0632457,0.062031,0.0620853,0.0627625,0.0580112,0.0554442,0.0514959,0.0468677,0.0416226,0.0373737,0.0327403,0.0280133,0.0244135,0.0196746,
0.0398679,0.0402772,0.040219,0.0395986,0.0322471,0.028909,0.0259727,0.0225485,0.0189418,0.0156557,0.0128869,0.0093944,0.0069453,0.0054443,
0.067519,0.0665558,0.0652624,0.0636697,0.0528929,0.0493284,0.0449029,0.040924,0.0357993,0.0318261,0.0270517,0.0229354,0.018721,0.0128432,
0.0271593,0.0270283,0.026974,0.0270098,0.0244177,0.0240302,0.0231522,0.022554,0.0215253,0.020164,0.0192813,0.0183217,0.016941,0.0154099,
0.0329502,0.031517,0.0305744,0.030017,0.0274527,0.0267564,0.0253669,0.0249609,0.024499,0.0228695,0.0221944,0.0203877,0.0187919,0.0170692,
0.018464,0.0186597,0.0185925,0.0181816,0.0179131,0.0183302,0.0176183,0.0177447,0.0169256,0.0170851,0.0161662,0.0164236,0.0158242,0.015101,
0.039598,0.0399418,0.0399121,0.0393959,0.0346863,0.033157,0.0297017,0.0271298,0.0245331,0.0214343,0.0179954,0.0150271,0.0127446,0.0089049,
0.0272679,0.0268603,0.0259786,0.025899,0.0226372,0.0227817,0.0219958,0.0207783,0.0209281,0.0195376,0.0176451,0.0164757,0.0152377,0.0144662,
0.0611697,0.059035,0.0559367,0.0529417,0.0389434,0.036609,0.0336795,0.0310628,0.0275978,0.0240362,0.0228072,0.0193837,0.0152958,0.0129569,
0.0590822,0.0588873,0.057851,0.0564182,0.0481025,0.0457703,0.0428685,0.0408539,0.037607,0.0352239,0.0331943,0.0309801,0.0277116,0.0252103,
0.0306944,0.0316102,0.0316271,0.0318814,0.0312787,0.030892,0.0306307,0.0295368,0.0296538,0.0285965,0.02773,0.0274809,0.0252164,0.0239757,
0.0535621,0.0532073,0.0520449,0.0503314,0.0406577,0.0386051,0.0357543,0.0333264,0.0312996,0.0282032,0.0260812,0.022993,0.0206562,0.0181945,
0.0703819,0.0707107,0.0701904,0.0688919,0.0592058,0.056101,0.0530042,0.0496296,0.0458812,0.0416633,0.037482,0.0335167,0.0287736,0.0244564,
0.0530474,0.0539186,0.0544159,0.0541186,0.0462249,0.0423151,0.0381518,0.0337588,0.0289709,0.0244072,0.019894,0.0161781,0.0126853,0.009448,
0.0115214,0.011439,0.0100464,0.0115263,0.0116895,0.0120465,0.0125063,0.013126,0.0130663,0.0128647,0.0129179,0.0122094,0.0126982,0.0112617,
0.0776052,0.0773893,0.0758067,0.0725314,0.0487464,0.0435729,0.0388364,0.0337746,0.0295433,0.0257762,0.0210517,0.0152175,0.0109711,0.0083397,
0.0625698,0.0622498,0.0616555,0.0602498,0.0483613,0.0437372,0.0385475,0.0334115,0.0281442,0.0225478,0.0182283,0.0140815,0.0101314,0.0084788,
0.0577791,0.0524836,0.0496962,0.0470363,0.0403806,0.0374038,0.0347296,0.0310306,0.0277021,0.0238157,0.0204911,0.0167993,0.0135756,0.009253,
0.040381,0.0381135,0.037649,0.0368577,0.0348865,0.0339207,0.0331817,0.0317384,0.0297467,0.0275748,0.026099,0.0235404,0.020964,0.0185131,
0.0247401,0.0248129,0.0253196,0.0253153,0.0234725,0.0237883,0.0230161,0.0222836,0.0219437,0.0208949,0.0202325,0.019348,0.0182662,0.0169654,
0.0303229,0.0308257,0.0307135,0.0310855,0.0297256,0.0293557,0.0278999,0.0266027,0.0254268,0.0236015,0.0219116,0.0203,0.0171497,0.0166491,
0.0670493,0.0662133,0.0645705,0.0626491,0.0513571,0.0481958,0.0444826,0.0416645,0.0385258,0.0347711,0.0317587,0.0273424,0.0251362,0.0211122,
0.0444716,0.0441527,0.0440095,0.0430733,0.0372314,0.0353529,0.0333587,0.0312928,0.0287707,0.0260946,0.0236949,0.0206812,0.0182638,0.0157102,
0.0529345,0.0523424,0.0519202,0.050994,0.0438431,0.0411595,0.0382899,0.0348812,0.0308216,0.0274094,0.023503,0.0189771,0.0151492,0.0130128,
0.0454762,0.0435105,0.0422919,0.0402806,0.0298554,0.0269306,0.0246233,0.0221299,0.0204855,0.0177732,0.0163888,0.0140265,0.0125647,0.0116256,
0.0594417,0.060214,0.0602352,0.058812,0.0400773,0.0333673,0.0273091,0.0220646,0.0209982,0.0187929,0.0177796,0.017755,0.0158847,0.0134444,
0.0636384,0.0618417,0.0601458,0.0575631,0.0451489,0.0416432,0.0379752,0.03427,0.0310375,0.0280465,0.0245719,0.0219087,0.01957,0.01664,
0.0384614,0.0377783,0.0370644,0.0362013,0.0300311,0.0275781,0.0266432,0.02438,0.0220771,0.0209032,0.0181978,0.0172769,0.0147421,0.0116165,
0.007008,0.0071789,0.006831,0.0073658,0.0070953,0.0063774,0.0068942,0.0060619,0.0061339,0.0057308,0.0058577,0.0056109,0.0063564,0.0063002,
0.0599153,0.0600139,0.0603823,0.0601149,0.0553544,0.0537727,0.0519505,0.0495905,0.0465852,0.0431034,0.0406353,0.0363768,0.0317333,0.0282898,
0.0180536,0.0180334,0.0178529,0.0182929,0.0176589,0.0167507,0.0170091,0.0171618,0.0168449,0.0165931,0.016317,0.0163342,0.0156059,0.0145573,
0.0487746,0.0469007,0.0457856,0.0452894,0.0419844,0.0403514,0.038138,0.0356257,0.0326802,0.0294733,0.0260051,0.0224537,0.0186882,0.0151513,
0.0494212,0.0499262,0.0495439,0.0497519,0.0468999,0.0456156,0.0437238,0.0408977,0.0378673,0.0343445,0.030356,0.0263461,0.023637,0.0178376,
0.0627303,0.059173,0.0570314,0.0554797,0.04909,0.0452489,0.0422139,0.0378812,0.0341163,0.0298112,0.0255386,0.0218871,0.0185608,0.0139685,
0.1024684,0.1037521,0.1041712,0.1033677,0.0925861,0.0868759,0.080089,0.0720116,0.0633779,0.0540467,0.0432855,0.0353035,0.026251,0.0210797,
0.0474474,0.0460475,0.0442391,0.0423632,0.0319294,0.029453,0.026225,0.0240538,0.0219318,0.019475,0.0178783,0.0162783,0.0145141,0.0116523,
0.0446292,0.0426209,0.0419458,0.0417418,0.0380613,0.0358928,0.0332133,0.0300252,0.0270514,0.0235044,0.02095,0.0172219,0.0138923,0.0112208,
0.0097626,0.0099367,0.0089944,0.0096975,0.010379,0.0098127,0.010054,0.0104293,0.0102819,0.0095688,0.0094789,0.0097029,0.0096759,0.0090006,
0.0250712,0.0250709,0.0248736,0.0250282,0.0242589,0.0240019,0.0239191,0.0235461,0.0238638,0.0236582,0.0230953,0.0229332,0.0222492,0.0215578,
0.0791334,0.0788197,0.0781441,0.0767524,0.0666774,0.0641114,0.0600802,0.0570215,0.0540013,0.0499907,0.045505,0.0420691,0.0379883,0.0327379,
0.0319182,0.0323939,0.0320245,0.0328044,0.029574,0.0283354,0.0262461,0.024198,0.0236124,0.0215974,0.0193399,0.0178994,0.0155543,0.014261,
0.0401414,0.0383107,0.0370259,0.0347265,0.0275658,0.0269685,0.0259193,0.0243513,0.0222951,0.0214402,0.0199949,0.0182101,0.0155725,0.0152604,
0.0540411,0.0534324,0.0524308,0.0510006,0.0420157,0.0390675,0.0361794,0.0326061,0.0289734,0.0261888,0.0228061,0.0195349,0.0161421,0.0143764,
0.026034,0.0257118,0.0258583,0.0253326,0.0237314,0.0222737,0.0205754,0.0205149,0.018867,0.0183755,0.0174572,0.0163653,0.0148337,0.0132335,
0.0487419,0.0482807,0.0478789,0.0472567,0.0431388,0.0413075,0.03988,0.0380021,0.0354075,0.0333919,0.0309521,0.0284699,0.0255903,0.0234323,
0.0453641,0.0447448,0.0435199,0.0424642,0.0356498,0.0336705,0.0319331,0.0284769,0.0256616,0.024956,0.0218779,0.0189254,0.0171151,0.0151977,
0.0661565,0.0619032,0.057328,0.0528213,0.0395061,0.0362341,0.0329441,0.0294722,0.0253907,0.020779,0.0171973,0.0129896,0.0104866,0.0086678,
0.0759348,0.0721873,0.0688375,0.0658567,0.0532951,0.0504839,0.0476681,0.0430661,0.0393538,0.0349759,0.0308167,0.027116,0.0233074,0.0175402,
0.0407957,0.0397054,0.0387099,0.0375634,0.0298836,0.0273181,0.0255142,0.023573,0.0210785,0.0188261,0.0170907,0.0158495,0.0140078,0.012134,
0.0170977,0.01745,0.0174352,0.0176787,0.0169014,0.0167374,0.0163049,0.0161963,0.0160531,0.0161072,0.0156415,0.0153515,0.015076,0.0152284,
0.0049559,0.004086,0.0031059,0.0025095,0.0017219,0.0025596,0.0016563,0.0036054,0.0029283,0.0016301,0.0015681,0.0038351,0.0017506,0.0028944,
0.0727346,0.0716826,0.0713856,0.0697499,0.0615205,0.05816,0.0546807,0.0496542,0.0452845,0.0401735,0.035119,0.0302301,0.0228232,0.0179734,
0.0419387,0.0400815,0.0387767,0.0375099,0.0319736,0.0305126,0.029175,0.0277449,0.025896,0.0234026,0.0209139,0.0180185,0.0160115,0.0132046,
0.0304866,0.030492,0.0307004,0.0305702,0.0301622,0.029336,0.0286035,0.0276887,0.0271626,0.0256292,0.0243972,0.0230298,0.0207569,0.0193917,
0.0310951,0.0309066,0.0305615,0.029911,0.0269478,0.025985,0.0246802,0.0237008,0.0224561,0.0210753,0.0198379,0.0182267,0.0164833,0.0147701,
0.0918455,0.0881843,0.0859204,0.0828612,0.0723356,0.0696469,0.0662093,0.0607748,0.0547609,0.0472999,0.041008,0.0330493,0.0272855,0.0211206,
0.0478659,0.0470852,0.0470859,0.0458075,0.0386767,0.035985,0.0336404,0.0305294,0.0275333,0.0255471,0.0227589,0.0208259,0.016823,0.0159514,
0.0642917,0.0624388,0.0604975,0.0580207,0.0453717,0.0416225,0.0377155,0.0335678,0.0299753,0.0258691,0.0215295,0.0189361,0.0152094,0.0128734,
0.0547657,0.0555172,0.0555419,0.0552888,0.0401795,0.034356,0.0299103,0.0250256,0.0202011,0.0159317,0.0123512,0.0101112,0.0071397,0.0057318,
0.0225375,0.0217292,0.0214681,0.0208753,0.0183809,0.0175747,0.0169577,0.0162203,0.0153981,0.0143225,0.0138609,0.0129375,0.011974,0.0116795,
0.0249147,0.0244331,0.0256467,0.0254814,0.0235833,0.0234126,0.0236535,0.0235876,0.0243998,0.0235266,0.0231682,0.0222662,0.0218364,0.0208221,
0.0324876,0.0312997,0.0311473,0.0303498,0.0249246,0.0235376,0.022451,0.0205635,0.0190373,0.0180466,0.0170963,0.0153792,0.0139452,0.0134235,
0.032064,0.031767,0.0313581,0.0310271,0.0272263,0.0265081,0.0253722,0.0241996,0.0231904,0.0219006,0.0206072,0.0193935,0.0177588,0.0162153,
0.043411,0.0436029,0.0434964,0.0419818,0.0312872,0.0332121,0.035041,0.0363748,0.0367806,0.0375716,0.0377372,0.0364757,0.0369281,0.036987,
0.0371927,0.0367958,0.0364651,0.0357522,0.0298266,0.0287164,0.0272031,0.0253541,0.0231271,0.0222674,0.0196126,0.0176683,0.0165475,0.0146428,
0.0432889,0.04237,0.0423933,0.0422832,0.038599,0.0364529,0.0342781,0.0318536,0.0290132,0.0261464,0.0234222,0.0209261,0.0179468,0.0151992,
0.0942491,0.093579,0.0935015,0.0915538,0.0799894,0.0761272,0.072331,0.0681079,0.0630409,0.0575711,0.0527694,0.047148,0.0414817,0.0368516,
0.0905136,0.0872516,0.0828805,0.0783886,0.0592829,0.054615,0.0504822,0.045667,0.0412875,0.037782,0.0337663,0.0307915,0.0275899,0.0244514,
0.0764399,0.0745246,0.0714169,0.0690329,0.057256,0.0538716,0.0502506,0.0455163,0.041063,0.036027,0.0304775,0.0259219,0.023303,0.0192792,
0.0415357,0.0416396,0.0414318,0.0416021,0.0365368,0.0346102,0.032507,0.0303027,0.026615,0.0242825,0.0205059,0.0171399,0.0134779,0.0116115,
0.0570827,0.0561818,0.0549728,0.053138,0.0431522,0.039676,0.0366412,0.0341359,0.0311787,0.0278594,0.0246622,0.0215669,0.0182316,0.0155769,
0.0124602,0.0133383,0.0120805,0.0121613,0.0116517,0.0122834,0.0119826,0.0124009,0.0124942,0.0121474,0.0118347,0.0128347,0.0126549,0.0125705,
0.0484343,0.0475932,0.0465647,0.0454008,0.0376322,0.0355474,0.0331622,0.0309824,0.0289473,0.0270596,0.0251999,0.0233255,0.0216137,0.0190201,
0.1147151,0.1117873,0.1101759,0.1074149,0.0980367,0.0949948,0.088869,0.0815344,0.0750887,0.065205,0.0562292,0.0475311,0.038371,0.0298004,
0.0454081,0.044902,0.0436741,0.0425247,0.0349456,0.0327179,0.0311427,0.0296315,0.0272261,0.0252475,0.0230791,0.0217675,0.018678,0.0171942,
0.015556,0.0138965,0.0143722,0.0140187,0.0130476,0.0116669,0.0118493,0.0104479,0.0110011,0.0104378,0.0097939,0.0093361,0.0089159,0.0084687,
0.0447669,0.0449462,0.0446074,0.0448099,0.040664,0.0393731,0.0379506,0.035973,0.0332603,0.03071,0.0274136,0.0241136,0.0208582,0.0169134,
0.0377489,0.0376607,0.0376585,0.0375415,0.0362024,0.0359988,0.0345735,0.0338605,0.0317632,0.031294,0.0291479,0.0264935,0.0250685,0.0218048,
0.0361226,0.0356195,0.0342374,0.0337149,0.027626,0.0265533,0.024569,0.0232357,0.0214939,0.0205881,0.0186766,0.0176827,0.0163303,0.0148104,
0.0769796,0.0777727,0.0775957,0.0774631,0.0680859,0.0623246,0.0566676,0.0507138,0.043573,0.0359786,0.0299665,0.0244789,0.0189842,0.0150788,
0.053861,0.0529221,0.0510021,0.0487098,0.036562,0.0331634,0.0297256,0.0258862,0.0216287,0.0191356,0.0162229,0.0134755,0.0099129,0.0079585,
0.0755354,0.0750343,0.0735929,0.0728591,0.0651681,0.0630732,0.0606155,0.057889,0.0552618,0.0524421,0.0492058,0.0453534,0.0421857,0.038675,
0.055347,0.053796,0.052536,0.0506816,0.0388689,0.034262,0.0295897,0.0246518,0.0203271,0.0160926,0.0119569,0.0088868,0.0066399,0.0050126,
0.0438478,0.0432523,0.0429595,0.0420503,0.0373461,0.0352222,0.0327801,0.0298082,0.028804,0.0266131,0.0258906,0.0228297,0.0204429,0.0193686,
0.0446545,0.0443786,0.044049,0.0431155,0.0379006,0.0362841,0.0338713,0.0316687,0.0295022,0.0274275,0.0251198,0.022637,0.0202575,0.0178089,
0.0551273,0.055057,0.0546995,0.054121,0.0483364,0.045872,0.0431154,0.0396533,0.036168,0.0322197,0.028447,0.0245598,0.0208737,0.0173947,
0.0493268,0.0501238,0.0501135,0.0493699,0.0462486,0.0438613,0.0405908,0.0370562,0.0336622,0.0283334,0.0248394,0.0199632,0.0154262,0.0120309,
0.0489057,0.04819,0.0463306,0.0447485,0.0368837,0.0346496,0.0328944,0.0307646,0.0289889,0.0275445,0.0250947,0.0232076,0.0215953,0.0191,
0.056428,0.0545943,0.0522975,0.0499311,0.0382777,0.0354688,0.031971,0.029187,0.0262194,0.0235276,0.0200328,0.0181009,0.0159109,0.0134452,
0.0380334,0.0376399,0.0371539,0.0362223,0.0318281,0.0304092,0.0288743,0.0276464,0.0259378,0.0243813,0.0227828,0.0213278,0.0203334,0.0181767,
0.0577345,0.05646,0.053702,0.0512353,0.0410837,0.038937,0.036286,0.0338661,0.0319195,0.0288998,0.0268214,0.0240913,0.0208142,0.0179047,
0.0583552,0.0578654,0.0570767,0.0571635,0.0497219,0.0465108,0.0431299,0.0385822,0.0342631,0.0311306,0.0272434,0.0223162,0.0185943,0.0171749,
0.0395877,0.0393452,0.0391837,0.0388983,0.034744,0.0329552,0.0307099,0.0277759,0.0251313,0.0216206,0.0189424,0.0162788,0.0133634,0.0118347,
0.0266005,0.0266489,0.0265185,0.026168,0.0239336,0.0232694,0.0230549,0.0217431,0.0215827,0.020769,0.0201463,0.0187782,0.0188202,0.018082,
0.0243144,0.0222935,0.0197891,0.0203622,0.0198413,0.0190132,0.0189946,0.0182725,0.017998,0.0168213,0.0164098,0.0152664,0.0143463,0.0138995,
0.0613341,0.0603247,0.0611499,0.0607375,0.0584309,0.0568036,0.0551761,0.0526089,0.0491718,0.0451417,0.0409987,0.0367094,0.031178,0.0254703,
0.0677593,0.0669625,0.0649981,0.062509,0.0447181,0.0389425,0.0344752,0.0301588,0.0277573,0.025229,0.0227587,0.0213451,0.0178476,0.0127265,
0.065356,0.0639062,0.0620494,0.0597877,0.0481846,0.0444725,0.0404856,0.0372698,0.0327578,0.0285485,0.0238815,0.020924,0.017841,0.0151404,
0.0282372,0.0283973,0.0281441,0.0283746,0.0270596,0.0275577,0.0272674,0.0268515,0.02621,0.0256252,0.0242352,0.0237251,0.0225779,0.0208817,
0.0480251,0.0480489,0.0475013,0.046618,0.0332284,0.0287466,0.0238541,0.0198792,0.0158397,0.0130051,0.0091238,0.0071061,0.0047911,0.0036409,
0.0259268,0.0249534,0.0247384,0.0239399,0.0219339,0.0218335,0.0212781,0.0202096,0.0210777,0.0201831,0.0196254,0.0188118,0.0181497,0.0165583,
0.0431289,0.0411834,0.0398685,0.03805,0.0303413,0.0284313,0.0263862,0.024818,0.0228924,0.0209756,0.0187859,0.0167266,0.0149401,0.0123848,
0.0449843,0.044253,0.0432672,0.041781,0.0349315,0.0329939,0.0315751,0.0290105,0.0274296,0.0255402,0.0236,0.0208537,0.0190298,0.0167572,
0.0488411,0.0476881,0.0463161,0.0443826,0.0352056,0.0329046,0.0307494,0.0284375,0.0266303,0.0244326,0.022733,0.0204451,0.0184228,0.0170645,
0.0498841,0.048631,0.047739,0.0466622,0.0407681,0.0383049,0.0359995,0.0336116,0.0304598,0.0277979,0.0249488,0.0215559,0.0190379,0.0160693,
0.0448072,0.0440677,0.0435301,0.0431638,0.0364782,0.0334687,0.0303609,0.0275805,0.0254094,0.0218878,0.0187368,0.0149786,0.0134346,0.0109831,
0.0647366,0.059915,0.0549307,0.0512951,0.0402957,0.0378922,0.0337332,0.0312901,0.0272753,0.0239796,0.0213039,0.0187039,0.0153716,0.0138348,
0.0740676,0.0672917,0.0624627,0.058399,0.0506176,0.0489336,0.0464576,0.0434238,0.0403155,0.0366036,0.0325413,0.029292,0.0251074,0.0205909,
0.0705331,0.0686428,0.0663986,0.0632654,0.0394152,0.0328307,0.0275039,0.0224855,0.0176584,0.0146106,0.0107779,0.0072856,0.005003,0.0035695,
0.031974,0.031329,0.0301015,0.0298628,0.0272543,0.0267863,0.0251744,0.0241294,0.0230335,0.0207716,0.0183565,0.0177671,0.0153348,0.0137181,
0.0576975,0.0584471,0.0582395,0.0580122,0.0537155,0.0514577,0.0489687,0.0465519,0.0427875,0.0407255,0.0369961,0.0335722,0.0302296,0.0268331,
0.0662908,0.0662686,0.0659729,0.0654791,0.0595839,0.0564453,0.0532552,0.0487293,0.0436734,0.0384112,0.0334039,0.0283044,0.0230717,0.0196082,
0.0182767,0.0192421,0.0183836,0.0189155,0.0178075,0.0174774,0.0180967,0.0175966,0.0165808,0.0165643,0.0166725,0.0162819,0.0161672,0.015618,
0.0809277,0.0807568,0.080052,0.0784326,0.0682377,0.0649229,0.0604907,0.0555962,0.0503156,0.0432298,0.0379684,0.0307812,0.0238711,0.0187029,
0.0385572,0.038899,0.0383945,0.038062,0.0299304,0.0277051,0.0243244,0.0217544,0.0186662,0.0152736,0.0123356,0.0095495,0.0077625,0.006792,
0.0530787,0.0519058,0.050213,0.048432,0.0394828,0.0372987,0.0346345,0.0321644,0.0299048,0.0271674,0.0241013,0.0216177,0.0180571,0.0155308,
0.0470371,0.0461082,0.0447197,0.0424121,0.0361402,0.0347885,0.0327418,0.0314155,0.02899,0.0264451,0.0251572,0.0228364,0.0199225,0.0170045,
0.0515167,0.0509513,0.0491779,0.0476406,0.0391486,0.036494,0.0338823,0.0311647,0.0281136,0.0265746,0.0231013,0.0202846,0.0174443,0.0147929,
0.025642,0.0253549,0.0253953,0.0248241,0.023724,0.0235132,0.0231119,0.0224322,0.0224763,0.0219649,0.0215413,0.0209646,0.0201375,0.0194823,
0.0463591,0.0464291,0.0457445,0.045152,0.0392997,0.0375341,0.0354136,0.0329697,0.0312443,0.0287629,0.026219,0.0233749,0.0211919,0.0194712,
0.0657891,0.0638063,0.0619775,0.0602506,0.0518006,0.049404,0.0456933,0.0419964,0.0387073,0.0339085,0.0298792,0.0250495,0.0216737,0.0175123,
0.0609156,0.0594363,0.0579402,0.0554156,0.0436973,0.0403756,0.0367154,0.0328653,0.0286601,0.025244,0.0214198,0.0183286,0.0147927,0.0124079,
0.0388739,0.0374396,0.0363612,0.0353076,0.0286062,0.0269285,0.0249053,0.0223559,0.020106,0.018074,0.016568,0.0144279,0.0120902,0.0104638,
0.013121,0.0139859,0.0137238,0.0133814,0.0127527,0.0128082,0.0123903,0.0122525,0.0120005,0.0119815,0.0117781,0.0117934,0.0118188,0.0117017,
0.0475838,0.0475769,0.0471474,0.0458196,0.0395326,0.0378292,0.0353444,0.0329967,0.0297916,0.02696,0.0235764,0.0216081,0.0175521,0.0150656,
0.0510724,0.0507656,0.0506827,0.0500821,0.045653,0.0435895,0.0415701,0.0394135,0.0371778,0.034705,0.0314848,0.0289233,0.02615,0.02358,
0.0264802,0.0262023,0.0256397,0.0252472,0.0228604,0.0221333,0.0212519,0.0203999,0.0196239,0.0180908,0.0175032,0.0163484,0.0154915,0.0143098,
0.0575692,0.0562726,0.0546888,0.0533696,0.0436874,0.0405761,0.0381982,0.035594,0.0329163,0.0309731,0.0282694,0.0257768,0.0236133,0.0210922,
0.0378209,0.0374345,0.0367809,0.035733,0.0303484,0.0288435,0.0271857,0.0257113,0.0236473,0.0224777,0.0209468,0.0194964,0.0181077,0.0166976,
0.0257305,0.0257911,0.0259731,0.0259805,0.024732,0.0249592,0.0238458,0.0239369,0.023631,0.0232135,0.0229167,0.0223056,0.0207272,0.0200644,
0.0082086,0.0087236,0.0091039,0.0094932,0.0084196,0.0093431,0.0087714,0.0083648,0.0085934,0.0084125,0.0078515,0.0079595,0.0088898,0.008629,
0.0240038,0.0232015,0.0236776,0.023005,0.0222435,0.0214666,0.0213532,0.0212876,0.0205337,0.0204874,0.0191215,0.0189203,0.0183423,0.0176029,
0.0252368,0.024783,0.0248286,0.0252836,0.024532,0.0237307,0.0234156,0.0235247,0.0230681,0.0223236,0.0222642,0.0213894,0.0204998,0.0187678,
0.0616473,0.0606692,0.0592703,0.0576841,0.0492272,0.0459505,0.0425468,0.0390703,0.0353154,0.030961,0.027425,0.0234068,0.0188737,0.015674,
0.0885883,0.0895452,0.0890705,0.0878721,0.0693327,0.0603472,0.0510733,0.041365,0.0321111,0.0244854,0.0176776,0.0128153,0.0078043,0.0074105,
0.0144342,0.0150222,0.0145504,0.0142964,0.0136048,0.0132848,0.0135921,0.0131298,0.0130031,0.0134311,0.0130827,0.0130979,0.0137495,0.0132696,
0.0327028,0.0324875,0.0318921,0.0318307,0.0309283,0.0307924,0.0293598,0.0286739,0.0270826,0.0254333,0.024483,0.0211179,0.019735,0.0183401,
0.0026375,0.0028362,0.0023162,-2.99e-05,-0.0086293,-0.0097976,-0.0090935,-0.0053751,-0.0033971,-0.0008868,0.002561,0.0117214,0.0120947,0.0123036,
0.0452952,0.0434267,0.0428367,0.0431538,0.0398486,0.0376957,0.0355922,0.0329357,0.0298141,0.0268766,0.0240565,0.0208838,0.0174913,0.0147041,
0.055945,0.0555776,0.0547015,0.0535493,0.0446323,0.0410809,0.037909,0.0343698,0.0310236,0.027647,0.024198,0.0215172,0.018422,0.0153009,
0.0642728,0.0634235,0.0619844,0.0599118,0.0498832,0.0468065,0.0438125,0.0403308,0.0363955,0.0339544,0.0298083,0.0270287,0.021623,0.0186638,
0.057108,0.0566025,0.0564076,0.055396,0.0470445,0.0430926,0.0395026,0.0352229,0.0307907,0.0249581,0.0202546,0.0156157,0.0122991,0.0091657,
0.0423055,0.0420185,0.0414753,0.0401963,0.0341568,0.0320972,0.0299102,0.0284142,0.0252113,0.0243618,0.0216181,0.0201549,0.0169815,0.0151393,
0.0442128,0.0430367,0.0407334,0.0390751,0.03029,0.0284269,0.0263289,0.0245287,0.0223068,0.0210008,0.019382,0.0179554,0.0161298,0.0146245,
0.0257506,0.025983,0.0257172,0.0259645,0.0241882,0.0235253,0.022814,0.0224111,0.0217703,0.0203697,0.0195576,0.0185842,0.0174014,0.0158842,
0.0355201,0.0351231,0.035088,0.0342628,0.0327439,0.0316663,0.0308639,0.0309206,0.0299165,0.0279636,0.026767,0.0252619,0.0238759,0.022127,
0.0542472,0.0518027,0.0498502,0.046897,0.035122,0.0329016,0.0300444,0.0272944,0.0246972,0.0227906,0.0201314,0.018152,0.0163818,0.0134324,
0.043181,0.0426783,0.0424122,0.0413356,0.0340747,0.0327129,0.0305415,0.0287876,0.0271288,0.0251739,0.0224408,0.0208999,0.0178509,0.0160272,
0.0596474,0.0584934,0.0560272,0.0544996,0.0426738,0.0389386,0.0368319,0.0337633,0.0319124,0.0285375,0.0262515,0.0237556,0.0218981,0.0197006,
0.0796641,0.0792964,0.0781039,0.0764803,0.0603262,0.0538203,0.0485094,0.0425128,0.0379277,0.0328963,0.0280948,0.0247942,0.0219587,0.01888,
0.073274,0.0724423,0.0708053,0.0681939,0.0581761,0.0551539,0.0526664,0.0500413,0.0468704,0.0434104,0.0402138,0.0366849,0.0336288,0.0295702,
0.0475722,0.0467905,0.0459171,0.0450091,0.0398794,0.0377099,0.0353787,0.0327554,0.02965,0.026713,0.0229876,0.0200366,0.017117,0.0143783,
0.0448471,0.0437213,0.0424788,0.0410191,0.0332043,0.0306075,0.0282844,0.0259297,0.0241,0.0215922,0.0193912,0.0177869,0.0153183,0.013495,
0.0437276,0.0434449,0.042867,0.0420951,0.0356734,0.0338849,0.0316401,0.029406,0.0275153,0.0247139,0.0229999,0.0209524,0.0187378,0.0167162,
0.0350149,0.0343296,0.0335836,0.0334755,0.0299745,0.0283653,0.0272749,0.0254799,0.0248076,0.0227719,0.0213202,0.0194129,0.0175483,0.0167695,
0.0895044,0.0897707,0.0893689,0.088697,0.0784834,0.0732093,0.0671912,0.0599338,0.0512456,0.043356,0.0353304,0.0292598,0.0229861,0.017626,
0.0742686,0.074126,0.0744319,0.0736856,0.0668218,0.0626377,0.0578676,0.0526981,0.0476201,0.0418332,0.0353481,0.0304674,0.0259218,0.0202288,
0.0580102,0.054184,0.0496101,0.0460865,0.0359927,0.0342973,0.0329048,0.0311081,0.0278172,0.0252978,0.0224783,0.0199621,0.0169354,0.014823,
0.0231771,0.0231841,0.023308,0.0231844,0.0213795,0.0207265,0.020344,0.0194694,0.0188507,0.0186319,0.0181068,0.0175093,0.0166762,0.0160785,
0.0583037,0.0584493,0.0579427,0.0572917,0.0481632,0.043478,0.0387401,0.0340053,0.0286752,0.0243141,0.0202526,0.0166006,0.0121087,0.0104544,
0.0742119,0.077025,0.0779291,0.0781485,0.0590205,0.0518201,0.0434781,0.0358231,0.0286419,0.0232992,0.0159509,0.0123195,0.0090553,0.0049019,
0.0417749,0.0407753,0.0395514,0.0385927,0.0322761,0.0305187,0.0288426,0.0268407,0.0247988,0.0235579,0.0222721,0.0196799,0.0186475,0.017166,
0.053097,0.0533426,0.0531062,0.0524038,0.044161,0.0416045,0.0381336,0.0347831,0.0307272,0.0272409,0.0235893,0.0206765,0.0176196,0.014535,
0.0127753,0.0119781,0.0108687,0.0113949,0.0107029,0.0114022,0.0112582,0.0116964,0.0108222,0.0105414,0.0105421,0.0101115,0.0098553,0.0085464,
0.0687745,0.0694219,0.0694905,0.0686833,0.057104,0.0517888,0.0459495,0.0393492,0.0333395,0.0270867,0.0215814,0.016645,0.0128216,0.009744,
0.0374607,0.0373737,0.0372974,0.0372636,0.0339267,0.0327678,0.0316309,0.0295001,0.0284786,0.0272374,0.0244411,0.0233608,0.0220526,0.0198735,
0.0585138,0.0568369,0.0547914,0.0530277,0.0415098,0.0386354,0.0358394,0.0324125,0.0299778,0.0268181,0.0241336,0.0214145,0.0197431,0.0173518,
0.0519719,0.050644,0.0498407,0.0499275,0.0402296,0.0358048,0.0320955,0.0297871,0.0273162,0.024735,0.0214824,0.0185668,0.0158896,0.0157214,
0.0425708,0.0419329,0.0414465,0.0407966,0.0363068,0.034358,0.0322697,0.0298375,0.0270193,0.0238588,0.0209262,0.0170742,0.0142458,0.01188,
0.0595939,0.0514562,0.0447217,0.0406721,0.0365087,0.0356339,0.0355163,0.0335876,0.0326086,0.0299357,0.0274109,0.0253496,0.0208923,0.0192209,
0.0550486,0.0552494,0.0546981,0.0539342,0.0467402,0.0442182,0.0410645,0.0374384,0.0336906,0.0303053,0.0259983,0.0222688,0.0183446,0.0148257,
0.0510925,0.0507597,0.0511373,0.0505293,0.0464217,0.0453322,0.0425174,0.0397594,0.0368046,0.0332101,0.0283573,0.0241559,0.0208652,0.0167129,
0.0217294,0.0223726,0.0219094,0.0220641,0.0196258,0.0197109,0.0186439,0.0186867,0.0180662,0.0172442,0.0165848,0.0156829,0.0151869,0.0133123,
0.0091077,0.0087541,0.0100343,0.0095511,0.0121619,0.0122148,0.0119203,0.0112893,0.0123788,0.0116667,0.0117319,0.0109116,0.010364,0.010506,
0.0616415,0.0602035,0.0583508,0.0562969,0.0467906,0.0436796,0.0403261,0.0375118,0.0343511,0.031043,0.0275211,0.0238852,0.0211286,0.0175112,
0.0338649,0.0323346,0.0316276,0.0311583,0.0299259,0.0296801,0.028926,0.0271034,0.0266824,0.025094,0.0240383,0.0225646,0.0203121,0.0192876,
0.0402143,0.0393946,0.0388414,0.0378227,0.0326581,0.030328,0.0277057,0.0248504,0.0213519,0.0189931,0.0157249,0.0125283,0.0106883,0.0088786,
0.0702145,0.070854,0.0702846,0.0696623,0.0581206,0.0527278,0.046146,0.0387157,0.0328834,0.0249303,0.0182989,0.0150528,0.0096483,0.0070955,
0.0425411,0.0410782,0.0394137,0.0374707,0.0297241,0.0273961,0.0249462,0.021906,0.0198921,0.0180824,0.0150317,0.0135547,0.0109137,0.0094635,
0.0456019,0.0450059,0.0446564,0.0440878,0.0384493,0.0369008,0.0349182,0.032955,0.0304573,0.0277069,0.0258438,0.0241691,0.0213028,0.0201126,
0.0470836,0.0464213,0.0456674,0.0445141,0.0394461,0.0376541,0.0355522,0.0331362,0.0310152,0.0287099,0.0260756,0.0238624,0.0215532,0.0197581,
0.046642,0.0452154,0.0434762,0.0417056,0.0330341,0.03071,0.0284324,0.0260539,0.0237353,0.021499,0.0200723,0.018105,0.0162921,0.0142041,
0.0362348,0.0363151,0.0358766,0.0344834,0.0290362,0.0276498,0.025218,0.0236417,0.0218579,0.0201659,0.018272,0.0172584,0.0155044,0.0136133,
0.0449274,0.0440615,0.0425582,0.0410381,0.0316373,0.0298668,0.0276262,0.0257864,0.0235984,0.0218109,0.0206665,0.0192993,0.0170765,0.0163484,
0.0562471,0.0569886,0.0573837,0.0571625,0.0498418,0.04599,0.0414315,0.0358842,0.028878,0.0242054,0.0191509,0.0167309,0.0128217,0.0108164,
0.0250988,0.0251311,0.0252719,0.0248824,0.0234954,0.0224552,0.0219581,0.0211572,0.0203385,0.0190635,0.0191103,0.0179933,0.0169427,0.0163376,
0.0319673,0.0319547,0.0321371,0.0315971,0.0293449,0.0287717,0.02748,0.0266357,0.0252998,0.0241146,0.0229669,0.0218075,0.0201245,0.0187359,
0.0528187,0.0525149,0.0513661,0.0507847,0.042738,0.0395475,0.0361708,0.0338188,0.0305475,0.0271224,0.0241886,0.02187,0.0177517,0.0148682,
0.0364181,0.0356823,0.0344451,0.0336871,0.0276432,0.0253781,0.0245927,0.023112,0.0211789,0.0195387,0.0178965,0.0161114,0.0149897,0.0134182,
0.0585822,0.05745,0.0559859,0.0536662,0.043987,0.0408521,0.0389108,0.0353921,0.0334217,0.031109,0.0281121,0.0249226,0.021829,0.0179868,
0.0633872,0.0566867,0.0513986,0.0485609,0.0439266,0.0408118,0.037897,0.0339659,0.0292837,0.0251295,0.0217983,0.0158905,0.0133445,0.0119156,
0.040626,0.0393592,0.0391734,0.0382583,0.0332223,0.0310491,0.0292168,0.0271028,0.0244816,0.0223756,0.0203676,0.0180241,0.0161712,0.0146039,
0.1007028,0.0955697,0.0906405,0.08433,0.0602774,0.0547021,0.0498547,0.0442845,0.0378814,0.0318748,0.0256145,0.0198611,0.0149107,0.012094,
0.0455083,0.0444147,0.0430563,0.0415415,0.0344197,0.0324635,0.0304872,0.0283657,0.026425,0.0243883,0.0223123,0.0204412,0.0186113,0.0165558,
0.0492005,0.0467767,0.0445539,0.0414332,0.0335204,0.0316772,0.0294234,0.027739,0.0264197,0.0247332,0.0222012,0.0208653,0.0176078,0.0160635,
0.0331963,0.0330317,0.0327736,0.0321743,0.0300212,0.0288461,0.0277458,0.026819,0.0257503,0.0246205,0.022926,0.0210348,0.0196336,0.0178191,
0.0402678,0.0407054,0.0410485,0.0403445,0.0348024,0.0334393,0.0301719,0.0266161,0.0247598,0.0230437,0.022613,0.0214474,0.0190892,0.0175962,
0.0322998,0.0324694,0.0326894,0.0326493,0.0322752,0.0316277,0.0301508,0.0283624,0.0268653,0.0253454,0.0225384,0.0197954,0.0170505,0.0152315,
0.0491624,0.0485601,0.0472886,0.0457696,0.0371264,0.0344446,0.0321248,0.0296691,0.027119,0.0245137,0.0223478,0.0195277,0.0174507,0.0151813,
0.0590144,0.0586409,0.0571257,0.0556957,0.0451743,0.0425695,0.0391263,0.0369184,0.0337494,0.031584,0.0279563,0.0249906,0.0232869,0.0202336,
0.0397915,0.0396134,0.0392718,0.0385033,0.0342219,0.0329971,0.0317328,0.0300253,0.0283404,0.0262183,0.0247828,0.0225964,0.0204053,0.0176635,
0.0572596,0.0550371,0.0532234,0.0512514,0.0397364,0.0357712,0.0314267,0.0271317,0.0231626,0.0188881,0.0157681,0.0124044,0.0088989,0.0073243,
0.0433579,0.0425417,0.0416755,0.0399505,0.0333106,0.0310489,0.0289277,0.0270736,0.0253326,0.0233621,0.0219097,0.0199559,0.0186115,0.0172392,
0.065472,0.061789,0.0578262,0.0533789,0.0417116,0.040301,0.0383878,0.0351062,0.0324348,0.029966,0.0263988,0.0225864,0.0193376,0.0160498,
0.0653743,0.0643748,0.0632939,0.0614794,0.0525549,0.0481022,0.0434061,0.0381549,0.0326916,0.0270141,0.0225592,0.0178686,0.0135116,0.0115656,
0.0429336,0.0424353,0.0419563,0.0417609,0.0381637,0.0366943,0.0350588,0.0328723,0.0301101,0.0270509,0.0246377,0.0216928,0.0185068,0.016327,
0.0553986,0.0540155,0.0528564,0.0515054,0.0426013,0.0394415,0.0357626,0.0324902,0.0297121,0.025675,0.021056,0.0177881,0.0130381,0.0100085,
0.0689878,0.0616703,0.0559639,0.0525986,0.0443695,0.0415447,0.0377373,0.0330822,0.0286487,0.023448,0.0189262,0.0155174,0.0115615,0.0097038,
0.0403885,0.0399429,0.0391817,0.0376254,0.0324039,0.0307795,0.0295305,0.027342,0.0250551,0.0234485,0.0211406,0.0190734,0.0157368,0.0142475,
0.0327441,0.0321132,0.0311265,0.0304354,0.0257995,0.0245379,0.0235707,0.022703,0.0208294,0.0194141,0.0176992,0.0167066,0.0152793,0.0139837,
0.023158,0.0230739,0.0231518,0.0229588,0.0206807,0.0199873,0.0191632,0.0185162,0.0176185,0.0171685,0.0162644,0.0156163,0.0148878,0.0143414,
0.039113,0.0388964,0.0372066,0.0371808,0.0328681,0.0311612,0.0296169,0.0283024,0.0273224,0.0263906,0.0245837,0.0240093,0.0223831,0.0202165,
0.0583852,0.0559865,0.0530578,0.0511782,0.0403623,0.0369985,0.0327591,0.0289828,0.0252982,0.0212152,0.0183494,0.0147683,0.0121242,0.0093318,
0.2511942,0.3364618,0.3966601,0.43584,0.3144798,0.1768719,0.0846724,0.0168235,-0.0019125,0.0070592,0.0133641,0.0162145,0.0150762,0.0136194,
0.0478145,0.0477827,0.0475068,0.0465521,0.0394086,0.0369725,0.0343449,0.0313231,0.0291434,0.0256742,0.0231678,0.0209369,0.0183377,0.0163445,
0.0406178,0.0406528,0.0402605,0.039539,0.0340426,0.0326818,0.0307914,0.0285398,0.0265961,0.0237666,0.0219298,0.0198244,0.0169784,0.0142508,
0.0465554,0.0468962,0.0465356,0.0460493,0.0413708,0.0391446,0.0373713,0.0347283,0.034088,0.0313004,0.0291256,0.0264998,0.0236316,0.0215263,
0.0409124,0.0410603,0.0410282,0.040788,0.0390867,0.0388009,0.0382747,0.0372859,0.0365783,0.0350518,0.0334656,0.0315203,0.029169,0.0271054,
0.0409965,0.037363,0.0360482,0.0343689,0.0321073,0.0308115,0.0296659,0.0286194,0.0277182,0.0250826,0.0223362,0.0214789,0.0197048,0.0178793,
0.0445121,0.041152,0.0396948,0.0389517,0.0365299,0.0356313,0.0335677,0.0321992,0.0302204,0.0274296,0.0251966,0.0223656,0.0199818,0.016241,
0.0193841,0.019132,0.0192983,0.0196905,0.0184049,0.0179218,0.0175589,0.017138,0.0171455,0.0163124,0.0158823,0.0155611,0.0147235,0.0142185,
0.0467681,0.0466886,0.0468086,0.046246,0.0423645,0.0397238,0.0375859,0.0344514,0.0316406,0.0282094,0.0251619,0.0222791,0.0194324,0.0158638,
0.028785,0.0285637,0.0278297,0.0281106,0.0257268,0.0257409,0.0249109,0.0238109,0.0226159,0.022439,0.0214619,0.0204745,0.0192945,0.0177057,
0.0341128,0.0348098,0.0345698,0.0342602,0.0323195,0.0314459,0.0302231,0.0295644,0.0277398,0.0260009,0.0241742,0.0221658,0.0202539,0.0181845,
0.0587421,0.0593328,0.0591292,0.0583615,0.0510308,0.0475395,0.0436162,0.0391459,0.0343334,0.0300447,0.0250976,0.0209591,0.0170285,0.0136157,
0.0360521,0.0360428,0.0354176,0.0349011,0.0300727,0.0287406,0.0270779,0.0257505,0.024126,0.0219977,0.0201868,0.019042,0.0173742,0.0166086,
0.0223858,0.0223098,0.0221757,0.0221617,0.0196075,0.0190031,0.0185512,0.018564,0.0177082,0.0159766,0.0158268,0.0149512,0.0138589,0.0137082,
0.0580525,0.0573706,0.0569066,0.055534,0.0489364,0.046604,0.0440556,0.0402189,0.0374988,0.0342855,0.030588,0.0261247,0.0232186,0.0194453,
0.0582178,0.055782,0.0539638,0.0514903,0.0399201,0.037062,0.0338359,0.0313331,0.0282346,0.0251588,0.0227816,0.019773,0.0172488,0.0145726,
0.0543568,0.0524496,0.0511379,0.0490186,0.0400479,0.0378375,0.0354746,0.0333576,0.0310392,0.029184,0.0269759,0.0250331,0.0221683,0.0203593,
0.051917,0.0509985,0.0491797,0.0473257,0.0415902,0.0389923,0.0371875,0.0344886,0.032135,0.0298098,0.0268222,0.0242269,0.0220855,0.019871,
0.0736913,0.0729556,0.0722979,0.0715209,0.0609947,0.0556947,0.0499353,0.042549,0.0364197,0.0297971,0.0243569,0.0181363,0.0136417,0.0107249,
0.0590716,0.0569289,0.0540253,0.0509325,0.038555,0.0354889,0.0324413,0.0296926,0.0269787,0.0248361,0.0218835,0.0197772,0.0174215,0.0146871,
0.0205417,0.0203342,0.0203576,0.0200826,0.0193173,0.0187056,0.01815,0.0180953,0.017645,0.0169242,0.0166687,0.016412,0.0158061,0.0152684,
0.0519407,0.0518193,0.0517572,0.0513783,0.0453788,0.042493,0.0385325,0.0348929,0.030247,0.0262804,0.0208853,0.0184686,0.0154897,0.012745,
0.0335966,0.0332408,0.0332161,0.0324177,0.0289093,0.027945,0.0267956,0.0257264,0.023873,0.0227956,0.0203973,0.0186033,0.0178584,0.0158036,
0.0487552,0.0484456,0.04802,0.0478203,0.0436646,0.0421001,0.0403142,0.038247,0.0358735,0.0338253,0.0311935,0.0285785,0.0254771,0.0227486,
0.0678845,0.0675419,0.0671606,0.0663108,0.055453,0.0496553,0.0431502,0.0380727,0.0314536,0.025881,0.0202778,0.0155702,0.0123884,0.0084443,
0.0658677,0.0637712,0.0620535,0.060425,0.05172,0.0487831,0.044748,0.0407584,0.036318,0.0318506,0.0275215,0.0231811,0.01973,0.0154445,
0.0636635,0.0629972,0.0617298,0.0611988,0.0532205,0.050728,0.0477815,0.0440634,0.0405015,0.0365241,0.032286,0.0276569,0.02376,0.0198262,
0.0689806,0.0685942,0.0679028,0.0664172,0.0499627,0.0450145,0.0400065,0.0347908,0.0294694,0.0247469,0.0209064,0.0177794,0.0150442,0.0111009,
0.0292146,0.0289169,0.0288637,0.0280734,0.0257222,0.0246792,0.0238803,0.0227963,0.0218079,0.0207283,0.0195537,0.0184625,0.0171547,0.0162961,
0.0704838,0.0705213,0.0698677,0.0688359,0.0573624,0.0524232,0.0470699,0.0414877,0.0361935,0.0308481,0.0259993,0.0212056,0.017197,0.013937,
0.0422309,0.0431401,0.0425238,0.0417345,0.0360702,0.0339174,0.0319187,0.0291919,0.0270621,0.0245854,0.0221178,0.019708,0.018014,0.0138737,
0.0276051,0.0274951,0.0269449,0.0270401,0.0256946,0.0250005,0.024402,0.0233286,0.0228045,0.0220727,0.0208468,0.0199692,0.0187836,0.017427,
0.0680505,0.0677004,0.0656964,0.0640236,0.0526696,0.0497118,0.0468998,0.0440081,0.0409793,0.0378569,0.0357705,0.0315848,0.0286774,0.0257368,
0.0438941,0.0418195,0.0400093,0.0392773,0.0373728,0.0362285,0.0346071,0.0332259,0.0310858,0.028346,0.0262087,0.0227596,0.0200852,0.0167179,
0.076614,0.0745052,0.0716974,0.0692064,0.0535575,0.0490921,0.0448069,0.0389066,0.0348053,0.0301862,0.0256499,0.0223567,0.0191658,0.0166863,
0.0230224,0.0236194,0.0236539,0.0231886,0.0228974,0.0227153,0.0222742,0.0220653,0.0220568,0.0217567,0.0214469,0.0217047,0.0207399,0.019909,
0.0400298,0.0390243,0.0383512,0.0372568,0.0319366,0.030249,0.0280361,0.0258154,0.0232361,0.0210846,0.0181669,0.0158066,0.0133488,0.0106466,
0.028176,0.0271734,0.0272183,0.0272643,0.0250104,0.0250387,0.0236102,0.0229662,0.0220371,0.0206139,0.0189719,0.0171262,0.0151918,0.013751,
0.0284016,0.0288128,0.0284587,0.0280535,0.0246344,0.0235058,0.022743,0.0214163,0.0200076,0.0192119,0.0174506,0.0168665,0.0150954,0.0143125,
0.0421166,0.0426645,0.0432517,0.0428548,0.0370391,0.0344974,0.0322764,0.0298561,0.0274351,0.0253083,0.0229428,0.021015,0.018047,0.0150931,
0.0350102,0.0350875,0.0351263,0.0346318,0.0310661,0.0292274,0.0286953,0.0281176,0.0255266,0.0243326,0.023739,0.0225231,0.0214512,0.0203123,
0.0563714,0.0561348,0.0552642,0.0545337,0.0477864,0.045557,0.042938,0.0400968,0.0369641,0.0338278,0.0299218,0.0267175,0.023076,0.0199154,
0.087169,0.0849173,0.0819626,0.0800384,0.0694105,0.0655066,0.0616832,0.0567819,0.0512852,0.0458478,0.04056,0.0345485,0.0286476,0.0226537,
0.0274119,0.0279198,0.0279001,0.0281759,0.0274044,0.0270526,0.0270731,0.0267329,0.0262455,0.0256071,0.0245364,0.0240461,0.0219269,0.0200176,
0.0417819,0.041634,0.0407188,0.0398047,0.0345174,0.0323911,0.0304093,0.0287296,0.0258527,0.0230882,0.02071,0.0171145,0.0141556,0.0112474,
0.0816836,0.0753891,0.0699719,0.0642301,0.0383098,0.0317075,0.0260901,0.0222431,0.017861,0.0151943,0.012014,0.0112916,0.009023,0.0057228,
0.0224237,0.0225438,0.0227321,0.0228189,0.0209414,0.0208428,0.0202386,0.0202019,0.0191795,0.0183807,0.0186018,0.0176613,0.0169547,0.0162975,
0.048555,0.0485855,0.048006,0.0477919,0.0435013,0.0422541,0.0406825,0.03843,0.0365317,0.0336803,0.0304371,0.0279297,0.02493,0.0214164,
0.0786278,0.0780182,0.0779182,0.0765093,0.0690973,0.0653023,0.0618064,0.0567438,0.0507269,0.0446976,0.0388261,0.0325839,0.0268867,0.0220858,
0.0604133,0.0592894,0.0577781,0.0556414,0.045634,0.0426497,0.0402445,0.0369338,0.0341885,0.031964,0.0286996,0.0265983,0.0229227,0.0208529,
0.0371527,0.0364733,0.0362555,0.0351411,0.0289589,0.0275827,0.0264963,0.0240167,0.0224177,0.0199692,0.0190199,0.017379,0.0154528,0.0136191,
0.070339,0.0703869,0.0699299,0.0686498,0.0507193,0.04671,0.0405664,0.03503,0.030154,0.0264556,0.023862,0.0215065,0.0175852,0.0135473,
0.0290204,0.0292112,0.0287157,0.0288457,0.0253072,0.0237962,0.0228311,0.0217732,0.0207177,0.0189487,0.018474,0.0168594,0.0158813,0.0140893,
0.0541854,0.0539724,0.052844,0.0514004,0.0453288,0.0432248,0.0405847,0.0378813,0.0350837,0.031405,0.0285681,0.024088,0.0200427,0.0168353,
0.0472755,0.0461641,0.0445971,0.0431414,0.0353752,0.033591,0.0315101,0.0295053,0.0276871,0.0254263,0.0235276,0.0215642,0.0195019,0.0171328,
0.0595548,0.0580441,0.0558504,0.0539015,0.0371751,0.0322712,0.0288235,0.0244618,0.0221988,0.0197451,0.0161956,0.0098614,0.0082595,0.0090966,
0.0417386,0.0410796,0.039576,0.0385852,0.0307726,0.0289594,0.0265067,0.0247631,0.0225345,0.0210271,0.0194707,0.0174064,0.0152438,0.0136033,
0.0137729,0.01411,0.0138074,0.0132737,0.0122191,0.0116888,0.0114889,0.0109437,0.0108344,0.0103395,0.0099026,0.0095376,0.0093845,0.0081786,
0.042164,0.0415719,0.0412627,0.0408406,0.0374314,0.0357027,0.0339584,0.0313443,0.0289848,0.0261842,0.0234769,0.0205379,0.0174966,0.0147867,
0.0570281,0.0540259,0.0516418,0.0500113,0.0408552,0.0373913,0.0335253,0.0301313,0.0263606,0.0225883,0.0187205,0.0148584,0.0125289,0.0105861,
0.0739343,0.0740616,0.0738174,0.0723607,0.0601935,0.0551534,0.0489669,0.043614,0.0377372,0.031161,0.0250906,0.0204709,0.0154602,0.0123735,
0.0276641,0.0270953,0.0260325,0.0246419,0.0251401,0.0263407,0.0266925,0.0252672,0.0231041,0.0217914,0.0200844,0.0175632,0.0162951,0.0143598,
0.0132829,0.0135129,0.0136453,0.0132773,0.0127038,0.0121824,0.0125897,0.0120471,0.0124607,0.0120129,0.0119055,0.0121921,0.0123451,0.0119987,
0.0376901,0.0379422,0.0386197,0.0377863,0.0377923,0.0370674,0.0376238,0.0372521,0.0370646,0.0375319,0.0385418,0.0377359,0.0376208,0.0381823,
0.0367493,0.0376924,0.0365331,0.0361687,0.0356327,0.0345823,0.0341943,0.0342873,0.033454,0.0320875,0.0316993,0.0300706,0.0292751,0.0271164,
0.060099,0.0588678,0.0574769,0.055778,0.0441896,0.0409972,0.0373664,0.0342752,0.0300033,0.0270614,0.0234345,0.0196991,0.0168836,0.0132448,
0.0203228,0.0192789,0.0197347,0.0195504,0.0186974,0.0179922,0.0181181,0.0177882,0.0168596,0.016494,0.015277,0.0151208,0.0145566,0.0138499,
0.0553383,0.0550311,0.0536852,0.0524876,0.0445318,0.0427676,0.0402208,0.0372833,0.0349421,0.0316478,0.0295333,0.0264993,0.02323,0.0211284,
0.0574013,0.0551245,0.0529151,0.0518919,0.0438564,0.0405907,0.0368474,0.0325889,0.0302076,0.027193,0.0247057,0.0236621,0.0203462,0.0177964,
0.0473054,0.0466837,0.0462824,0.0453976,0.0400945,0.0375162,0.0352098,0.0330746,0.030695,0.026896,0.0243035,0.0215028,0.0187791,0.0149151,
