0.005908483161038787,0.016480305989485345,0.028297318533132415,0.03892307420492464,0.05151029244660273,0.061855924725710824,0.06561434084797467,0.07571872840018924,0.08350012115164471,
0.009044439907374854,0.023007224622384047,0.036105119661089556,0.04739957103156733,0.0613243019300791,0.07004423996904223,0.0760058407478965,0.082559485723665,0.09156209260092624,
0.006127521637162703,0.016097740213317197,0.026053556323951812,0.03390959424191757,0.04223818727397704,0.04795170302988259,0.051060802643646916,0.05537650868430139,0.06138058592114914,
0.008287851790527117,0.013087736901690414,0.01650601467466951,0.018743882361278785,0.020534376267690054,0.021169704350528368,0.023703843192232385,0.023189635600028388,0.025884364835896383,
0.006708365819509864,0.015502165136856566,0.026134941986500612,0.03499284884759717,0.045325766327246886,0.05406134223470462,0.0562174449489087,0.06319110805550951,0.06935077287289183,
0.007223045024073455,0.020118509926282033,0.03144105137028054,0.041040475223542275,0.051271615498526206,0.05791940045948559,0.06164636194969372,0.06681929079163684,0.07477440587378568,
0.007074567039592032,0.021236492813168553,0.03621214977197278,0.04818222566845414,0.061731869797319185,0.0712738349902207,0.07529570404195192,0.08198768894205076,0.0928565462421146,
0.00811577207255983,0.01938440273287311,0.03009743433942935,0.03765855358377506,0.04609708022534865,0.05165328021125711,0.05618610848257389,0.06048282579195079,0.06787966597852706,
0.007123070056985187,0.018694746558413303,0.03076863260167044,0.04100818312448945,0.05323205191708124,0.06159935685472994,0.0663478425220093,0.07165224866728336,0.07959801621756213,
0.006323520843108755,0.013418124418931312,0.02032751973045885,0.025859652824568993,0.03204721995147964,0.03613874077794537,0.037674650504048626,0.042949233444244776,0.04945417684097038,
0.00798204452653612,0.02020632848334694,0.033305087998385774,0.04419770260628145,0.05713412878304514,0.0655620472932319,0.06916325035515304,0.07579169684773392,0.08621308925724279,
0.007081678693584242,0.019526757829769655,0.03229789811374235,0.043118589203174296,0.054654085938346114,0.061627836059782726,0.06555505196530563,0.07133012541765547,0.07984068797583087,
0.005916156653784786,0.015988358730964013,0.026815110780456616,0.03637563241759455,0.047694065512983226,0.05494419368191212,0.05849438906610604,0.06508206276679351,0.07259534500551888,
0.003813558539499939,0.013404357695589264,0.025224162938186103,0.033181183231433244,0.04609392763358394,0.05503877731475141,0.060683484992109765,0.06749018571737629,0.07758830399593253,
0.006928737200197948,0.01659448404494327,0.02659688351940501,0.034654033663969575,0.04350305424709727,0.04933072245738516,0.05188143156306882,0.05588067759982202,0.06057982101759896,
0.007145619083705306,0.01567009607443615,0.024629679645761144,0.03283883126068889,0.04234139820613287,0.049983137364866696,0.0541699441142875,0.05955342883274192,0.06566146412340725,
0.006399941460729314,0.01649689532185838,0.02726323413797045,0.0362644176570986,0.0482777164559498,0.057047293399569786,0.060952973729333025,0.06511881487129725,0.0744730550832563,
0.004834815846001977,0.015139801323665105,0.02670209211742407,0.03727157065397518,0.049394895022568185,0.058104242661686754,0.06306100296861791,0.06833233806399043,0.07818423860382817,
0.009206932160388532,0.019988830407882022,0.03160800850667458,0.04112454866867886,0.051791092133747434,0.061105953217027636,0.06740126623341704,0.07340843944257079,0.08268353330854838,
0.008002589050437275,0.01602819540017807,0.02354953392845552,0.028575839478762747,0.03539101060455408,0.04119598496183397,0.041640032032294924,0.048234928702120254,0.05397715984829948,
0.0060532781233113555,0.016224081050241833,0.027265938170066756,0.03582952908025859,0.04728309289266338,0.05492244255902983,0.058818550710305235,0.06512499816014251,0.07185308610724749,
0.008259512664051078,0.02133692852679778,0.03405539990709511,0.04527419790081046,0.05786851549234957,0.06603335886938147,0.07081484908345446,0.07608973105166938,0.08465546993046127,
0.0052982128716878825,0.009192019480643633,0.012518292253876231,0.013420562508336597,0.016000584483115483,0.017828125319713114,0.01787008728210934,0.017235184238516003,0.018887252199008917,
0.005732787390234438,0.014400332656687385,0.023483703707936527,0.030599521538586808,0.03957841088917296,0.045103661294580155,0.04790969144926965,0.052026616488093286,0.05848593447255398,
0.007381500889162044,0.019041594384498376,0.030039163529155404,0.03934557918955051,0.04961189995265202,0.05671162591083382,0.05920157893829877,0.06356837926094216,0.06959264372111117,
0.005848542454703673,0.016321119640227973,0.026428539864187185,0.03608569106068837,0.0472340615325209,0.054715428356777486,0.0589109471542488,0.06641912738391255,0.07302956775085655,
0.009980836875213438,0.022177815290880674,0.0352976900953885,0.045255378769971884,0.05975327323707976,0.069420188382869,0.07445181212197471,0.0831341604554158,0.09040469019708686,
0.0042817142721317475,0.013792330673660038,0.024038021660393333,0.03206256445169054,0.0433942215863341,0.05070465890808994,0.0554765396454226,0.06262054525741789,0.0681599129494024,
0.0070408881311189,0.019632594579146897,0.03170393444947429,0.04216547091013912,0.05397458517646698,0.061314318228018506,0.06610369042365608,0.07191242990325852,0.07835824233916878,
0.006926935097310959,0.01797373093966815,0.029292971796845372,0.038163897449363375,0.04882236150674949,0.05597199371496272,0.05935813263184556,0.06688061638891586,0.07274282553377977,
0.006787163522729294,0.017226130909028275,0.02807670666703486,0.03672848159202086,0.046455220435891176,0.053376778263824275,0.05521794586824894,0.059839197180665625,0.0654081179071797,
0.006153136687053106,0.016783172774747845,0.028109074923263245,0.03693572839827273,0.047224859340187365,0.053513192864416304,0.055849989274725544,0.06080985051529394,0.06700340884044921,
0.00868027916170066,0.020915615680968783,0.03373980448824005,0.04429241419240412,0.05724786863116694,0.06620285746564891,0.07212927791955351,0.07923737644877937,0.09092286965198111,
0.00838197316370442,0.014239864638788126,0.020227107076488438,0.023263415374183968,0.027592348181887907,0.0292197136547163,0.031947742742201746,0.03609254040269688,0.04079891193685642,
0.006222195748640691,0.017169349741524873,0.02877078921923587,0.038750237171762694,0.05146297879599126,0.06109687317605946,0.06682166113408426,0.07357150319727668,0.08270962025539189,
0.005367351598209915,0.01656898187075694,0.027605320218516673,0.03785192045041846,0.05025794994904983,0.0588354925286049,0.06331907649561053,0.06978516839241027,0.07736960436418708,
0.007399845747696792,0.017511028230466328,0.02765150711918556,0.03606117084269788,0.04552934987742323,0.05182838501624659,0.055160624437170715,0.06108026802582155,0.06857968737663665,
0.007673600135544468,0.02002050335567884,0.03343970376639673,0.0450425787704663,0.058637762399783924,0.06701238631959959,0.07154366172457406,0.07696427278201631,0.08369846650053288,
0.005735725965353968,0.016639779280778283,0.027811478421727893,0.03728766085032166,0.047752837169785914,0.05433341956762409,0.05766717543970859,0.06165193936319601,0.06582330308070984,
0.0054918863826612955,0.015470051535884988,0.02542759248028246,0.03479629870178224,0.04495231548275466,0.052318019016795204,0.056219832855955186,0.06132241298974383,0.06640455138049586,
0.007450455692422378,0.02073884044426221,0.034553611913505304,0.045686002135530014,0.059547818346615905,0.06825752419938215,0.0720300728135901,0.07913837327027375,0.08787754518601748,
0.007532383697444481,0.017637453904670305,0.0275620748227978,0.03456115328720921,0.0429649575300997,0.048849998642130875,0.05255378306383753,0.05721213294280677,0.06524765742457728,
0.008880816169956557,0.021117253157565855,0.03284262729876076,0.04280706916023574,0.0538721670460419,0.06158418701801751,0.06565848822130067,0.07064447809995789,0.07657483685909795,
0.007922470392230601,0.020258141288209016,0.03218198701192621,0.0420380769152864,0.0528783671389667,0.05955635676165519,0.06464503913782384,0.07049268694005617,0.080529611297127,
0.005650657852005394,0.015571685233032352,0.02635660076606377,0.034051701285926925,0.042952192077571734,0.048687532821413665,0.05216335549506007,0.056502731452039136,0.06276791720042808,
0.008760572304615756,0.024735951890880157,0.042854888084752775,0.05698101046776926,0.07421622429808131,0.0850893325469713,0.09176872911909842,0.09940930714244452,0.11097255801577287,
0.0067029912527527555,0.01625139627295846,0.02481696936334844,0.03142507455471911,0.03859803253077469,0.043301468494648686,0.047830269186209855,0.05165774287483491,0.05853893187712378,
0.010021183486777982,0.026426754131336484,0.04330734526478759,0.05709108238817121,0.07125365964755705,0.07962564095870171,0.08322200594798856,0.08851331088327714,0.09506527208253908,
0.007402311205203977,0.01694534909997777,0.02519862399663553,0.03146990363643292,0.038331339252905876,0.044196634868704184,0.046819111669188264,0.05088943022143023,0.05711529233230207,
0.007039871591281203,0.01845986873549799,0.029945943803874775,0.04001049058460795,0.052797027543021666,0.0609689490312935,0.06593334379887171,0.07195542834801404,0.08054258731628176,
0.010222450484798914,0.021468567501314772,0.034065693737051754,0.04307895705682599,0.05385921710703113,0.06099030394068372,0.06320440079480204,0.06885193350536402,0.07737683698793629,
0.006075134129074732,0.016856669652199122,0.027947202049593296,0.03731842996085665,0.04864130748151682,0.055088125008600976,0.05950632909990628,0.06367601833544563,0.07188815903188062,
0.008401235125044105,0.020803441823283638,0.033243004562202964,0.043455962253968757,0.05576366215410834,0.06310488742716111,0.06783777264539513,0.07362010431616149,0.08084945789457809,
0.0048796414047571415,0.015348442572025065,0.026050386673331462,0.035742942932344375,0.04719058280554921,0.05555207282920168,0.061248083389824924,0.06649088510683455,0.07389369202299,
0.0074534544616085005,0.019312348160708932,0.03221476231460179,0.042515289491331015,0.0547893004005227,0.06347402915346599,0.06709260950007763,0.07257133203075052,0.07877312596473332,
0.007181594923042044,0.015646510931657334,0.02351182139750008,0.03022399358813434,0.038412281995888586,0.04433017234962373,0.044590105965266885,0.04971106211404602,0.05353018993877435,
0.007892916120196264,0.014379496390272804,0.01943689106676519,0.023827697347863074,0.02866999413440123,0.0329917905518477,0.03528712196108775,0.041475166222098694,0.04730238680273317,
0.006056441445434529,0.011251901278824366,0.015907651881051397,0.01870051264530036,0.021765216893189585,0.025117644764135676,0.02666956842021125,0.029441542417908657,0.03477527868013476,
0.0076417059047754025,0.01758855300353202,0.028044964378264387,0.034900248294272455,0.04301410899358562,0.04950651948150102,0.05293924193300458,0.057719256023552074,0.06567236088859475,
0.006207185572907982,0.018176410335101083,0.030424406710222188,0.04177936468595059,0.05624364105629943,0.06748921757890479,0.07304224130043668,0.08191415515537383,0.09368303831791634,
0.006374031713573276,0.015386270002196696,0.025967642671485217,0.03447249317507911,0.04532420619686913,0.05323284615615503,0.05925170300253782,0.0647339392885643,0.07433340245928476,
0.005338445671845472,0.017808846129820116,0.030243263595978318,0.04197230699319937,0.05774280477189168,0.06958535703703073,0.07695425628803852,0.0860528309844858,0.09816009476851491,
0.00838643051785082,0.021579547686200396,0.035214639248404976,0.046613340437534574,0.06016807247111889,0.06919539990261157,0.07452756523913132,0.0814190855703888,0.0907289242411329,
0.006630714734317772,0.018902363640044748,0.031150231002680332,0.041515780935157454,0.05346007776817836,0.061016088910311066,0.06445987093801472,0.0688153045594282,0.07421855667781775,
0.006485330560259018,0.018459339928004942,0.030875656080533376,0.04175490268322872,0.05392521528249584,0.06161214686954577,0.06639909967853484,0.07244849011625289,0.07840781325664026,
0.006787294196926535,0.019600583973654266,0.033374089233298924,0.04393587686183681,0.05596812455243786,0.06385668310442623,0.06733079567369152,0.07314811274439215,0.08135653032184055,
0.005839647934261871,0.015376174781407154,0.02557925040853924,0.033667531980835046,0.04336499248112748,0.049116881464240696,0.052676056749406154,0.05691711121452533,0.05990969265806224,
0.007339262249907313,0.019044135349199454,0.03061972241875031,0.03979496554711505,0.05129087702690963,0.05863907819468083,0.06369224487202403,0.06876490450743887,0.07672260713531565,
0.008710406588442517,0.021586755559048446,0.03337602622305453,0.04310244998488689,0.054152157413009626,0.06049481126556511,0.06693460759429866,0.07175873444992667,0.07699163091089908,
0.00973456263565664,0.023701291358927106,0.03749906927174124,0.049056565558468275,0.06322800622237108,0.07261465856080775,0.07807864121521703,0.08533520296029364,0.09470231535248225,
0.012414343871131833,0.03610879170574595,0.06039291507494069,0.08173423466419905,0.10826821409995672,0.12588810073500717,0.13598712503905394,0.15073151886089783,0.16759222702693768,
0.007082836971541309,0.020634160438312756,0.035010764925508926,0.046653309808737824,0.06021553851654194,0.06997703626629372,0.07573192116941818,0.08431972331145911,0.09620291669388077,
0.00614626668839533,0.01413349212419667,0.02117127524547836,0.02668762158353723,0.032310553747450385,0.03547442639016053,0.03878163975200132,0.042798456767866776,0.048764137576247576,
0.00648267574001865,0.018502441034204516,0.03202645360161844,0.042345226169971696,0.05633055578368217,0.06540726251875839,0.07086354608057055,0.07917209848724092,0.09084870931834732,
0.006137788497519948,0.01640731456509049,0.02651472044427037,0.03581799242934026,0.04727020166400476,0.05445700436315008,0.058631685687988155,0.06475710311571216,0.07268190387665897,
0.008014742261526266,0.01939556474239468,0.030695049363940016,0.040333559610540914,0.050510375119098665,0.05695666659649058,0.06111372318481801,0.06599423491068408,0.07320038791281125,
0.008605027627037689,0.023430976391155326,0.03716970919735156,0.04947981062154056,0.06311325765798868,0.0724525331472159,0.07816808357111729,0.08432502937579787,0.09412845859135938,
0.008466515936349934,0.022811221686492116,0.03720779907426098,0.049042831975903714,0.06264686375649162,0.070902731839393,0.07661544943632459,0.08205032702189238,0.0905128759153898,
0.004439445868478582,0.014558735634497952,0.02467078475429121,0.03447484910309067,0.04633061606046503,0.053635582701054875,0.059229569539774214,0.06497018920469155,0.07179928928931507,
0.005999157983380333,0.01818013986370906,0.02982575428782284,0.04182485613595727,0.055014498224784415,0.06409488973260023,0.07135650385558313,0.0776638551263242,0.08601415222576488,
0.007614878602664081,0.013704847837720089,0.0180187907972723,0.021332699997817367,0.025215168368452875,0.02691627841553768,0.02857126824666751,0.030905117946833812,0.03404932877417542,
0.00710379504715503,0.020506922599246327,0.03539820982426162,0.0478636831934098,0.06364444530857659,0.07513401328618663,0.08305152467227706,0.09061477176517933,0.10324042834719138,
0.009124489134055008,0.02117845326882283,0.03386665061265037,0.044464592087414004,0.05646353647989199,0.06432474513214435,0.06907852480262865,0.07579360922607925,0.08238379805753339,
0.008604573125539569,0.023110594877303513,0.03849405824068557,0.05063329021581148,0.06388880826590938,0.07243348453029033,0.07705604269502334,0.08264342670393363,0.08980001294606046,
0.007250381089878338,0.018956171356368595,0.030322111418898085,0.03910665165873773,0.048542879624894605,0.055403078610165864,0.058251874071355854,0.06369241258040857,0.07124409502186124,
0.008501124471389171,0.02134221694324431,0.03448881224534129,0.044043413024801005,0.055282170067513056,0.06346665846429915,0.06764080431416586,0.07458674228655013,0.08389491816143158,
0.007332916640758742,0.020292512439246325,0.03388288994180819,0.04488258389252444,0.057478635153583056,0.06439700111204873,0.06923503268941866,0.07437943820751074,0.08209454452926765,
0.006213033239073535,0.017584803178766237,0.03010098055991743,0.04063337810514006,0.055364622669516646,0.06436950396244821,0.07072110340609546,0.07877825359255479,0.08814067914210613,
0.0070221360859832925,0.01877193823655299,0.030291465680617264,0.040054626927537036,0.051463301824769485,0.05862637702438056,0.06318044288392967,0.06805370226022378,0.0743869441926517,
0.0061934824216717975,0.016393544673594437,0.026988273996234807,0.03557642295355173,0.0455951156577417,0.05123445836634395,0.055271152927999036,0.060159092543450615,0.06883309943544212,
0.008515503032897791,0.02339635914034852,0.03777263453638068,0.0492843954916243,0.0643618992489325,0.0732715387501117,0.07791510643936785,0.08525561800829036,0.0927047016956611,
0.00858186161197762,0.020890459764471462,0.03345080018405678,0.043819351491447736,0.05619757530353965,0.06438889035479903,0.06868569870874856,0.07492012604527258,0.08304745616205654,
0.006164413797450033,0.01819785562902388,0.031389935731093666,0.04177991947401399,0.0540150906145609,0.062050828754871695,0.06583203891195048,0.0729926653078237,0.08162038972843699,
0.00723886852548855,0.016388607966647574,0.025218809053516363,0.03203284817207182,0.04017948824339985,0.04542917106964257,0.048754306816742025,0.05533704785019599,0.06364796238775174,
0.008003376436091374,0.020907508392778554,0.03350232358088961,0.04523384693964403,0.05812334180496197,0.06685331155254158,0.07106880820503929,0.07845149318151978,0.08669061183329994,
0.005904501213979403,0.01634945834080559,0.027836360352363938,0.03735053206317685,0.0481391299707224,0.05620178925523819,0.06051917784438845,0.0678684651121829,0.07777005547565444,
0.006451138255407034,0.0184622617378423,0.03044943608199668,0.04111006069757788,0.05513424546536467,0.06390074767027831,0.07065078214476463,0.07771864287116015,0.0879222823751532,
0.008498961702750453,0.02222960874454004,0.03623835135347985,0.047028894832386044,0.05866193707930411,0.06477555677043378,0.06907998859567067,0.07330650772453305,0.07924469416495306,
0.00860593737583709,0.01983148342525965,0.031821108934767015,0.04039096982608376,0.05036418230410758,0.0566924378444133,0.060659064469289224,0.06657270906149694,0.07309168847551516,
0.007987843381582354,0.019303665630234994,0.03030736799895319,0.038774300917666656,0.04729524199832411,0.05505974133672845,0.057374200787959885,0.06306297285703341,0.06992577579044394,
0.007812497963876338,0.021412259381809014,0.03450220347268363,0.04598084681399504,0.0584277134569827,0.06670264307355565,0.07050127895087842,0.07637854249214804,0.08179443890461979,
0.006223908792664411,0.017180422260424454,0.029215300285897854,0.03948791892350711,0.0523603101441886,0.06092385343018028,0.06606504904142248,0.07482905197368339,0.08210708164888335,
0.007342293807939754,0.01545772403236637,0.023710358209346548,0.02991478884368171,0.0370931577461473,0.041972947147680566,0.0468618674507171,0.050967336868021455,0.06205679861496269,
0.007129131846466124,0.02048933864924194,0.033976906463564445,0.04655693998179492,0.06202289286010535,0.07312726541966845,0.07941066806249297,0.08780762820026876,0.09762976541913877,
0.007720628970590688,0.015577080668793347,0.022552805015318065,0.027322138630810153,0.033256341750523555,0.03694434766077521,0.03711537113909542,0.04357438056031566,0.04868400596447575,
0.007211628538810894,0.01655988092761747,0.02615823285917584,0.032972253937786355,0.040712999837763726,0.04450933169308784,0.047216354603104214,0.05251251606133939,0.05543970711733043,
0.011905817116099877,0.029909846236930108,0.04666010747701494,0.0608420421036073,0.0767844809730631,0.08806012702159012,0.09337782697845663,0.1014423915539421,0.11214263798850477,
0.010682127860031391,0.03153001242750945,0.05388432176118567,0.07409933830847314,0.10011411619118897,0.1196590839204665,0.13160197895910153,0.14537682556450046,0.16245296055064784,
0.006035542904880614,0.013879594810974267,0.020859534858198664,0.025767377886622464,0.031513840291534485,0.03627913531112053,0.03775130275317772,0.04358946914408973,0.05163575107959017,
0.009487052029568939,0.025620380374497407,0.04068451120186768,0.054900520142929427,0.0697101054506728,0.0796379571411966,0.08464027191362088,0.09113878309087876,0.09998012081288503,
0.007706495328114849,0.020609743921003475,0.03352064990624321,0.04326182941350049,0.05557180249681631,0.06582689710221853,0.06973451923395103,0.07787430813728549,0.08977220423992893,
0.007189118328910909,0.01345075689257036,0.017920892566637012,0.020529456707646835,0.023184441075516423,0.0223573197223115,0.026892926798402744,0.028211095666840293,0.030857879115003872,
0.006807288560516932,0.017739431130806647,0.029517299417667935,0.03897870085342342,0.04983247950983421,0.05791053030777738,0.06210330742930426,0.06791593190426683,0.07497336983923242,
0.0076118791128328795,0.021103581312056002,0.0349995552814193,0.045580024281177696,0.0579658972153377,0.06674083679662336,0.07016987315712121,0.07539039365577557,0.0846330994576618,
0.00752341668709533,0.021079805305688103,0.0344323110600915,0.046285140698595996,0.05947556683749244,0.06832556864168413,0.07326679870273044,0.08070542692247616,0.09089226634193665,
0.007836743496159187,0.021877549963047443,0.0382124158740385,0.052021638949321464,0.06923617050005278,0.08205534669987201,0.08971937386336117,0.09818242367000081,0.10801511267524039,
0.008547769932541542,0.024571537581102715,0.04154788816144171,0.05594154052414258,0.07316478024392746,0.08500547478298291,0.09354466330100693,0.10382250553911733,0.11638327228079685,
0.005223009955619396,0.015933820211209405,0.02593312384283317,0.03536254637308451,0.04542433704304558,0.0524366576908529,0.05580954530333065,0.06138592640694495,0.06813263412445471,
0.008486556935861743,0.020903587550885484,0.03380708435721804,0.043326972791856766,0.05586468123620981,0.06503461941824985,0.06986501535440817,0.07790859067375112,0.0912345023615981,
0.008069381094119213,0.01912635873517953,0.0310911823159042,0.03991404670475224,0.05121822746919192,0.059100781774966464,0.06476390698439363,0.07165427392281663,0.08200204186355975,
0.004558716470176755,0.012122267708659663,0.019326639741433865,0.02629796276535381,0.034294100295075826,0.040123118343061495,0.04344624685162173,0.04777342733978034,0.05208976250827169,
0.007286880985950479,0.015621085686087001,0.02331577075469649,0.028689553503452588,0.03428890147158969,0.03893930185579421,0.04079408563064278,0.04312695726323218,0.048116341125692595,
0.010416386489503781,0.026485567570795412,0.04265114520149594,0.055838918536743616,0.06997947249340979,0.07904727352026063,0.08546083985755726,0.09141952771244664,0.10263946505075311,
0.007985697313106832,0.017317686139091938,0.026351613731355323,0.03404999998127672,0.0416536676592618,0.046186293144554434,0.051352448775674284,0.05609020117336753,0.062499469580540215,
0.00713195543428326,0.019646836458351635,0.032135895487279915,0.04349118623501486,0.0580898579069326,0.06783034033240244,0.07427997882381941,0.08302889302323824,0.09393306556608126,
0.008470100493619003,0.022862026652045744,0.03648446241858582,0.047678309550768884,0.06117485369953937,0.06985649600117748,0.07431454712594464,0.08190206200831404,0.091728069437524,
0.006945412836378023,0.01700500910681805,0.02643091153137479,0.0358683714150591,0.046565202256765796,0.05440935366052551,0.05873877404748876,0.06413346913569783,0.07148065499875765,
0.009638689571524637,0.02365107419066546,0.03765138798166023,0.049539386959038076,0.063064586823999,0.07185240873674927,0.0772590004227821,0.08369274477650289,0.09317915632520583,
0.0074520923214378585,0.020757918073794342,0.03462395071934377,0.045924515603832566,0.05889879701904377,0.06709662047904232,0.07181007057409595,0.07749700442686658,0.08528480717993715,
0.00873343018291149,0.020048396453806624,0.03158755584593427,0.03882009204078934,0.048680420087210415,0.055260151360703,0.060500622424335994,0.06637645456764563,0.07709154158425588,
0.006470941131287784,0.018889673069142358,0.03323297756134285,0.04510618312295051,0.06115620957111914,0.07293738466999186,0.07870412814339686,0.08670943476790971,0.09609782490777295,
0.006593897932548338,0.016726753210734056,0.026487324058842215,0.03447905075558922,0.045388969645822126,0.05148944498788696,0.05557499871498079,0.06163628403983982,0.06875526643124767,
0.0065127283637331605,0.017374378161048257,0.028743997101891978,0.03702034416993261,0.046292077408291304,0.0532227704376984,0.05615392440697525,0.061049649505080995,0.06922590916545625,
0.00778342789000253,0.019612279966596174,0.03197562495963952,0.04108775072613963,0.05326960103014526,0.06023966390599654,0.06535755505530995,0.07199278547560216,0.08158332064890707,
0.0060730267842173885,0.01400209945027143,0.02230973459599025,0.028306073021963748,0.03555748342820842,0.0398954355887084,0.04255534275475287,0.046739653633273766,0.05076697370681504,
0.006621473303501008,0.018210241585841606,0.029560501568479815,0.03801331384530064,0.04745530656529356,0.05360315853170952,0.05672325509870465,0.06212382732481801,0.06783563108712128,
0.009250996496413796,0.02361597713453382,0.03834135861334432,0.04980366593431524,0.0645272749997633,0.07440203183768776,0.08056849966292122,0.0878250262395417,0.09688460201691623,
0.006813938566290109,0.018673413096740317,0.03065398566782052,0.04138261609549109,0.0539799882924717,0.06254480249830555,0.06739843985747994,0.07322749013774299,0.07968587088280087,
0.009426677738241473,0.02443890951987916,0.03930698276674717,0.05167491144460873,0.06596067379442438,0.07609971378688311,0.08088159071894498,0.08718183293323267,0.09500260266799791,
0.006896527266471,0.01739562395550956,0.027908073250625904,0.03582423832888602,0.045297075814244366,0.05145033208546255,0.05457147648120188,0.06010248532606167,0.06549221705215069,
0.008301420852586726,0.020685747094058154,0.03312376464222378,0.042560041416819516,0.05265467868839378,0.059062699552527,0.06377471775911538,0.06795766251613476,0.0723749708617847,
0.007988077188898782,0.015120031769360933,0.021151595695220266,0.024660529332066538,0.027932642875367824,0.030728591072185712,0.03308639095881921,0.034681510482092795,0.0394855648000279,
0.0067946422114118525,0.018246588606899677,0.0294842071629877,0.04033502377768179,0.05329102559520658,0.06180757701568095,0.06615847601955725,0.0738941758147593,0.08258610179597758,
0.005399816374342357,0.01348863430732571,0.02229000133341005,0.030946955179097017,0.04083398870820521,0.04895640189186303,0.052233531074630114,0.059077029070289715,0.06924205217559987,
0.005398088796298827,0.015581343246227815,0.025491580730595407,0.03414446231727968,0.044600873233117344,0.052824259861247995,0.05695257672503505,0.06248352022142315,0.06956216489355117,
0.006470161387919599,0.02022028799534326,0.03546822579206194,0.04890634836554093,0.06637526079383806,0.0773923395733265,0.0842677625667214,0.09185308246708922,0.10106032413403286,
0.007755226197239242,0.01839428943595755,0.028706515751024436,0.0365434786927809,0.046146772832839154,0.05491103225529236,0.05961646010709921,0.0660154393051865,0.07564792387131625,
0.007828477189270393,0.02034434660071902,0.03261230958760926,0.042952841527484444,0.05479744249440617,0.06226184473937446,0.06703411796076122,0.07354930974891671,0.0816450889276964,
0.006168605119689535,0.019449048187247693,0.034739636838221795,0.04812281979969265,0.0658296323296241,0.07740716061261302,0.08548663499244528,0.09543069554061805,0.1085878595810472,
0.006456257063309803,0.01805404341888653,0.030661575523472942,0.0415201821724358,0.05397991522030563,0.06206915146010849,0.06593109126195118,0.07120994696333884,0.07768834287727067,
0.010202960880453704,0.023490055167751912,0.03732083069458541,0.047654441055381365,0.0611335397852879,0.06905914636465872,0.07330652742086262,0.07881363881621838,0.08589737041029545,
0.008868236309116135,0.022570044746876627,0.03566229357987776,0.04673799464027397,0.05982722982737255,0.06821707086125435,0.07246683656219688,0.07878143122619508,0.08613540530536402,
0.00822217792701751,0.019621663268943455,0.031366585773507726,0.040962708234934475,0.05244516710051186,0.05977797091501858,0.0645440068538292,0.06952648707920338,0.0764577354977858,
0.006363558879394381,0.01832351457256401,0.030678228119533916,0.04104220447639312,0.053555981256000536,0.06145799858551234,0.06603199696614548,0.07167307309870632,0.07835448161511371,
0.00777554434437731,0.020581707335706162,0.033459576979764365,0.04343823114074111,0.05446210078129225,0.061209772726447086,0.06497009881594439,0.07173002682702738,0.0810334295703536,
0.007989687259447322,0.01673293082281865,0.025673118235328675,0.032039240093420386,0.038849493769541825,0.04331117828319699,0.04638896123770161,0.05097418890592962,0.057814030109047246,
0.005880576323799203,0.015479445046302389,0.024256800997848976,0.03291273210338487,0.04304361223600854,0.04990012918870916,0.054192828040078786,0.058397847517192555,0.06495654334241154,
0.008679811035654737,0.02232927701038026,0.03515745112478568,0.0464610486927857,0.06059905898678167,0.07027778017028159,0.07624830366246685,0.08358307312050565,0.09229585829711259,
0.00772432865500594,0.024053261717958657,0.04226908046856146,0.05708915269378675,0.07353654111955955,0.0841195332516542,0.08925770707360699,0.09569828130423544,0.10485609341322365,
0.008568131898376572,0.022940160379703343,0.03755701878611491,0.04957350794533521,0.06300413672089313,0.07155834407354121,0.07588516845538248,0.08236979537983867,0.08983877707030889,
0.007144072373126143,0.02088262827355457,0.03651491928773987,0.05081834535183561,0.06928241115655799,0.08192404135065524,0.08948230657078465,0.09953371636971388,0.11032138953815637,
0.006870612032615515,0.019445918108120915,0.03220682446927585,0.0432284738396411,0.05669788450121519,0.06619168933711543,0.07096122178399918,0.07814557732575043,0.08651431043234592,
0.008623927891888488,0.02262397592066681,0.03696425245831841,0.047470089468240946,0.05904632654863903,0.06627034945529063,0.07006490678693265,0.07604387072693707,0.08459905323269068,
0.005427793130250578,0.015277349466315203,0.026004107449571382,0.034161334259781795,0.04479142699583867,0.05207246699215861,0.05599193278423046,0.06140859737010537,0.06877302685431418,
0.005076280007378283,0.008573244621090543,0.0103557829876817,0.011356016925908334,0.013665326795449175,0.014018804844437285,0.0141770408080765,0.016098092437495905,0.01767713155625852,
0.008468026043804798,0.02199437138435548,0.03488960208656277,0.04611459169286027,0.0591142153699247,0.06889202646066603,0.07455724786169304,0.08193966927959458,0.09145408070055802,
0.007172801869685848,0.014357843898674595,0.020118944606502535,0.02456651380867412,0.028385261966866953,0.031462936867772184,0.03443537973087002,0.03569497705237673,0.039464186185221795,
0.006197444061459672,0.018081020786181595,0.03056670282084056,0.04113813127993505,0.05383447414989596,0.06115126807130932,0.0655860307262288,0.07049138638363218,0.07650011719060804,
0.009006863085641467,0.023152051876096886,0.036812428016457066,0.0481403704534748,0.06069560083753126,0.06808998768642839,0.07278641322859948,0.07814682374304949,0.0869651768575173,
0.007624941728835585,0.022034925852758718,0.03627330991910082,0.048454505193669124,0.062107135202733595,0.07153112479839775,0.07739216047618844,0.08222426418039272,0.09225871334594248,
0.009655141006792826,0.025399599195398356,0.040092961271788415,0.05272026932242053,0.06823649340975461,0.07930024708799877,0.08617328615612095,0.09501438440981146,0.10572995415524299,
0.0076762719703032,0.021980797196922818,0.03697325318269656,0.04972847703358906,0.06439429972478206,0.07357610696509467,0.0796289047181311,0.0853656353683786,0.09554324154209938,
0.006566385179574902,0.017592257208265624,0.028422692570987635,0.037860039943536095,0.04808121026592623,0.0544421921748142,0.05770884785221263,0.06167294358331473,0.06693192246120695,
0.006898755962095253,0.010813535380592255,0.014139816728366653,0.015990370427348518,0.017647637529804704,0.019274357426484555,0.01993222295503327,0.02231924422496981,0.025109683596000437,
0.007838689849908804,0.01768846313187245,0.025884617898029868,0.03212358004232591,0.03812698440626177,0.043767413067168554,0.04656671478692051,0.05329734259956785,0.05737800008778434,
0.006945177055612599,0.01975406996082465,0.03280525795545584,0.04449966864899707,0.05980500131209387,0.06864760423767984,0.07517155497228957,0.08236430171103282,0.09244472996310822,
0.005711142754424245,0.017038133309983414,0.029338927539187827,0.040288016984826994,0.05485312040639508,0.0649297870521105,0.07169003154997011,0.07970980365120062,0.0882414532692889,
0.0069720635973239565,0.017497186587602156,0.027469538112851497,0.03552586437061717,0.04387107834753754,0.04985171313172505,0.05263201921795036,0.05843104763659883,0.06413006474852614,
0.007081322803664951,0.018797320902755238,0.03132504695388106,0.03958995959973571,0.05109028327699566,0.0574343280388504,0.06161450374370205,0.06620683060731512,0.07352895025600502,
0.006165730330975563,0.01449427692076589,0.022555865035496007,0.02769901292096214,0.03473758965458579,0.0376379290620774,0.0406675745961103,0.04401990542164894,0.04926670262312079,
0.008437458262973057,0.02289369316925225,0.0375984375052862,0.05080744970152783,0.066176842574996,0.0771740140007072,0.08426385751912764,0.09344890294606327,0.10592393623589567,
0.006266185928321937,0.015492240175523557,0.024704308949417223,0.03289601637864204,0.04298525812700802,0.04954049298950562,0.05319777893393548,0.05690221172559383,0.06392201602878965,
0.006387604513527046,0.016961852540708703,0.02742154619079982,0.0368647994411771,0.047526020501637414,0.05411879714151806,0.058219194177274024,0.06294121708282331,0.0677129688389254,
0.0072022450818491355,0.018930815293238673,0.030330469651227942,0.04110993393372024,0.05293815575420747,0.061210164888986444,0.06582352722352573,0.07207292763472052,0.0804585886035749,
0.007356215494587708,0.019341789501691957,0.030874597444499788,0.04051602525754144,0.05092222319117376,0.05697121235334856,0.06266859292717221,0.06872928990293876,0.07819767240263874,
0.007594227648685575,0.013707342670751759,0.0190868872128449,0.02196080344125395,0.026602386807854272,0.0299460550719064,0.03180055609702161,0.03342357829479535,0.037350103852832287,
0.00450185909286889,0.007634840568004926,0.008347996778640286,0.00926113194996714,0.010666079582060641,0.012453170416783644,0.011047175259159665,0.011479842387157286,0.014174476113361775,
0.0073790732392785465,0.01979091135703981,0.03223822185700773,0.04406393539258425,0.058690059548111746,0.06797239027800124,0.07371191515168074,0.08187028788390882,0.09103731067958994,
0.007026936363843098,0.01893893882911107,0.03140394763468269,0.04117203501942544,0.052463501463058046,0.059314878071407236,0.06316333077139717,0.06791819624058858,0.074767151524082,
0.00878747458969395,0.021930617116155925,0.035431810238339176,0.0448621600945,0.05599799130875211,0.06319063343784288,0.06762318901519843,0.07412111722710146,0.08374033005461277,
0.007117213979155548,0.018081608580526386,0.02904350433991355,0.03726260957042669,0.04647958151968099,0.05261340898244673,0.056470729295141874,0.062475704622585435,0.07171032063534954,
0.007727743968188879,0.02017739579670957,0.03386415382957329,0.045161491761161805,0.05933560834443525,0.0691315348816748,0.07493603726212883,0.08298458819844885,0.092336946358385,
0.006830546522495926,0.018244235222194045,0.030329410153583175,0.04024276245301283,0.05281310834910879,0.06070209338331265,0.06516601830649554,0.0715652678894647,0.08012059980574172,
0.008846974676658854,0.024016876506243578,0.0391817249267885,0.05177471255984545,0.06659945699030077,0.07594802390027744,0.08145759896973816,0.08900996864395531,0.09877385897115921,
0.0079613456164643,0.019825728956044675,0.03192063916262353,0.04161552845284128,0.053330648523225145,0.0605241218648851,0.06491722155399973,0.06955638780645693,0.07542861360203727,
0.005354301779404594,0.01564789953443164,0.027058036399390292,0.03744950099133748,0.04981879727940229,0.058537720549299614,0.06352389230685594,0.06903581189795906,0.07742391528334208,
0.007497608127875672,0.01545526717739458,0.022079727184042493,0.027054836566154258,0.03178724671495469,0.035863439984566974,0.03794543114937243,0.04010649563147437,0.044699943939450745,
0.0063819883880984075,0.016590596339504785,0.027089738845313672,0.03523636261460616,0.04424464081892933,0.049691788459069394,0.05276478313539013,0.05730296987184149,0.06374563176961903,
0.006016420213192372,0.01662834456410622,0.027965955847845454,0.0369763207572058,0.04786550709297011,0.055484789904747624,0.059596426878192096,0.065756252360168,0.07500714324800684,
0.006037597809219821,0.01821333259278785,0.030816144283764356,0.041505434563846234,0.054733614890817066,0.06373668341796092,0.06887280753379255,0.074817242611875,0.08172354204085411,
0.00711103302647745,0.017462039435173885,0.02770076563235824,0.03480999462317956,0.0425534715989176,0.04821478550857562,0.05076938502232224,0.05535363669191191,0.061789877066703865,
0.007804327457548193,0.02135768440695626,0.03514592478249193,0.04639286167378663,0.059243474797288094,0.06761112839520614,0.0718884331770628,0.07830122232756588,0.0864609821230413,
0.0070017597494325115,0.02061603534105894,0.0343500755885925,0.04646905385081485,0.061710371765283156,0.0719931829375451,0.07866863849935939,0.08681390308623707,0.09824494724504422,
0.009011756844642178,0.023050061597595182,0.036973680828707424,0.04781849228333505,0.05956536963504738,0.06734668256873075,0.07203566528722843,0.07851559896934729,0.08795121314936692,
0.0050386285488647625,0.014548007447762175,0.024332433126344807,0.03355274456108815,0.045656810979866506,0.05284287908275388,0.05925522876731227,0.06601165809674311,0.07328168415216046,
0.00722570095984009,0.019552778048666623,0.03161977634451527,0.04171992171302372,0.053072710362202805,0.06037896585325853,0.06455747590664089,0.06980974537863995,0.0768615897464409,
0.008119894520079694,0.020555407253247,0.03272603636402804,0.0425186325401668,0.053486354423412756,0.060103712970713145,0.06443605686930017,0.06992369499572718,0.0772937050667963,
0.006831824742037395,0.012026862559284998,0.016187083123246834,0.018553174384766905,0.02144540164296375,0.02317295887041833,0.024701501716316528,0.025345154201992234,0.028975254385637386,
0.007065064051240299,0.017958890426506443,0.028921517478109525,0.03717327577654848,0.04657206006679538,0.05241275152299621,0.05633272255098636,0.06156527723516026,0.06995792636587005,
0.01079310755919271,0.028470173759472996,0.04505221347866276,0.05899410901777184,0.0759984273669454,0.08769445256713024,0.09442965554799387,0.10338068283738212,0.11488140152724939,
0.007651288441516525,0.019506595261125578,0.030881265384558824,0.0401685243785255,0.05057936587226363,0.057982679488524744,0.06275541011258462,0.06928989082485938,0.07988241772844851,
0.007705785218131367,0.01639165757910301,0.02483450191930695,0.030938157471686854,0.038768647742543204,0.045021961282925974,0.04973354436501741,0.05508437260119064,0.0632355585977728,
0.007614900765721134,0.021689707832632785,0.037008788147173545,0.050352807652064444,0.06671502926887202,0.07852839048293858,0.08541924445570831,0.09437666720859303,0.10716301729381544,
0.007709861611342575,0.018550896016823904,0.029065425793025255,0.03721226501626739,0.04596335984112038,0.05217867003576506,0.05542657422321507,0.060044486645633326,0.06721340021017116,
0.006559115467229659,0.016531057225449123,0.02697633761052302,0.035475646927823776,0.04533483692791932,0.051970559564864245,0.0566208051907464,0.06257918652079053,0.07188453128369952,
0.008223171601878158,0.02190808200157374,0.03538645986459433,0.047138989629483895,0.06090595312826368,0.07055936640001009,0.07554854165202428,0.08287532061412665,0.09252588120889035,
0.0070176470659258925,0.018845498163485297,0.0303747388438325,0.0401714754247289,0.05194040950695014,0.059653021026208036,0.06420258693232012,0.06941238977404314,0.07715412204092333,
0.007421746586752106,0.01954790062622419,0.0316997345192025,0.04091058557199871,0.051608800039047255,0.058710218284660776,0.062168792088286566,0.06740019837485624,0.07355469844704725,
0.007745140849552774,0.02009102753749543,0.03284936838606965,0.04338904456652003,0.055872775544078976,0.06403538453916997,0.06821922554240618,0.07401817041434987,0.0798368491070463,
0.006796929792917943,0.01592133598021422,0.024876219050195693,0.032418543222065804,0.04174153082714572,0.0485321060630574,0.052659553471640384,0.0583649078907876,0.06651494261928369,
0.007777082470255661,0.020818867832336597,0.034080520167702126,0.044470449372623025,0.05567094207254188,0.06225149300130743,0.06557331662369409,0.07037081452465424,0.077333730259088,
0.009337292248598607,0.02501214489686587,0.04080935000100059,0.05308945377058724,0.06617674247202367,0.07377096441358598,0.07805480837782035,0.0831191245456502,0.09109221128330366,
0.00802812133442409,0.020574082581944545,0.03346131820387464,0.04409365514978841,0.05703406111244994,0.06517787580354455,0.06994456850078891,0.07620325831597423,0.08430156188031551,
0.0070152580492906695,0.018750509374115865,0.03093305317128689,0.04114226839808359,0.053763518802113205,0.0624828729806301,0.06890716061846612,0.07618556463631498,0.0884235663444901,
0.0062879136887482555,0.01706092507856137,0.028084697943273736,0.03727100572179874,0.0475951850604001,0.05462188010633976,0.0586396965388394,0.06398993238152607,0.07062186287059255,
0.00708690936596171,0.01815790494264347,0.02851224292705424,0.03641493905255065,0.04594744122062346,0.052798914048763274,0.057713069290047395,0.0638682859369577,0.07438863070551367,
0.006717349863393047,0.018556492122460855,0.03009737902445087,0.03955003660016567,0.050668937969207684,0.05787154364596846,0.06195698027302481,0.06872903624265271,0.07734798195063246,
0.004629991957798852,0.014390043415707317,0.02397968921693545,0.03280732481802583,0.04440449616979701,0.05217129121158388,0.056606050572861596,0.06275452581090851,0.0721856676357395,
0.005109690996535314,0.014345462854113903,0.024423720304403904,0.03340581341945183,0.04505463598544505,0.05302482616057339,0.058047805399571495,0.06462626109892904,0.07257566778374815,
0.007810795128647676,0.014674664743910812,0.020333961304543915,0.023949543691609235,0.028122730207906354,0.03172656214024815,0.03372905290003592,0.03593153955872274,0.0402196936186012,
0.007260013212230917,0.01585593696876192,0.02364341324377285,0.028946323007889536,0.034624174891558675,0.03896962417051908,0.04152131246674586,0.044004527394872914,0.04863536195248964,
0.008471094008007054,0.022042148850903484,0.03568751765681946,0.04573170695879844,0.0576406101257528,0.06505570882588849,0.06992503097681807,0.07649918410695222,0.0842760041587845,
0.007774717441099067,0.020657739339825492,0.033106065762303266,0.04343717561197767,0.055214735825937465,0.06251774459014099,0.06636850941163107,0.07073681850379193,0.0760335999192725,
0.007704701445825913,0.02201426887496805,0.03708368600690906,0.049901763936532284,0.06488680712409041,0.07480972159581073,0.08043926801443123,0.08742325669760401,0.09789996975694959,
0.008505801174634871,0.019559740534627737,0.030683194993280122,0.0391829101352377,0.04965791521077279,0.05761245525087972,0.060924439451207915,0.06756870431225968,0.07731569053477756,
0.0082678338250588,0.020666906476099412,0.033653770184223324,0.04474280877850281,0.057946671035993505,0.06702630115579236,0.07172840703190467,0.0777477537576327,0.08476266415165683,
0.008830710106037063,0.020733672520640397,0.031657816720590794,0.04052220035247379,0.04966869955921577,0.05662540111766299,0.06028935231331991,0.0663608440502508,0.0751378359412343,
0.005566130932604175,0.014929261587501021,0.02373232004691665,0.03171871912667256,0.04012918622665253,0.04460398326418299,0.04805331079826363,0.0519792202231037,0.058021289306167595,
0.007255981705836293,0.02012021353573745,0.03368305733614273,0.044513020927052026,0.05669309385227426,0.06442078935224943,0.0688051992836956,0.0747989068305967,0.08375501839143767,
0.00730839179330012,0.019512372558905526,0.032291530080442644,0.042628496231710604,0.054642794850085635,0.06250461721026034,0.06651688438008377,0.07181037084654678,0.08028010468052926,
0.006068161023848952,0.017661755557760964,0.029869263515999087,0.04079192627997286,0.05394559379612694,0.06244625257621127,0.0661551093625956,0.07264751094656165,0.07999896314491735,
0.00541025650660947,0.015473444857989252,0.025516939180582156,0.03493436907380453,0.045982409627979406,0.05421910935146365,0.05810695088987476,0.06392347675934403,0.07077514583848904,
0.006015900104135563,0.017037323248755225,0.02797153825488629,0.03781782685772195,0.04908608852777621,0.05645911610375796,0.06072569145306688,0.0658071284054307,0.07124782267092278,
0.008681763156992421,0.022348260870717503,0.036720191723476424,0.04819815999448727,0.061155958146133615,0.07014812682281411,0.07483213377574648,0.08210296551336001,0.09258679498000683,
0.009413437123020126,0.02437484234988116,0.038739813419038434,0.05095867299916979,0.06451477572927033,0.07319716212135054,0.07763203813024089,0.08366039840202498,0.0901811167245309,
0.00891893664889162,0.021132276846655088,0.032906222336315245,0.04280737148428046,0.053195995172859084,0.0600712650897603,0.06531431844485504,0.07031880403924705,0.07888090779984118,
0.009837448839051,0.025914184660547523,0.04218776541295544,0.054742958356256886,0.06969232083432254,0.0792568369182673,0.08487735670436451,0.0930565952328113,0.1044886651925298,
0.007051305004481597,0.019893788864203236,0.0332699470289728,0.04475473381636786,0.058204174423552794,0.06710815506859572,0.0719444173828967,0.07875789380085867,0.08722839126698999,
0.007814841324969226,0.015956756251418184,0.023374157328293507,0.02775133677968976,0.03256670516621454,0.03641394226775508,0.03801138408294858,0.042248180883977055,0.04479256551781595,
0.009791441099770948,0.024896759132341635,0.0397416443105608,0.05139744777194008,0.06528430168442934,0.07420338423808447,0.07875341772817795,0.08596168204139414,0.09472650801363912,
0.006696465875286233,0.01870498669352223,0.031023754244674514,0.04233044190927369,0.05537001513990976,0.06409438557364466,0.06917468380232267,0.07507251988720937,0.08272671074925843,
0.006227602181935557,0.01789195905269064,0.030117962484190432,0.040238832283590015,0.0517933037680782,0.0589959998730827,0.06230612168543608,0.06713768161387625,0.07468848551310453,
0.006173222886476301,0.01712298878917256,0.028678222354275158,0.037807593900043644,0.04807934730307614,0.05443379882716572,0.058550451358972445,0.06344326209212149,0.07186749044903015,
0.007637383173484468,0.02083573454993193,0.03408021827699282,0.04570988169397635,0.060262815665265194,0.0697092751298827,0.07647763608520818,0.08278008559976156,0.09354379118420371,
0.007778491077500393,0.016080121828871755,0.02306901564448286,0.027854901282632002,0.03283970567665171,0.035925574559723145,0.03786960906564741,0.039755509201484615,0.04232535800563052,
0.008963358369121965,0.020661349440428464,0.031849455074302,0.0404384645885063,0.05051403466515139,0.05815242009170606,0.06164771812334041,0.06703980765314085,0.07553199797082684,
0.007131094393433288,0.019814892305213064,0.03294332121685473,0.043536580515023994,0.05660266540039977,0.06563428816857605,0.07027098039870866,0.07755491337753306,0.08719101243164375,
0.00860493677114904,0.023266951769135215,0.03856376792494832,0.05083560629572347,0.06487604927728878,0.07384298903180125,0.078838121445594,0.08519590555593487,0.09393571309415451,
0.006688480905029707,0.017955476671287714,0.030369606146607112,0.040670007222483394,0.053744274946552956,0.062423916605041534,0.06677405799093707,0.07227827561971269,0.07803406251025784,
0.007696583010206738,0.013670583041363848,0.018163847364132957,0.020861122266135887,0.024008721502518905,0.026248053268273213,0.027615050471086807,0.029900125057888863,0.0323772326786559,
0.009169282012052802,0.024723338716975456,0.03996862002529855,0.05242762634915633,0.06762863224121475,0.07708416081115212,0.08249018342290781,0.0905713106666493,0.10206620418256124,
0.008439888328357521,0.022283794933901906,0.036629829333303394,0.04848694993733762,0.06302520386860072,0.07182308270031167,0.07805495173534456,0.08551122107738171,0.09523112531031097,
0.007559439290743652,0.019400455784896183,0.03145311450621526,0.040606977288037874,0.051514979047391926,0.059062913482670724,0.06331401277472155,0.06986332932912377,0.07965588815161785,
0.00762507583458826,0.02054902598501345,0.03416247178761534,0.04564624576883395,0.060054850108294686,0.06999436129222472,0.07522558772279546,0.08341462109995768,0.09276650237962174,
0.007538778675402788,0.02040776473308448,0.0341882049223846,0.04478414143610196,0.05751259907399635,0.0659039381550137,0.07141830247162412,0.07905712741025255,0.09160820681858611,
0.007827386219585784,0.017899490637063482,0.027114505661669067,0.03289476887824213,0.03982596853135902,0.04463163176565773,0.04747027883253602,0.052929223209982695,0.058907433208796496,
0.006236513793320031,0.010732926953830869,0.013410642159446413,0.014807737765574038,0.016647651267234,0.018158897270326768,0.018183754997803284,0.019766800302960314,0.020806594157848083,
0.008083783894222896,0.016870334426833562,0.025108789662641885,0.030467325965932154,0.03616885379933257,0.0404477905462911,0.04264548630628407,0.046714770082247975,0.05166714774069003,
0.008545390909433294,0.016893561731940784,0.02458915041328868,0.030058212986570854,0.036225798451663314,0.04010725307920105,0.04287126452993292,0.04647536341400063,0.05175525757480827,
0.007764005071240756,0.02066052878459972,0.033168999619949034,0.04348168180798734,0.05501506528837772,0.06235022440271921,0.0667493593034907,0.07137016634494017,0.07861800052825596,
0.010219269263893747,0.02414287491435835,0.03688390526252138,0.04771490895784362,0.059802712141714905,0.06785997931215501,0.07195619435003196,0.07747768306936026,0.08457273863489947,
0.00828213905516676,0.014334849841302972,0.019628260895203416,0.022774639698750196,0.02640643453627019,0.02933586555828072,0.03033481950528257,0.03401231737801335,0.03723051036860036,
0.007748936278272527,0.019182422719341608,0.030358376667204784,0.03959964208064767,0.05046200954347215,0.05783685105964676,0.062364968010026466,0.06696717264006338,0.07477983433940595,
0.010689581388685044,0.021579239303731516,0.03207532447614004,0.04129482492260281,0.05278408498333143,0.062063001385869176,0.06856792244270495,0.07736089521423414,0.09165673484519149,
0.008203042641402931,0.021747002487791715,0.036108824150124286,0.048119590773399855,0.062058877880673206,0.07060938783226445,0.07654338241709464,0.08344272906196279,0.09333914670126416,
0.0077916215511841715,0.020805934202180843,0.03417104047967046,0.04536920441236881,0.05798646415019075,0.0658172483230703,0.0702116708324621,0.07499101674800612,0.08102601311930721,
0.005868542704591818,0.016970274450583286,0.02919451681949084,0.03934491187674948,0.05282011497549512,0.06160494768844777,0.06681562485690787,0.07443720427440237,0.08307486098742162,
0.005721485258969603,0.015059735818602206,0.024873986129564596,0.03381860328446619,0.044671621493680674,0.051510782275048954,0.05663294664353587,0.06175516293964444,0.06876726865494188,
0.007717292392049886,0.018842813381632285,0.030019993700700305,0.03856241015599917,0.04790228565693012,0.054588241810398855,0.05751887055960509,0.06379952394324656,0.07116738396756368,
0.006452637794653063,0.017000071430786298,0.02814555653586791,0.03657238811008104,0.046281217108395695,0.052263125559886804,0.05577930444327623,0.059927668515883534,0.06738330155180773,
0.00698406128588999,0.01805505425258058,0.02958617337870099,0.03933761714080707,0.050633075629776564,0.058591458366709766,0.06259969113259965,0.06894527372620457,0.07968392857831125,
0.009029723564974447,0.021250462104476026,0.033199431749831636,0.041737611291859655,0.05201125472787576,0.05856422012145941,0.06320174398120289,0.0688349219290589,0.07718230093118694,
0.007925275031465014,0.021526408310091626,0.03628088625531534,0.04852830242876365,0.06244824941960813,0.0716283772881283,0.07734742691324638,0.08504156198149393,0.09618993917660408,
0.006970539486351483,0.01788992506287769,0.029770510546969223,0.03895127213173675,0.04971924104529802,0.05637165084968119,0.061003653085329346,0.06608743541312352,0.07314423926500502,
0.007893542795252563,0.020837038148832757,0.03383566067470368,0.0451873123990367,0.05830922207033768,0.066834399005061,0.07266448701623782,0.07975271744831965,0.08857933442716436,
0.00865647507016931,0.02193311484613173,0.034968173533164046,0.04616660667436542,0.05916643847000998,0.06757761769883538,0.07224540106673973,0.07870157072287574,0.08614140551060717,
0.007539141830216125,0.01995711986687466,0.03195933989778743,0.04136582828405356,0.052243742828832956,0.05958290716598452,0.06370608473478279,0.07020059029952844,0.07846241507999535,
0.007285638552651074,0.019440538919077665,0.03180939674180041,0.042243080790594766,0.05370782644737713,0.06108157446710028,0.06595375913728053,0.07157132930072051,0.08040621483540551,
0.007658273545769757,0.019816212094723177,0.032129886328960716,0.041955362373115354,0.05260259113001922,0.05986351412822267,0.06424394768761404,0.07138251746811976,0.08131593581932878,
0.0071762544119683335,0.019802736986531465,0.03375156387777744,0.0450229494145408,0.058894374635739107,0.06704319781801799,0.0728770344525975,0.08024166232154427,0.08967524263556827,
0.006173059553145477,0.015536472751699799,0.02525721962164667,0.033469317596712574,0.04299751066859515,0.04970609998154094,0.05384740581001571,0.05811687634851024,0.0648531838627297,
0.009434848478743341,0.0245654794989115,0.039679925607787214,0.052705141217660505,0.06790446695820383,0.07813959252886266,0.08446848183242116,0.0922874235423398,0.10174910731865935,
0.007631629741366322,0.020097353804194595,0.03231665829197791,0.04304064777317004,0.05596523341864839,0.06496098074353832,0.06997418295361045,0.07720098122883184,0.0859248649719976,
0.006097243041708148,0.018291415927728535,0.031750930914756566,0.04453348304306244,0.06070905847383059,0.07249433637129261,0.07883188589279837,0.08739055951893507,0.09847462953013361,
0.008386602749543164,0.017137240787431566,0.02532421576687214,0.03042594710357479,0.036420781780398426,0.04049137316788351,0.04304351667957937,0.046589823289216376,0.05238424600181124,
0.007765340110406167,0.02025211209438614,0.033010691626147545,0.04371374097715591,0.05727198329047758,0.0660337314764483,0.07104001127452424,0.07754630052934068,0.08581259187869347,
0.008343077051103017,0.02017280650068388,0.03177677340594353,0.04183217758300283,0.053775435372268886,0.06158062335174348,0.06662026471554297,0.07253592013289728,0.08031849176824495,
0.007264911636345321,0.017111733237761207,0.02717219638065296,0.03454267981117618,0.04272272579031797,0.04792457220286592,0.050508505351588885,0.05580253202456766,0.06189621008697294,
0.007479952902776552,0.020779974376047963,0.03463194915869185,0.046164212139050045,0.0595018291741436,0.06796781228694732,0.07194314040865463,0.07725756329141498,0.08402562595184615,
0.007436948278921709,0.015219477092347337,0.022571566492279867,0.028261775517623253,0.03507214434839944,0.04197736682404288,0.046469284485164485,0.05365723278395687,0.06592889166532517,
0.007858625233223311,0.022354845385812856,0.03704547682946349,0.04944916341676582,0.06329288487060135,0.07211473672525154,0.0766013125037162,0.08237124164411562,0.08961031426188809,
0.007786894808778111,0.01790788851248948,0.02754336899772285,0.03408562226115398,0.04162181583591856,0.046631560610757995,0.04923310885372079,0.05336723074654662,0.059512814612811944,
0.009047162213445044,0.025004254804522535,0.041933128840705894,0.055234606039439554,0.07128316117447041,0.08152272213687345,0.08833384491363284,0.09674128371318882,0.10823547921368808,
0.007281635075112221,0.019149836609007712,0.030867609429051424,0.04132714683190485,0.05358455958053521,0.06196013435170393,0.06683751051394443,0.07303210348546306,0.08093981477823681,
0.0068594228640118686,0.019538816268049385,0.03329609850145065,0.04478858208751259,0.05834374044127047,0.06631313261702435,0.07061386092959297,0.07599458357765522,0.0832471518066951,
0.008928111344617025,0.023458971828653134,0.03814728354194941,0.04986810775651831,0.06355077288707749,0.07236185884801659,0.07788963461016944,0.08624554579444182,0.09628573837536974,
0.008133578271952933,0.021550810143011558,0.034628626921442446,0.045122077281825414,0.05660523509843754,0.06358642019553319,0.06777778979595885,0.07289744455598511,0.07968180596743513,
0.007592668809770379,0.01992945414301932,0.03173838992326947,0.04166843104009664,0.05287807272815928,0.05987055744736992,0.06430859121866807,0.069556813748406,0.07674858933557371,
0.007467898027996636,0.014921020379261556,0.021098448768137996,0.025552045353252947,0.030214824737878877,0.03368995137776046,0.03583032310703161,0.03847693714743807,0.043442682855784016,
0.006210529833689626,0.0116978262114064,0.01615502764672372,0.019250496790768724,0.022127991345645356,0.025972606904737336,0.028937185824454367,0.035176932741496386,0.04476485994963627,
0.0059726422076397,0.018349473552737684,0.031386413799183756,0.04383545542380682,0.05959802769093077,0.0712938456117198,0.07749143596301437,0.08679258469606067,0.09913903923661298,
0.0063857939445513,0.015931586774658835,0.025051113739289647,0.03167180392527536,0.03952831438178093,0.04402930878215156,0.04742866639998021,0.05131563369259562,0.0571641392943756,
0.006330859964672046,0.01765146810349026,0.029730887449468425,0.03959490117422834,0.051885541741229446,0.05999330562513249,0.06432810742477718,0.0699238608687205,0.07744757228926673,
0.00766002115438988,0.021591843320191855,0.03517866041753238,0.04723544424228763,0.061552674297007656,0.07103698976141627,0.07659147961568812,0.0839375298933216,0.09296327065561266,
0.006086655497265946,0.016588907923623223,0.02813885024551511,0.037855894582596326,0.04913568184081141,0.05615953315304735,0.06056127797685568,0.06657884523206034,0.07337647845664089,
0.006861186413573796,0.019314981186593794,0.03287889377376055,0.04538777039392952,0.061496157374346716,0.07369003427782507,0.08027438485850724,0.08962183424898311,0.10051593672029215,
0.007411742155475122,0.019771671202164675,0.03233230344238213,0.04271677625686011,0.05465652396892474,0.06289080316104227,0.06797226071666174,0.07565555539971582,0.08621659134084682,
0.0061084558034675265,0.018406556585668796,0.03146395871766217,0.043589485940772804,0.057719686160047586,0.06772937252981494,0.07260722617586986,0.07911633431706755,0.0871858038180082,
0.007163593738600131,0.017322532051170306,0.027043188159811955,0.033862682363870036,0.042191680359137396,0.048246563508829006,0.050369683459711795,0.05564318068142112,0.06266547811238454,
0.0071729058831852726,0.017650290416382233,0.028078961352204015,0.036420587182301026,0.045914431880139814,0.05214717898656653,0.05538116490458448,0.06149035067308002,0.06872441407664455,
0.007693463891028677,0.019247202672874067,0.031043577599614597,0.04108930996698265,0.053811254091386956,0.06277487544909621,0.06737670647791207,0.0738130654786795,0.0820184383455549,
0.006350692830912983,0.014591249973758805,0.02313700745976247,0.029040776998749965,0.035964507711165467,0.04062470269410176,0.04370704102456636,0.0474572474132427,0.054568424435776273,
0.007141680789944594,0.017530623931829806,0.028353017051811265,0.03692118533395204,0.04737471087651849,0.055041986201024,0.059076586982621686,0.0664466991725447,0.07564393520415158,
0.006861277522959249,0.01858855920434127,0.030454204366550136,0.04096070090045277,0.05350432219569348,0.0619284068438677,0.06675723091577083,0.07420703083363533,0.08122116934940866,
0.006795673929623215,0.017498753173063934,0.028350831473262936,0.036363200165086845,0.04618408312811047,0.053068939362203756,0.05578982476170834,0.06125009831632424,0.06794738564458516,
0.007028475608618332,0.018693393187948052,0.030025319741930127,0.040142011467983324,0.05128206021960582,0.058745664383596796,0.0635166644511269,0.06887540774419572,0.07708431961473744,
0.006572876389106854,0.01789504925736978,0.029736883240173203,0.039335606446524805,0.050143034915290416,0.05643123653236131,0.06110908639500854,0.06587401340585691,0.07119033844126774,
0.007891332034548587,0.02053686817134427,0.03317342816069721,0.04244684262912991,0.053439430639056935,0.060301196106532076,0.06383564192330386,0.069541461239016,0.07646576289326816,
0.009588303729794584,0.0230662090893095,0.03573468720104114,0.046343519759806114,0.058107910202777065,0.06537593237676308,0.06940020708414446,0.07494640011014649,0.08150538527007259,
0.006438526253423125,0.017565636668635407,0.02943967904854271,0.03826334928337704,0.04831185140581421,0.0543506067900248,0.05792069271760674,0.06303887691543535,0.07045919934210707,
0.005056238118122904,0.015040515106765179,0.02579357028897177,0.03477102564109037,0.04708337959703969,0.0555782578208819,0.06009985966235913,0.06756857525624939,0.07688118013043427,
0.0065923677867464735,0.0168384045391941,0.027346062440402844,0.035152077955518,0.044052796675627545,0.050067641662063005,0.05441304643952802,0.060019738780050354,0.06969213037167153,
0.0081714436486211,0.02125136176768994,0.034827312635984604,0.04462257038713315,0.05505189553586473,0.061265018758925927,0.06498179603910435,0.06923651184452245,0.07515157490885828,
0.004483092278734724,0.013940615907040101,0.023149096883784196,0.031599910534158115,0.04227861426649286,0.04912554778363445,0.05429926903840513,0.05996259229157992,0.06686225257010035,
0.007677808821958118,0.02060404145211558,0.03422411599496179,0.04431108991426222,0.05551998831210062,0.06260895636633702,0.0670079299275168,0.07301604710275099,0.08244910168957906,
0.0063230056846801394,0.01634529196753969,0.02614431466458513,0.03436913448147295,0.043992085361875655,0.05078913947482606,0.05483626751372273,0.06080895995035095,0.06802286744625002,
0.007210854779716531,0.020072674297245005,0.03375856080987735,0.044712913972277626,0.05814614568596324,0.06704818679232892,0.0719745042073985,0.07941772699249205,0.09103847234086365,
0.00843046443877929,0.02284887677243815,0.03706160390716773,0.04970636528556263,0.06428287636468277,0.07378946686496965,0.07857933578043425,0.0853801682423862,0.09205797763726214,
0.006946899294593208,0.018104637912447163,0.0288242372365279,0.03740229797790607,0.04700393757788654,0.0528356493755545,0.05760673517728391,0.06329830477170377,0.07181586560358964,
0.005798762589487253,0.016621395614517812,0.027602678897511272,0.03706512860957454,0.047916655140266246,0.05505105197844253,0.059572053650970694,0.06467153860975886,0.07165301017213198,
0.007467356901338374,0.019333799621023617,0.03087296456681676,0.041114343548235614,0.0525157118662255,0.060181065807593255,0.06430742364466567,0.0686551099023658,0.07573258482446209,
0.007529216656466552,0.020187465638076437,0.03367216693345932,0.04433001746460927,0.05680209826256897,0.06448747792548827,0.0690374434248069,0.0753757572837921,0.08419626286353671,
0.006877813498805713,0.018783820467186674,0.030977057760639894,0.040977949949883914,0.052587090650529376,0.06053598227672701,0.06488439838668314,0.06992232355301019,0.07682460968451355,
0.007130419069688467,0.01798870070661935,0.02875292279330562,0.03774887839271202,0.04851019462414161,0.05593562994542634,0.059214333054313124,0.06451157517370197,0.07071913150625607,
0.005769627865756364,0.01517231430764432,0.02474161025278101,0.03335922798583669,0.04297510573938683,0.04978377435064189,0.05417541819931778,0.05907543021178025,0.06705640392966547,
0.004084479633488584,0.011675627987539629,0.019995318474309177,0.027446245061938587,0.03681882720573538,0.04351877964830028,0.047995926753079766,0.053435886694692576,0.05984834146747175,
0.0071612240446098365,0.013714228575113714,0.01917810446589074,0.022586008714666775,0.026487930191892613,0.029265236074714953,0.031437820487380634,0.03435112167616193,0.03845379638581612,
0.006842002774796327,0.015942923251316566,0.024658211038991067,0.03119908613957026,0.039272106180257095,0.04596876543044993,0.04916835588148956,0.05366182216734033,0.06104534436660275,
0.007499221174229963,0.0219113301504983,0.03702311663983658,0.050400280833179316,0.06698120371516401,0.07843058892951761,0.08468734614703627,0.09261516434283104,0.10299437779535911,
0.008576151307901425,0.02133516710501443,0.033964880097297374,0.044463522216035736,0.056107727851433246,0.06381718516322005,0.06777177844054545,0.0737136956784185,0.08019662146777934,
0.006650380364783825,0.018258066233018008,0.030764801604622357,0.04147504371822031,0.05435616501071092,0.06313141251959946,0.06772606734014655,0.07462380715602461,0.08470362083807825,
0.0058023214783346315,0.015695923795889733,0.0252117057045031,0.03330080209801031,0.04256856466020589,0.04848591127580006,0.05114370452589219,0.055886380749671005,0.06094221745263995,
0.007164072820983154,0.018198441663278993,0.0287635127292306,0.03689178044971253,0.045895012640702476,0.05157286276740582,0.05488050503594887,0.06055681770193646,0.06688350481326479,
0.008314824899923632,0.020199127769429507,0.03228620342437428,0.04117267608557242,0.05169550627879481,0.059225975060321075,0.06371017642118584,0.07035502712938596,0.07971664624323686,
0.007944621316953067,0.020279298610313023,0.032296687015393254,0.04157705112725365,0.0525700327151049,0.06084642955495602,0.06427420240163365,0.0706033471120841,0.07893158117248777,
0.0060060775973334,0.016110638699461007,0.02653475713397992,0.03510569320926352,0.04567947392909784,0.05251673983272344,0.0560631581656539,0.06131471815508172,0.06767650110247557,
0.006590746423769516,0.014164548559492935,0.021390034988640956,0.026290214130173975,0.03270391652917046,0.038040585252301834,0.04179037835822098,0.047479112360421453,0.05499628103166907,
0.00763374151160886,0.02111909097667326,0.03398451193759167,0.045742983382705146,0.059784755122454174,0.06902999525444134,0.07480387943298883,0.08207045560303525,0.09274172175649013,
0.007024033512108747,0.01501108110014982,0.02208689775234158,0.027216233501946765,0.03268022311348427,0.03610004462829774,0.038391443917680686,0.041934414851591655,0.04729471145935412,
0.007258139586147878,0.017728167928685985,0.028102722499722347,0.036018794386488445,0.04503164412321769,0.051128555032085535,0.05501207538557918,0.06015974356818422,0.06828397486679988,
0.005046308892483767,0.016305372662235747,0.028000942559385667,0.03860027081361264,0.05292118346375873,0.06289039216747372,0.06935363181998254,0.07693992966318164,0.0872261842496059,
0.005087969024476896,0.014164498764054784,0.024222786579583957,0.03287271479020738,0.04377614684343138,0.05160074480907596,0.05560492247606211,0.061476032979873196,0.06904449057232374,
0.007156970079876893,0.016307643785657456,0.02590055757871435,0.03336619353758371,0.04204464046971297,0.04884087046838025,0.051028750210006704,0.057319817310461714,0.06573778580267937,
0.007515007540479104,0.01888034100364511,0.030330826317594543,0.03917430896755993,0.0497385050759922,0.057441521042855166,0.06045586005086417,0.06601188237428962,0.07360047014238985,
0.008206704556650181,0.020863978670016933,0.03339142974315536,0.043255181296984774,0.05453226611915702,0.06170462985878867,0.0652647420755532,0.07120766019954708,0.07847134785487615,
0.007546047322233259,0.020246886931951372,0.032601991062570015,0.04340470191423909,0.056887633468168254,0.06695360897237347,0.07200502657789175,0.08174015309008646,0.09335543379710012,
0.007588572195597943,0.02119378048389336,0.03503511386366173,0.046603769125574096,0.061749846831110566,0.07254128985997797,0.07871793836312047,0.0870247774368568,0.09967868055800078,
0.009675852205146988,0.02383092145234107,0.0376377693656752,0.04900811845609738,0.061992106988826054,0.07049282592601097,0.07495453818273012,0.08104840294115336,0.0885009349892927,
0.007751377710202983,0.021618526833600278,0.03579594866433835,0.04716223804592773,0.06015503286439177,0.06816545057250872,0.07262588979945767,0.07893149067249622,0.08822666865072278,
0.007125856543014351,0.014243162393769477,0.02042147782882964,0.024018366948271596,0.028720600315074844,0.03242426524495515,0.034596946475953246,0.03826545292887043,0.043017146247580615,
0.0062212062447635575,0.016605113805961066,0.026965038352281433,0.036534933616799464,0.04816745321995022,0.05641807783584317,0.06103351539658747,0.06749429903021273,0.07509736162481247,
0.007254235602517507,0.020149318546745346,0.03381106017659608,0.044648072525594856,0.057854611868977855,0.06620271184483256,0.07109351045238556,0.07827458356395245,0.08720206797812062,
0.007876124758859538,0.02130446455305154,0.03526548611398717,0.04563728018981585,0.056962417357748686,0.06391799840124768,0.0671993942148479,0.07293910712424984,0.08064125951954004,
0.007375960006224349,0.020222583637267366,0.03327452200612222,0.04506385467756938,0.05950790796034889,0.06983937384152952,0.07509320497347532,0.08315888152247083,0.09360722088947304,
0.009425777459991734,0.024024697497217574,0.03856621886862701,0.04992963779231099,0.06331228051065539,0.07211889478451662,0.07676044398128368,0.08288426307740238,0.09074931003316168,
0.006952419645012882,0.018460419346969677,0.03082905451851433,0.04105977398573923,0.0539747036563171,0.06318751147823586,0.06827781955083535,0.07555850864779762,0.08583727073769251,
0.006782934851595753,0.017087417571543476,0.02754128140979616,0.03579357248663815,0.045355796645252765,0.05183993499341453,0.05471799457168557,0.058717261964581276,0.06333672371389669,
0.006205264437930303,0.01626176506054472,0.026498694957004482,0.034212334424407416,0.04359959484732993,0.05041856000905121,0.05487394837946183,0.06194135505218494,0.07236645198421178,
0.009702407083805655,0.025464368625278188,0.040866363983602653,0.05392475529406227,0.06879279256756662,0.07881431170743708,0.08375387244518333,0.09071172730867423,0.09892583712381527,
0.007471485726627821,0.019325179656872915,0.030952398134584936,0.040693182836049016,0.05314184488895358,0.06103170126116281,0.06548682085634734,0.07254488175656455,0.08009277008526892,
0.00691893079254387,0.01545298534117029,0.02393945333457218,0.02977982283878541,0.03644517142040324,0.04075230443021792,0.04332291565054539,0.04884668508493209,0.0543489294360376,
0.00800851010395043,0.02094881082122175,0.03393377390221718,0.044173539298999004,0.057373497397768446,0.06727874720289152,0.07240039485853972,0.08119034360628972,0.09253968295224606,
0.0056000391290992975,0.016389690348028937,0.027974029013063742,0.03751821392235976,0.04853753918855296,0.05529962904474998,0.059446924160361014,0.06400271832372283,0.07188062918980731,
0.007110410719085218,0.01921715479521996,0.030439126070185174,0.04005224577712274,0.050855898572058765,0.057859193896612794,0.06185371001267166,0.06702276787276705,0.07273674841438728,
0.008903654668865082,0.020616243861488696,0.032108470752799,0.040428728358911405,0.05022096967881616,0.05744823795355369,0.06242045133719649,0.06811085169917044,0.07840693106043074,
0.006277330980962128,0.017865739490187372,0.030052325613636455,0.040433363771433244,0.05212381876846597,0.059278811380931926,0.06318983889980752,0.06838375358761326,0.07567542204719864,
0.008253564946283574,0.02062623477508276,0.033335756324138106,0.04269202862977955,0.053469948120374,0.06095265388891928,0.06527687044352508,0.07185983769867808,0.08051720287150406,
0.006857524793079097,0.01609686650492554,0.024269729959158774,0.03032792055546671,0.03718560837652741,0.04224749493897121,0.04536466573009574,0.04904537203790193,0.05462850058315098,
0.007706753737485749,0.0206735324174445,0.03419150162554185,0.045368901500134846,0.05807698229217334,0.06595106661370158,0.07047815438285893,0.07631975227469388,0.08411473431609473,
0.00660502427578798,0.014472876425538421,0.021358723148319405,0.026710052235798497,0.0325362707575215,0.03652414808934869,0.03872810458388909,0.04300339152775423,0.04881490443620135,
0.008565648000397804,0.023357859936080812,0.038915710549050526,0.05093246491195294,0.06444648448563432,0.07312834240991516,0.07756333907508739,0.08343580299429652,0.09283651973688539,
0.007999357908966888,0.021124406902028867,0.03428311445553111,0.04558064695618896,0.05918134573392394,0.06836074296087526,0.07389833892282181,0.0808301995999133,0.0895352656798474,
0.007004742477211275,0.01727981454399298,0.027452237159391206,0.03549153653128822,0.04478717649303082,0.051758581228807096,0.055355887512486206,0.061214577146696245,0.06914545904886273,
0.0052134789774152465,0.014057651414442093,0.022986192623144195,0.03117307434367788,0.04041020974188846,0.04738574627436224,0.052102387354109055,0.05700858385028282,0.06342523429222462,
0.008709889851247796,0.021610337115000103,0.033974024574565324,0.045102593101260205,0.05777779183958273,0.0659683247918829,0.07115331419700043,0.07729025886384307,0.08475550127164862,
0.007480931540102329,0.015401249500427804,0.023104883790204592,0.028589319303735653,0.03498585414707013,0.03852144906786581,0.03990516472323502,0.04451564272929202,0.04791781848886546,
0.007608940733181114,0.020813072463301566,0.03426331093282589,0.04484963187154446,0.05759300252081986,0.0664453216193115,0.07106787484899078,0.07830633001877967,0.08916994066263763,
0.007051714676399968,0.018858860113887946,0.031059171892637297,0.04245287866457795,0.05654275648109061,0.06673428759426007,0.07305683784394296,0.08076710318003501,0.09065741479394086,
0.0076202879733930145,0.019586233679462595,0.031905969154249786,0.041654057937868715,0.05346214533350967,0.06180755794852202,0.06691947859781605,0.07525940462661224,0.08661629589872985,
0.006035510249509358,0.01594205594990326,0.02562359602562897,0.033017343893203314,0.041198540168560165,0.0463538930041799,0.04956977592363855,0.05378538243463896,0.06036341534523262,
0.009552708873539451,0.026382556209552384,0.043876738639785834,0.057563139945116575,0.07330979887934143,0.08289972875869983,0.08855429952190781,0.09439971378427708,0.10226453051990457,
0.00706697547484835,0.015815188524468993,0.023118289514689257,0.028660455987378104,0.03406650377827268,0.03682670308341651,0.039727726881933025,0.043702136466107336,0.04883724254463067,
0.00886581327163926,0.021954749938588307,0.03593294142335249,0.046816680796951546,0.05921313658762981,0.06676304657228199,0.07113665944431499,0.07773779617203141,0.08583300617009759,
0.007089220331624736,0.020059563836257514,0.03349913541093143,0.045270380393630766,0.05881254066462827,0.06684549201965308,0.07186336212603445,0.07812810732341435,0.08722568180633777,
0.008653072793553991,0.02221619554740933,0.03554420246538604,0.04646824905465545,0.05893492514622582,0.06734813974387485,0.07161109060393334,0.07736318224794297,0.08436795022783981,
0.00532319152901522,0.014977170240271521,0.02607687838967147,0.03557633843997542,0.048254735581677914,0.057016840179920494,0.0627853283163722,0.06905399214389091,0.07943511130908025,
0.007276406893057196,0.01376176974495042,0.019287850210034888,0.02268242313993003,0.026201551298857154,0.027790447101590517,0.028747993288087855,0.032276614646767204,0.0342784387859516,
0.006424680947073157,0.017945341630588793,0.030261102235748148,0.040301487120319134,0.05172840431832848,0.05844797663886,0.06270449724103133,0.06713150101389515,0.07471203412694562,
0.008700762050892683,0.023888893033832615,0.03935866447732506,0.051866394005320365,0.0662599930567538,0.07546446418266677,0.08013079628084979,0.08634318390061685,0.09442851289521421,
0.01007224401666241,0.027442545423284517,0.044947540320079554,0.05952939117079927,0.07690564008584565,0.08829171573906333,0.0952131638870372,0.10377133606948,0.11428952178755529,
0.00608851369057151,0.017457783937249113,0.029813182969782293,0.04008485262143937,0.052745162162131605,0.060719749480404615,0.06551746065245913,0.07268952652034669,0.08190012662999567,
0.008236707015946367,0.01543680752569377,0.021595212792060964,0.025129345183636794,0.02919598244042487,0.030659059461683555,0.03298392806735033,0.03545385076112906,0.03328907353329467,
0.009938320774349791,0.02083998689249,0.0322119100386793,0.04071264849448014,0.05167828686549097,0.059440427860442464,0.06105848694912156,0.06701926093073285,0.07353683271102653,
0.009276081228006829,0.01924919081572465,0.02999570292348847,0.03771143897677985,0.04779475151244544,0.05421554957945129,0.05757673044903556,0.06215958259606235,0.06663539416658791,
0.008748046795474765,0.02402517269629967,0.03835690866502309,0.05035064991252324,0.06372518779538804,0.07241874403344774,0.07806992897135599,0.08423769954748805,0.09308821992178465,
0.007077162456554299,0.012721067785088956,0.017798341046414323,0.02237918265255793,0.027148327175301714,0.0306511416299037,0.03486859089535632,0.03812530244049766,0.03955822268287614,
0.008004749224435784,0.020966865254830998,0.03426361934370713,0.04567435941609778,0.059294843440786595,0.06842627765653955,0.07247110683579433,0.08059096752771591,0.0907974206079431,
0.007514899579207147,0.019777161063460866,0.0317121685341138,0.04177738845214547,0.05411170613607959,0.06120050871729145,0.06472114916107206,0.07076627979070962,0.07766412312314366,
0.008333464160641143,0.02183718330529299,0.03554825701662611,0.04640415957530562,0.05958157970100683,0.06758486284969721,0.07249358045185136,0.07844817650914232,0.08617668004732784,
