0.0216436,0.0366521,0.0488788,0.0601518,0.0667332,0.0723516,0.0703648,0.0615577,0.0533644,
0.0305995,0.049021,0.0632598,0.0811812,0.0957763,0.1063046,0.0998976,0.1022407,0.0979942,
0.0221114,0.0281184,0.0391966,0.0496907,0.0611477,0.0619833,0.0603451,0.0654935,0.0564175,
0.0100085,0.0134608,0.015026,0.0177053,0.0184662,0.0175842,0.0143282,0.0135276,0.0131474,
0.0196271,0.0283186,0.0398484,0.0464206,0.0520599,0.0576826,0.0546754,0.0515152,0.0388737,
0.0237702,0.0355815,0.0506615,0.0623114,0.0720306,0.0750393,0.0700793,0.0667354,0.0544625,
0.0243513,0.0365889,0.0537688,0.0642156,0.067378,0.0745984,0.0736513,0.0632453,0.0527662,
0.0203624,0.0298744,0.0383293,0.0489082,0.0539047,0.0568794,0.0537951,0.0494338,0.0388271,
0.0250296,0.0365757,0.0515117,0.0702675,0.0751088,0.0726363,0.0743945,0.0737978,0.0633459,
0.0160368,0.0191654,0.0263879,0.0359225,0.0387065,0.0405165,0.0365256,0.0333042,0.0255903,
0.0204665,0.0388521,0.0488023,0.0568904,0.0611767,0.0634136,0.0568199,0.0559241,0.0462889,
0.0213601,0.0350066,0.0494281,0.0630949,0.0688299,0.0716798,0.0632898,0.0564585,0.0474679,
0.0182405,0.0307253,0.0403887,0.0542784,0.0591821,0.0565746,0.0594135,0.0548178,0.0467673,
0.0208357,0.0327246,0.0433621,0.0549958,0.063143,0.0649363,0.0590166,0.0626743,0.0528945,
0.0233131,0.03249,0.0512516,0.0625899,0.0759158,0.0757028,0.0751726,0.0748556,0.0714167,
0.0263591,0.0344476,0.0585799,0.0737862,0.083396,0.0886708,0.0965618,0.0951737,0.0898405,
0.0279424,0.0380254,0.0550565,0.0721317,0.0837107,0.0949237,0.0903634,0.0930052,0.0803105,
0.0225453,0.0347856,0.0464397,0.0513845,0.0520406,0.0537788,0.0485456,0.0422195,0.0314561,
0.0180798,0.0278907,0.040198,0.0460722,0.0498833,0.0494287,0.0408269,0.0344698,0.0268977,
0.0214338,0.0208065,0.0300122,0.0325079,0.0354168,0.0312249,0.0365743,0.030146,0.0247128,
0.0237669,0.0355729,0.0488462,0.062794,0.0737529,0.0732433,0.0790946,0.0742051,0.0630803,
0.0264157,0.0425101,0.0528869,0.0755098,0.0790069,0.089791,0.0940208,0.085972,0.0824492,
0.010043,0.0099498,0.0139831,0.0167165,0.0162997,0.0148675,0.0108748,0.0072752,0.0050747,
0.0197408,0.0271586,0.0364039,0.0478845,0.0479748,0.0554005,0.0532413,0.0463809,0.0416278,
0.025449,0.0365413,0.053637,0.0675091,0.0738194,0.0764157,0.0764686,0.0683503,0.0618449,
0.0230918,0.0321682,0.0438256,0.0562337,0.0655956,0.0672994,0.0629083,0.062606,0.0564236,
0.0165916,0.0298248,0.0389622,0.0490451,0.0512657,0.0489504,0.0438476,0.0332451,0.0283142,
0.0220995,0.03165,0.0437453,0.0549819,0.0645412,0.0704078,0.0680549,0.063337,0.057778,
0.029758,0.0363062,0.0540789,0.0666198,0.0756666,0.0769075,0.0742984,0.0727435,0.0589414,
0.0281763,0.0332854,0.0481567,0.0651861,0.0724047,0.0800126,0.0791531,0.0731946,0.0549381,
0.0258644,0.0335211,0.0532792,0.0692498,0.0718085,0.0799564,0.0741001,0.0769961,0.0657927,
0.0221627,0.033285,0.0442181,0.0551042,0.0660004,0.0688878,0.0616281,0.0609836,0.0562463,
0.0243655,0.0328379,0.0428296,0.0572876,0.0683149,0.065779,0.0599719,0.0623952,0.0539051,
0.012683,0.0181833,0.0239878,0.027323,0.0280703,0.0255332,0.0211423,0.0152022,0.0111218,
0.0234845,0.036121,0.051574,0.063064,0.0708763,0.0772339,0.0751387,0.0724942,0.0642852,
0.023204,0.0321565,0.0464916,0.0594412,0.0640942,0.07515,0.0723208,0.0695076,0.0602238,
0.0235561,0.0289426,0.0396452,0.056164,0.0656941,0.069119,0.0653565,0.0690266,0.0531377,
0.0275716,0.0402163,0.0582542,0.0681412,0.0752513,0.073703,0.0712848,0.0735508,0.063381,
0.0247709,0.0328172,0.0550375,0.0705234,0.0798346,0.0840148,0.0792156,0.0688186,0.0587035,
0.0228974,0.0342713,0.0496527,0.0638333,0.0719855,0.0733317,0.0702932,0.0657582,0.058711,
0.026144,0.0399017,0.0671777,0.0807292,0.0847435,0.0924061,0.0923651,0.0830171,0.0826616,
0.0183883,0.0259857,0.0341663,0.0412945,0.0443366,0.0468247,0.0425327,0.0430338,0.0344745,
0.0276692,0.0437785,0.0625923,0.0857052,0.098073,0.1077883,0.1057896,0.104377,0.1040112,
0.0204732,0.0341088,0.0412893,0.0569122,0.0677202,0.0710285,0.0666587,0.0691582,0.0533447,
0.0202332,0.0268141,0.0393157,0.0529939,0.0612219,0.0662455,0.0674214,0.0634699,0.0544662,
0.0241884,0.0456291,0.0584972,0.0737395,0.078973,0.0883406,0.0840838,0.085563,0.0749703,
0.0212864,0.024185,0.0356035,0.0431346,0.0504628,0.0525584,0.0466622,0.0403061,0.0307421,
0.031395,0.0474036,0.0645008,0.0792672,0.0855222,0.0896038,0.0860824,0.0779962,0.0675751,
0.0190035,0.0235784,0.0338662,0.0446104,0.0504327,0.0464278,0.0511008,0.0481843,0.0350042,
0.0319741,0.0400939,0.0557823,0.0763451,0.0836498,0.0900888,0.0848729,0.0883211,0.0778552,
0.0238529,0.0330447,0.045527,0.0565686,0.0606527,0.0597921,0.0598191,0.0516943,0.0412278,
0.0218328,0.0330636,0.0433427,0.057262,0.0701746,0.0723916,0.07433,0.0663338,0.0614129,
0.0296995,0.0435015,0.0618932,0.0797638,0.0938297,0.0999174,0.1033297,0.1033287,0.0909536,
0.0222131,0.0349606,0.0488896,0.0604458,0.0661238,0.0720318,0.0716327,0.0638843,0.0578699,
0.0258847,0.0388152,0.0632384,0.0836847,0.0880797,0.0945047,0.0956594,0.0917065,0.0880181,
0.0165088,0.0205778,0.0326354,0.0416535,0.0449959,0.0427601,0.0349403,0.0312039,0.0264417,
0.0112181,0.0185525,0.0213795,0.0244917,0.0249839,0.0224452,0.0196344,0.0137396,0.0081478,
0.0139572,0.0144258,0.0205849,0.0285443,0.0322821,0.0296596,0.0284236,0.024521,0.0168968,
0.0222494,0.0275321,0.0425239,0.0529385,0.0661053,0.068759,0.0607209,0.0606559,0.048497,
0.0243761,0.0349152,0.0469781,0.0646405,0.0739852,0.0822344,0.078177,0.0758116,0.0770157,
0.0192192,0.0269604,0.0354592,0.0460403,0.0519319,0.0582908,0.0522268,0.0470942,0.0411423,
0.0219861,0.0396575,0.0544044,0.0743201,0.0836009,0.0893592,0.0858338,0.0877995,0.0845615,
0.0243101,0.0452057,0.0578077,0.0853003,0.0895068,0.099714,0.0888409,0.0852228,0.0799226,
0.0260661,0.0369932,0.0565248,0.07206,0.0830674,0.0822351,0.0837576,0.0806134,0.0723035,
0.0263543,0.0373848,0.05188,0.0641155,0.0710618,0.0790709,0.0732512,0.0749489,0.0657882,
0.0231249,0.0350897,0.0477288,0.0617879,0.0719072,0.0734676,0.0739902,0.0740957,0.0630352,
0.0229374,0.0323347,0.0453483,0.0553416,0.0638762,0.0686209,0.0653267,0.0667829,0.058525,
0.0205782,0.0296783,0.0396284,0.0524502,0.0619913,0.0617718,0.0558632,0.0495468,0.0430578,
0.0269659,0.0357687,0.0410422,0.060917,0.0750316,0.0824582,0.0789423,0.0733761,0.0633081,
0.0338128,0.0495962,0.0770157,0.0886551,0.1030006,0.113146,0.1132925,0.1021845,0.1022354,
0.0451405,0.0785319,0.1011341,0.1131188,0.1274755,0.1152434,0.1239656,0.1177701,0.0964159,
0.021904,0.0335944,0.0458797,0.0611484,0.0639459,0.0638017,0.0578295,0.0468943,0.0377668,
0.01599,0.0204183,0.0258491,0.0353485,0.0387466,0.0426123,0.0398331,0.0352222,0.0275738,
0.0278596,0.0311558,0.0474098,0.0636981,0.0717686,0.0774392,0.0706502,0.0703006,0.0553401,
0.0304493,0.035893,0.0585862,0.07823,0.0912753,0.0933523,0.0950314,0.0924173,0.0794137,
0.0251193,0.0359356,0.045065,0.0609206,0.0646255,0.0646369,0.0635324,0.0625354,0.04656,
0.0247285,0.0441229,0.0618509,0.0901032,0.0955353,0.0991125,0.115973,0.104956,0.0939494,
0.0262774,0.0445692,0.0566547,0.0665554,0.07983,0.0853675,0.0823829,0.0799201,0.0668227,
0.0209559,0.0336892,0.0482828,0.0584445,0.0586473,0.0636643,0.0585122,0.0586713,0.0487587,
0.0271707,0.0416037,0.0632135,0.0810143,0.0917856,0.0991435,0.1042631,0.1065848,0.095447,
0.0123723,0.0145117,0.0199143,0.0261272,0.0267605,0.0259911,0.0219904,0.0181111,0.012869,
0.0277186,0.0388485,0.0533776,0.0665093,0.0827469,0.0968527,0.0983608,0.0972913,0.0831675,
0.0254785,0.0432393,0.0587792,0.0725161,0.0839221,0.0915285,0.0895264,0.0862285,0.075071,
0.0273267,0.0451115,0.0622785,0.0852037,0.0950193,0.0975526,0.0954375,0.099791,0.0859486,
0.0228088,0.0322369,0.0443844,0.05504,0.0584198,0.0653503,0.0627138,0.0532793,0.040964,
0.0233589,0.0348734,0.0487025,0.0619319,0.070514,0.0770958,0.0711716,0.0609162,0.0493275,
0.0243051,0.0362963,0.0508506,0.0665678,0.0727395,0.0722577,0.0710189,0.0702203,0.0614445,
0.0284644,0.0380593,0.0533203,0.0641371,0.07008,0.0761668,0.072875,0.0628029,0.0597701,
0.0252892,0.0397602,0.0535478,0.0669966,0.0774921,0.0815863,0.0821272,0.0741372,0.0639574,
0.0241478,0.029949,0.0436666,0.0551647,0.0619118,0.0626617,0.0632634,0.0543029,0.046624,
0.0358989,0.0483106,0.0682961,0.0830961,0.0864524,0.0993864,0.0962603,0.103421,0.0878102,
0.029542,0.044928,0.0645082,0.0869884,0.0927855,0.1044229,0.1095502,0.1045269,0.1109354,
0.0211073,0.0318452,0.0406629,0.0522896,0.0636673,0.0600338,0.0532826,0.0611609,0.0484285,
0.0188519,0.0238619,0.0338301,0.0465793,0.0497085,0.0513078,0.0459749,0.0442015,0.0320104,
0.0252888,0.0389409,0.053296,0.0654275,0.0738949,0.0764165,0.0789967,0.063714,0.0586193,
0.0239172,0.0273876,0.0396307,0.0469923,0.052505,0.0523723,0.0498986,0.0448978,0.0334222,
0.0238037,0.038623,0.0535251,0.0638484,0.0756959,0.0781876,0.0741677,0.0715784,0.0639473,
0.023502,0.0409501,0.0570936,0.0713981,0.0804135,0.0891199,0.08528,0.0864363,0.073316,
0.024347,0.0335015,0.0468936,0.0606188,0.0718267,0.0826045,0.0788453,0.0794163,0.0691561,
0.0218597,0.0300812,0.0355325,0.0478895,0.0513458,0.0579338,0.0528532,0.0435497,0.0359036,
0.0259224,0.0439056,0.0567061,0.0755805,0.086222,0.0876187,0.0911595,0.0832713,0.0865605,
0.026716,0.0367847,0.0578857,0.0704181,0.0890954,0.0906103,0.088742,0.088406,0.0855331,
0.0147958,0.0199209,0.0269339,0.0386934,0.0378487,0.0379556,0.0324246,0.0267707,0.0234763,
0.0261735,0.0416308,0.0505923,0.0693385,0.0712668,0.0798834,0.0776061,0.0751304,0.0605547,
0.0147819,0.0189045,0.0245344,0.0336278,0.0354683,0.0361749,0.0333179,0.026076,0.0196144,
0.0166868,0.0269383,0.0380673,0.0479599,0.0532346,0.0522666,0.0503377,0.0419005,0.0329936,
0.0350293,0.0615096,0.0809138,0.1069814,0.1231557,0.1260368,0.1274146,0.1292836,0.1246322,
0.0357179,0.0715319,0.0816713,0.0839029,0.0860201,0.076521,0.0699098,0.0672308,0.0504869,
0.0135373,0.018386,0.0264624,0.0301995,0.0369363,0.0365116,0.0316147,0.0293115,0.0215862,
0.0375487,0.0503822,0.0635067,0.0781355,0.083479,0.0892794,0.0928014,0.0803925,0.0752758,
0.02121,0.0336266,0.0465784,0.0625419,0.065351,0.0756367,0.0762745,0.070305,0.0575889,
0.010514,0.0141891,0.0174726,0.0189316,0.019045,0.0197188,0.0150868,0.0122945,0.0077312,
0.0233573,0.0355696,0.0554779,0.0704548,0.0839227,0.0954258,0.0953905,0.0974554,0.0829126,
0.0264793,0.038589,0.0535967,0.0637172,0.0757968,0.0783296,0.0836127,0.078227,0.0654933,
0.0310235,0.0409195,0.0636756,0.0795698,0.0945261,0.1006885,0.0991535,0.0922157,0.0825516,
0.0272865,0.0371094,0.0498747,0.0598492,0.0680682,0.0758196,0.0741896,0.0663025,0.0562521,
0.0290366,0.0428882,0.0554471,0.0716463,0.0793883,0.0868092,0.0837799,0.079039,0.0701166,
0.021961,0.0295701,0.0424163,0.0607152,0.0681007,0.0673866,0.074892,0.0679193,0.0617108,
0.0260701,0.0325603,0.0414092,0.0506961,0.056429,0.0526711,0.0530493,0.0485791,0.0374104,
0.0180824,0.0264172,0.0363559,0.0436422,0.0461039,0.0470064,0.0438157,0.0370751,0.0247656,
0.0184868,0.0244299,0.0362858,0.0506479,0.0531902,0.0560364,0.0555097,0.0503945,0.042792,
0.0182567,0.0217331,0.033039,0.0426246,0.0421365,0.0441894,0.0424405,0.0363198,0.030453,
0.0301039,0.0452631,0.0586618,0.079413,0.0849909,0.0924544,0.0881253,0.0829417,0.0679983,
0.0164686,0.0244606,0.0361932,0.0441266,0.0494727,0.0503129,0.046974,0.0383772,0.03185,
0.0294922,0.0420294,0.0573931,0.0747741,0.0825156,0.0847423,0.0838186,0.081266,0.0751894,
0.0316953,0.0430043,0.0572287,0.0718182,0.0876352,0.0956068,0.095965,0.0914321,0.0822438,
0.025336,0.037205,0.0517509,0.0663768,0.0748306,0.0800174,0.0778356,0.0778309,0.0683024,
0.0311534,0.048919,0.0631851,0.0771339,0.0912949,0.0955172,0.0856595,0.088739,0.0773028,
0.0230712,0.0377996,0.0516618,0.0606537,0.0724235,0.0779643,0.0631399,0.0622822,0.0584123,
0.0211632,0.028003,0.0414295,0.0510186,0.0550816,0.0530267,0.049713,0.0449616,0.0358685,
0.0233768,0.0360582,0.0451785,0.0607041,0.0737632,0.0679574,0.0719081,0.0639315,0.047559,
0.0211903,0.0280236,0.0371803,0.0470486,0.0536268,0.0532283,0.0544248,0.0545677,0.0424846,
0.020432,0.0294987,0.0426526,0.0507194,0.0602438,0.0602139,0.0588984,0.0527771,0.0469251,
0.0233245,0.035564,0.0444721,0.0620908,0.0760564,0.0816553,0.075261,0.0752342,0.0646142,
0.0162195,0.0240205,0.0359029,0.0435267,0.0474808,0.054886,0.0481725,0.0494399,0.0417367,
0.0251224,0.0330149,0.0457665,0.0567232,0.0638166,0.0643417,0.0612193,0.0616625,0.0516404,
0.0354547,0.0475341,0.0686545,0.0911123,0.0969244,0.1084684,0.1145449,0.1070793,0.0898479,
0.0239654,0.0382239,0.0595578,0.0751561,0.0803688,0.0891657,0.0869659,0.0885609,0.069092,
0.0313634,0.0496744,0.0712031,0.0850966,0.096237,0.1034549,0.1016772,0.1031079,0.0946828,
0.0225258,0.0255275,0.0371113,0.0467279,0.0517593,0.0530548,0.0467529,0.0380632,0.0299342,
0.0222748,0.0319701,0.0470744,0.0539,0.0594089,0.0610196,0.0565647,0.056449,0.0429458,
0.012704,0.0177135,0.0214579,0.0287227,0.0298153,0.0287547,0.0268883,0.0206657,0.0180607,
0.0269102,0.039144,0.0454582,0.0629934,0.0687943,0.0725507,0.0753601,0.0665411,0.0569891,
0.0149658,0.0216636,0.0293476,0.0413708,0.0450741,0.0509109,0.046345,0.0411771,0.0318671,
0.0214757,0.0351395,0.0468213,0.0612346,0.0650921,0.0699854,0.0732033,0.0727811,0.0643976,
0.0251113,0.0376846,0.0502346,0.0668315,0.0783655,0.0769963,0.0769858,0.0655279,0.0537443,
0.0169095,0.0250959,0.035552,0.043986,0.0518376,0.0523734,0.0469796,0.0436361,0.0315082,
0.0265494,0.0394903,0.0570364,0.06859,0.0713679,0.0842165,0.0817139,0.0782525,0.0607048,
0.0267108,0.0435469,0.061259,0.0833535,0.0955678,0.1035008,0.1019972,0.0989653,0.0836136,
0.0235502,0.0370616,0.0494257,0.0610313,0.0685432,0.0726185,0.0779088,0.0736138,0.066906,
0.048185,0.0348722,0.0280933,0.0210339,0.0258215,0.0219314,0.0224619,0.0169638,0.0120834,
0.0316335,0.0466439,0.0660979,0.0825715,0.0921757,0.1041251,0.1104822,0.1057864,0.0993336,
0.0282832,0.0415476,0.0590261,0.0717861,0.0768311,0.0827,0.0834352,0.0825894,0.0774574,
0.0218829,0.0380581,0.047948,0.0640188,0.0754211,0.0839244,0.0832543,0.0806516,0.0777091,
0.0221494,0.0344915,0.0437717,0.0542097,0.061252,0.0656329,0.0638974,0.0595931,0.0505685,
0.0173652,0.0235554,0.0317592,0.0409315,0.0443353,0.0406423,0.0375807,0.0341184,0.0239679,
0.0246747,0.0307097,0.0389691,0.0486081,0.049553,0.0527344,0.051184,0.0446086,0.0343789,
0.0258509,0.0452895,0.0616937,0.0718384,0.0793327,0.0812697,0.0920632,0.0805338,0.0633692,
0.0329912,0.0467894,0.0563226,0.0742434,0.0814485,0.0827292,0.0822032,0.0733577,0.0680374,
0.032529,0.0436754,0.0644937,0.0772998,0.0916519,0.0927024,0.0850477,0.0863334,0.0775873,
0.0282683,0.0406583,0.0497014,0.0640596,0.0680995,0.0698493,0.0722972,0.0585145,0.0505261,
0.0289682,0.0435986,0.0641717,0.0783004,0.0894226,0.0869685,0.0875068,0.0867615,0.0802543,
0.0284306,0.0385597,0.0559154,0.0703304,0.0852026,0.0835694,0.090588,0.0731811,0.0710029,
0.0205262,0.0305553,0.0441334,0.0535861,0.0598912,0.0625193,0.0617531,0.0616663,0.0510114,
0.008381,0.0089603,0.0111735,0.0120163,0.012681,0.0103639,0.0087948,0.0063412,0.0044723,
0.0304442,0.0413164,0.0570339,0.0705192,0.0824497,0.0851402,0.0917677,0.0863007,0.0724806,
0.0140277,0.0184467,0.0239941,0.0315162,0.0339955,0.0339576,0.0285389,0.0230892,0.0198465,
0.0241663,0.0357551,0.0487072,0.0600113,0.0677719,0.0760494,0.0728354,0.0706268,0.0639838,
0.023496,0.0434692,0.0528562,0.0699187,0.0815923,0.0830391,0.0791281,0.0735498,0.0630032,
0.0255182,0.0419348,0.0580249,0.0796667,0.0889489,0.0953934,0.0901625,0.087734,0.0730386,
0.0359433,0.0551448,0.0745769,0.097102,0.1117856,0.1176692,0.1279733,0.1277868,0.1216424,
0.0281493,0.0424878,0.0533804,0.0732847,0.0797509,0.0798641,0.0779845,0.0733788,0.0581917,
0.0245205,0.0333721,0.0502817,0.0654956,0.0719489,0.0779066,0.0761841,0.0784358,0.0649869,
0.0092306,0.0123282,0.0146659,0.0187933,0.0187137,0.0181283,0.0162753,0.0137333,0.0093277,
0.0139645,0.022801,0.0337028,0.0429342,0.0468576,0.0452977,0.0467211,0.0338896,0.0269329,
0.0288983,0.0377844,0.0542888,0.0669906,0.0816712,0.0912716,0.0882235,0.0867163,0.0666453,
0.0264992,0.0350016,0.0493333,0.0583574,0.0632495,0.0682976,0.0591055,0.0530786,0.0421966,
0.0220032,0.0300977,0.0412055,0.0463252,0.0536047,0.0571635,0.0580129,0.0500579,0.0363111,
0.0261574,0.0385829,0.0569647,0.073164,0.0768515,0.0860306,0.0842594,0.0789033,0.0691438,
0.0181709,0.022421,0.0354564,0.0402575,0.0444699,0.0440897,0.0405722,0.0349335,0.0251553,
0.0298109,0.0375386,0.0495825,0.0667786,0.0740018,0.0800124,0.0799646,0.0739965,0.0599914,
0.0210749,0.0295563,0.0463166,0.0576839,0.0580366,0.0643711,0.0669633,0.0561015,0.0508093,
0.0235671,0.0354803,0.0526838,0.0683796,0.0780743,0.0805566,0.0817595,0.0788269,0.0782262,
0.0283339,0.0409918,0.0567086,0.0735409,0.0891544,0.0989701,0.0973721,0.1000632,0.0867481,
0.0263615,0.0318769,0.0425444,0.0528314,0.0661499,0.0667845,0.0594141,0.0651587,0.045864,
0.0120338,0.0162594,0.0219877,0.0249412,0.0270179,0.0266988,0.023202,0.022312,0.014567,
0.0072173,0.00761,0.0090668,0.0101594,0.010367,0.0091306,0.0075631,0.0054822,0.0046276,
0.0281743,0.0450474,0.0646251,0.0826578,0.0925608,0.1023312,0.1020107,0.0961268,0.0930014,
0.0231988,0.0370479,0.0498226,0.0629243,0.0706981,0.0700752,0.0713695,0.0674051,0.0613672,
0.0264639,0.0351862,0.0451702,0.0511874,0.062988,0.0606376,0.0642931,0.052555,0.0456453,
0.0212966,0.0278269,0.0374062,0.0475477,0.0527338,0.0574047,0.0536484,0.0472909,0.0394008,
0.0284495,0.0456355,0.0639393,0.081216,0.0948995,0.1014354,0.1080359,0.1085258,0.0977192,
0.0256389,0.0375519,0.0500949,0.0663508,0.0720488,0.0749677,0.0736488,0.0725942,0.063201,
0.0279653,0.0454336,0.061708,0.0797751,0.0922007,0.0997944,0.094395,0.0919683,0.0830862,
0.0270571,0.0409966,0.0576876,0.0724264,0.07874,0.0828659,0.0795763,0.0777818,0.0725909,
0.0222823,0.0289089,0.0384906,0.0493353,0.053049,0.0530377,0.047264,0.0406531,0.027499,
0.0166733,0.021366,0.0337774,0.0418997,0.0439714,0.0433065,0.04216,0.0349512,0.0264765,
0.0210414,0.0290041,0.039223,0.0452087,0.0489498,0.0470671,0.0476619,0.0413772,0.0378446,
0.0196553,0.029041,0.0373556,0.0470021,0.0530798,0.0527622,0.050461,0.0481375,0.0375329,
0.0270492,0.0403642,0.0525507,0.067406,0.0731272,0.0744266,0.0709839,0.0661221,0.0577383,
0.0199719,0.0277161,0.0363354,0.045025,0.0506973,0.0512181,0.0502146,0.0459153,0.0392055,
0.0268517,0.0371659,0.0486395,0.0628689,0.0707473,0.0704608,0.0712935,0.0683003,0.059117,
0.0302942,0.0423008,0.0634947,0.0790647,0.0945833,0.102304,0.1057472,0.1039919,0.1004781,
0.0256944,0.0394451,0.0571291,0.0770806,0.0875622,0.093122,0.0933201,0.0971751,0.0838002,
0.0286419,0.0369211,0.0532504,0.0690125,0.0765237,0.0861459,0.0826129,0.0864763,0.0784806,
0.0243731,0.0385162,0.0528323,0.0643047,0.0681664,0.0749893,0.0716275,0.0671391,0.0547725,
0.0260389,0.0386238,0.053817,0.0680948,0.0757263,0.0775178,0.0791323,0.0746079,0.0647695,
0.0104434,0.0137041,0.0193261,0.0223325,0.0249208,0.0233835,0.0208057,0.0162215,0.0126291,
0.019139,0.0292769,0.0424317,0.0516828,0.0623571,0.0656733,0.0602661,0.0623336,0.0502428,
0.0388512,0.0608475,0.0795306,0.1004222,0.1163806,0.1244577,0.1310649,0.1379339,0.1261422,
0.0221039,0.0313119,0.0449917,0.0552612,0.0655646,0.0692611,0.0648085,0.0603877,0.0487457,
0.032897,0.0224566,0.0208006,0.0255436,0.029627,0.0284545,0.0255358,0.0212185,0.0162297,
0.0277432,0.0429677,0.0630395,0.07604,0.0838604,0.0952323,0.0911486,0.0771203,0.072154,
0.0211778,0.0304174,0.0439217,0.0548162,0.0584496,0.0578392,0.0577848,0.0520149,0.0415857,
0.0183198,0.0272853,0.0366519,0.0471574,0.0538378,0.056164,0.0538096,0.0481075,0.0422324,
0.0298273,0.0438421,0.0611988,0.080945,0.093835,0.0946759,0.0983451,0.0984866,0.0936954,
0.0260931,0.0383278,0.0570275,0.0736526,0.087163,0.0885776,0.0828105,0.0828723,0.0742995,
0.0264426,0.0338148,0.0521369,0.0665112,0.0781172,0.0844419,0.0892876,0.0913847,0.0882406,
0.0272462,0.0402951,0.0560694,0.074504,0.0792357,0.0869905,0.0850592,0.0830793,0.0724255,
0.0244985,0.0254564,0.0397056,0.0538919,0.0611903,0.0636238,0.0600742,0.054868,0.0420548,
0.0267283,0.0364736,0.0483247,0.0603741,0.0657221,0.0714502,0.0698618,0.0663209,0.054082,
0.027453,0.0433914,0.0595703,0.0737394,0.0805714,0.0827454,0.0846983,0.0782666,0.065438,
0.0285439,0.0436537,0.0587656,0.07499,0.0822211,0.089654,0.0855156,0.0768357,0.0688857,
0.0230395,0.0316137,0.0438612,0.0599984,0.0689962,0.0708104,0.0740303,0.0670158,0.0533846,
0.0225653,0.0326452,0.0489841,0.0635591,0.0727346,0.0777915,0.0726135,0.0685608,0.0592736,
0.0186086,0.0262904,0.0383324,0.0493332,0.0575287,0.0584596,0.056596,0.0516622,0.0436554,
0.02271,0.0326049,0.0513622,0.0655139,0.0757014,0.0795635,0.0754164,0.074758,0.0650211,
0.0246586,0.0331686,0.0475274,0.0622723,0.0720246,0.0779702,0.0767378,0.0687433,0.0686986,
0.0243331,0.0328222,0.0463171,0.059618,0.0670324,0.0657611,0.0689725,0.0603291,0.0539346,
0.0115588,0.0163481,0.0214041,0.0274672,0.0294925,0.0290168,0.0269832,0.0239999,0.0166919,
0.0167675,0.0217405,0.0284726,0.0352474,0.0384325,0.0383459,0.0374424,0.0264959,0.0229377,
0.0287542,0.0405293,0.0604757,0.0768241,0.0897003,0.0959408,0.0927581,0.0865071,0.0739052,
0.0279822,0.0420844,0.0571503,0.0739785,0.086068,0.0896368,0.0885701,0.08355,0.0835341,
0.025291,0.0414086,0.0603652,0.0742673,0.0905051,0.0967561,0.0964751,0.092944,0.0803974,
0.020804,0.0286199,0.0384374,0.0487551,0.0550998,0.0578937,0.0537208,0.0450725,0.0352919,
0.0305911,0.0429222,0.0591535,0.0774163,0.0844494,0.0867518,0.0908009,0.0778769,0.0715885,
0.0229942,0.0304687,0.0437983,0.0506036,0.0564172,0.0566195,0.0519323,0.0420919,0.0321513,
0.0207336,0.0271438,0.0365209,0.0484039,0.053899,0.0550106,0.056274,0.0518976,0.0463153,
0.0232696,0.0357675,0.0517413,0.0645706,0.0740912,0.0763386,0.0758629,0.0684308,0.0595992,
0.02222,0.0327291,0.0443511,0.0595413,0.0676165,0.0711876,0.0717117,0.067471,0.0530319,
0.0261538,0.0360824,0.0578278,0.0761251,0.083095,0.0842632,0.0800739,0.076247,0.063688,
0.0239631,0.0340981,0.047369,0.0588336,0.0647828,0.0672944,0.0658644,0.0593243,0.0482293,
0.0262638,0.0359903,0.0527808,0.0664727,0.0756706,0.0779119,0.0799103,0.0775244,0.070411,
0.0280342,0.0408274,0.0598853,0.0768184,0.0898445,0.0959476,0.0939468,0.0909174,0.0791934,
0.0353134,0.0487938,0.0709514,0.09318,0.1042552,0.106823,0.1165549,0.1054375,0.1025853,
0.0246814,0.0349373,0.043922,0.0543035,0.0625511,0.0604345,0.0571466,0.0510894,0.0363202,
0.028895,0.0453742,0.061675,0.0739398,0.0823932,0.0831108,0.0850381,0.0777217,0.0609736,
0.0303144,0.041062,0.0615943,0.0788488,0.0931683,0.0989009,0.1009361,0.0935674,0.0904096,
0.0139888,0.0192854,0.0258881,0.0309219,0.0344501,0.0315146,0.0286862,0.0232298,0.0187528,
0.0275193,0.0479075,0.0697244,0.0893318,0.1016178,0.1156219,0.108717,0.1110075,0.0943895,
0.0252039,0.041934,0.0600217,0.0689126,0.0769484,0.0784426,0.0741058,0.0690772,0.0636971,
0.0221839,0.0340707,0.0499585,0.0633156,0.0740561,0.0814496,0.0772559,0.0756395,0.0644217,
0.0205524,0.0304118,0.0451948,0.0592374,0.0615195,0.067501,0.0631495,0.0587827,0.0501613,
0.0262882,0.043465,0.0549826,0.0718328,0.0769516,0.0821839,0.080768,0.0776641,0.0615808,
0.0143096,0.0204019,0.0273611,0.0368748,0.0389982,0.042168,0.0400748,0.0383482,0.0295166,
0.0197645,0.029894,0.0387075,0.0481991,0.0550596,0.0571014,0.0594109,0.0558217,0.0506965,
0.0280172,0.0390212,0.0607845,0.0824565,0.092279,0.1007599,0.0998845,0.0959774,0.087354,
0.0283757,0.0446072,0.0629084,0.0809932,0.089811,0.0964107,0.0950405,0.0867847,0.074832,
0.0261401,0.0362126,0.0537748,0.0665254,0.0779919,0.0804218,0.0738495,0.0720934,0.0592804,
0.0118698,0.0151075,0.0187517,0.0239054,0.0266778,0.025527,0.0232683,0.017008,0.0110627,
0.0295963,0.0455523,0.0561198,0.0685054,0.0766552,0.0807139,0.0775626,0.0743455,0.0657701,
0.0275352,0.0399725,0.0523983,0.0692861,0.0823414,0.0829956,0.077639,0.0766103,0.0641575,
0.0296946,0.0274987,0.0348212,0.0428963,0.0450125,0.0435004,0.0417798,0.0362814,0.0282346,
0.0262751,0.036623,0.0513806,0.0634486,0.0744909,0.0805652,0.0876665,0.0787756,0.0715838,
0.02286,0.0335572,0.0442009,0.0557127,0.0624616,0.0649369,0.0629378,0.0549534,0.0471721,
0.0165087,0.0254029,0.0338266,0.0394812,0.0454694,0.0472448,0.0429623,0.0384478,0.0302711,
0.0092099,0.0111027,0.0159285,0.0181317,0.0189002,0.0176543,0.0147575,0.0120486,0.0077748,
0.0165248,0.0224306,0.0313909,0.0367886,0.0403293,0.0403196,0.038409,0.0329658,0.024063,
0.0153616,0.0219733,0.0273896,0.0349596,0.0386855,0.0377148,0.0342605,0.0291976,0.022044,
0.0237999,0.0397458,0.0524837,0.0692861,0.0802512,0.0856685,0.0830958,0.0833614,0.0684411,
0.0357323,0.0488346,0.0691,0.0906541,0.0997689,0.109244,0.1205717,0.1142305,0.1065683,
0.0131328,0.0175137,0.0209474,0.0256177,0.0284998,0.0257675,0.0231488,0.0191875,0.01323,
0.0240856,0.0333274,0.0452869,0.0565038,0.0615332,0.0629055,0.059474,0.0521969,0.0410637,
0.0854143,0.036738,0.0232413,0.0161795,0.0194676,0.0191051,0.0166955,0.013583,0.0096112,
0.0251428,0.0413664,0.0571712,0.073262,0.0829443,0.0892217,0.0889517,0.083188,0.0718449,
0.0260066,0.0412018,0.055807,0.0722437,0.0821687,0.0853999,0.0904008,0.0829533,0.0677074,
0.0257418,0.037054,0.0542856,0.0709238,0.0759103,0.0838714,0.0845937,0.0760165,0.075699,
0.0213185,0.0334842,0.0466749,0.0610893,0.0679453,0.0719636,0.0723963,0.071053,0.0623986,
0.0237154,0.0321723,0.0422915,0.0540493,0.0601999,0.0585128,0.0619915,0.054449,0.0418825,
0.0204497,0.029317,0.0395508,0.0507923,0.0569267,0.0580821,0.0577161,0.0509774,0.0442803,
0.0196596,0.0286342,0.0383193,0.0480375,0.0544628,0.0537128,0.0503203,0.041098,0.0285982,
0.0223391,0.0320223,0.0421281,0.0530935,0.0601073,0.0607268,0.0588721,0.0502845,0.0388738,
0.0262316,0.0410553,0.0599995,0.069437,0.0802967,0.084777,0.0833018,0.0774881,0.0678172,
0.0257258,0.03371,0.0488303,0.0606586,0.0705828,0.0739607,0.0704521,0.0665221,0.051745,
0.0283129,0.0401219,0.0570684,0.0731929,0.0793722,0.0849137,0.083037,0.0755292,0.0629207,
0.0335822,0.0450467,0.0724219,0.0875386,0.1012875,0.1098764,0.1126359,0.1162638,0.1113946,
0.0249156,0.035625,0.05334,0.0768625,0.091527,0.0962604,0.1006986,0.0997555,0.0830982,
0.0266994,0.0359326,0.051716,0.0670648,0.0740399,0.0795461,0.0782178,0.0755226,0.0650924,
0.0231465,0.0322824,0.0457635,0.0626123,0.0677377,0.0684964,0.0677299,0.0609442,0.0516035,
0.025355,0.0370383,0.0529711,0.067396,0.0709676,0.0768143,0.0752255,0.0647197,0.0528291,
0.0215799,0.0293684,0.037678,0.0498178,0.0531394,0.0574451,0.0502336,0.0453016,0.0326242,
0.0322811,0.0528595,0.0735434,0.0937068,0.104185,0.1116217,0.1246157,0.1155498,0.108181,
0.0293545,0.0421358,0.0613071,0.0822812,0.0920183,0.0994609,0.1045649,0.1050871,0.0960361,
0.0249574,0.0395407,0.0551523,0.0679298,0.0767905,0.0842756,0.0805604,0.0842183,0.0775424,
0.015183,0.0221929,0.0274707,0.0363821,0.0399155,0.0367839,0.0340326,0.0319949,0.0251378,
0.0271809,0.0428389,0.0572024,0.0739805,0.0863411,0.0887878,0.0865055,0.0861924,0.0740044,
0.0290239,0.0443842,0.0604773,0.0755227,0.0894221,0.096594,0.1024537,0.0982452,0.094932,
0.0225262,0.0274492,0.0352839,0.0493877,0.0568582,0.0578362,0.0576263,0.051918,0.040486,
0.02913,0.0408922,0.057386,0.0702757,0.0825634,0.0828912,0.0845904,0.0800959,0.0694183,
0.0323724,0.0203609,0.018474,0.0220383,0.024406,0.0263845,0.0241454,0.0196884,0.013359,
0.0283324,0.0444695,0.0657549,0.0767838,0.0935136,0.0958158,0.100919,0.0945326,0.0887225,
0.0199778,0.0278213,0.0357989,0.0460263,0.0503579,0.0544885,0.0524614,0.0474963,0.0385658,
0.0319045,0.0478618,0.0657444,0.0840028,0.0917335,0.0982955,0.0911923,0.0806415,0.0644573,
0.0273527,0.0409002,0.0568164,0.0736463,0.0820452,0.0875519,0.0879927,0.0849902,0.0833094,
0.0246331,0.0377892,0.0533415,0.0690856,0.0755327,0.0752663,0.0744061,0.066131,0.0578874,
0.0323141,0.0425117,0.0586043,0.0750755,0.0841907,0.0852727,0.087256,0.0803994,0.0711693,
0.0280703,0.0398364,0.0535651,0.0714307,0.0814283,0.0855416,0.0863,0.0814885,0.0717118,
0.0240097,0.0379745,0.0536656,0.066239,0.0740831,0.0757009,0.0763172,0.0673863,0.0551512,
0.0145979,0.0192895,0.0257533,0.0306235,0.0343167,0.033633,0.0303584,0.0256903,0.0173353,
0.0261936,0.0136092,0.0181596,0.0216315,0.0235416,0.0225667,0.0192705,0.015824,0.0107485,
0.0252042,0.0393367,0.0543936,0.0685041,0.0796958,0.0834553,0.0873085,0.0802205,0.0719714,
0.0160773,0.0254779,0.0352539,0.0477221,0.0539125,0.0576377,0.0570048,0.0532024,0.0427856,
0.0230384,0.0368364,0.0492029,0.061848,0.072433,0.0731494,0.0725404,0.0694855,0.0622083,
0.0312615,0.0488562,0.0695931,0.0878325,0.1004043,0.1010574,0.1046267,0.098411,0.0906677,
0.0241435,0.0341172,0.0464083,0.0547527,0.0636153,0.0672118,0.0617597,0.0615483,0.0580628,
0.0225856,0.033972,0.048688,0.0617847,0.0708599,0.0738592,0.0707084,0.0669112,0.0558591,
0.0216575,0.0341212,0.0471077,0.0605385,0.0691781,0.0728801,0.0680003,0.0583465,0.0490313,
0.0236839,0.036339,0.0528696,0.0642693,0.0764697,0.0794637,0.0791906,0.0743938,0.0603071,
0.0198223,0.0265763,0.0373582,0.044538,0.0505072,0.0508855,0.0513133,0.0406766,0.032354,
0.0222334,0.0292988,0.0417191,0.0541051,0.0615939,0.064768,0.0657091,0.0550643,0.04931,
0.0260091,0.0425822,0.0590674,0.0735601,0.0905048,0.097894,0.1000557,0.0957055,0.0916341,
0.0177148,0.0219274,0.0308508,0.0400854,0.0442862,0.0450511,0.040501,0.0379433,0.0272411,
0.0192396,0.0260989,0.0364249,0.0453432,0.0486148,0.0536865,0.0486068,0.0406437,0.0318772,
0.0259818,0.0388616,0.0500834,0.0660427,0.0721782,0.0763762,0.0770863,0.0751558,0.0598115,
0.0217345,0.0281082,0.0377689,0.0507948,0.0560092,0.0539205,0.0543714,0.050311,0.042867,
0.0253373,0.0375872,0.0497424,0.0646294,0.0729289,0.0803666,0.0807087,0.0778516,0.0635718,
0.02377,0.0365125,0.0518724,0.0662435,0.0757422,0.08097,0.082026,0.0763847,0.0690987,
0.0289158,0.037706,0.0546787,0.06697,0.075737,0.0748179,0.0753451,0.0629844,0.0517613,
0.0298431,0.0447404,0.0671586,0.0872903,0.1018255,0.1130185,0.1225053,0.1208847,0.1147089,
0.0225629,0.0300945,0.0427645,0.0593886,0.0704167,0.0728769,0.0676911,0.063696,0.05229,
0.0217708,0.0311142,0.0431446,0.0559968,0.065608,0.0693387,0.0674898,0.0621599,0.0576151,
0.0192189,0.0254625,0.0378779,0.0487211,0.0544617,0.0554275,0.054465,0.0476027,0.0432993,
0.026852,0.0355458,0.0457065,0.0548299,0.0591679,0.0592692,0.0597914,0.056501,0.0450184,
0.0217008,0.0314915,0.0397589,0.0507287,0.0558179,0.0539451,0.0528943,0.0483148,0.0422054,
0.0269158,0.0346143,0.0483662,0.0629398,0.0711485,0.0702329,0.0720437,0.0673396,0.059616,
0.020975,0.0291592,0.0463035,0.0600503,0.0647453,0.0681268,0.0726928,0.0664156,0.0632347,
0.0263787,0.0344256,0.0521106,0.0622805,0.0711366,0.0741458,0.0723712,0.0641323,0.0516558,
0.0304496,0.0469158,0.0625161,0.0791654,0.0921539,0.0930789,0.0913197,0.0846845,0.0786028,
0.0222455,0.0295926,0.0407722,0.0517895,0.0550646,0.0608858,0.0545766,0.049948,0.0412797,
0.0221812,0.0325843,0.0494,0.0610949,0.0699804,0.0774004,0.0812578,0.0778791,0.0666533,
0.0271909,0.0381054,0.0556542,0.0713248,0.078551,0.086297,0.0792768,0.0753007,0.0698583,
0.0249442,0.0354023,0.0512585,0.0665013,0.0714226,0.0827824,0.0730607,0.0681042,0.0555429,
0.0256606,0.039089,0.0579482,0.0751807,0.0808924,0.0853206,0.0862153,0.0810927,0.0694972,
0.027697,0.0389783,0.0575482,0.0770547,0.0841858,0.0870261,0.0911027,0.0871646,0.0778061,
0.0204034,0.0289091,0.038968,0.0491236,0.0584301,0.0629031,0.0606133,0.0554665,0.0494177,
0.0177447,0.0226019,0.0365569,0.0479979,0.0509265,0.0528258,0.054435,0.046918,0.0367032,
0.0125648,0.0162687,0.021907,0.0275871,0.0305122,0.0292915,0.0282493,0.0225348,0.0175954,
0.0190411,0.022738,0.0346433,0.0461859,0.0500702,0.0517604,0.0466858,0.0420391,0.0332297,
0.0293468,0.0461667,0.0619976,0.0741157,0.0819815,0.0832532,0.0839444,0.0776904,0.0692288,
0.0453044,0.0411498,0.0511523,0.0692992,0.0841382,0.0826329,0.0855416,0.0802203,0.074706,
0.0253428,0.0356343,0.0453767,0.0583703,0.0708768,0.0747357,0.0717616,0.0708638,0.055804,
0.0217109,0.0308343,0.0402747,0.0524341,0.0592767,0.063499,0.0632476,0.0584631,0.0510964,
0.019792,0.0302353,0.043694,0.0560867,0.0639454,0.0675802,0.0640308,0.0583798,0.0521821,
0.022121,0.0306749,0.0405708,0.0540967,0.0596985,0.0611499,0.0611177,0.0518459,0.044076,
0.022817,0.0346197,0.0472404,0.055779,0.0601397,0.0650205,0.0587212,0.0549347,0.0482759,
0.0235464,0.0326645,0.0486214,0.06127,0.0676871,0.067666,0.0663993,0.0614682,0.0555542,
0.0132752,0.0175754,0.0247475,0.0300618,0.0338238,0.0326561,0.0284114,0.0242467,0.0195514,
0.0265434,0.0414978,0.0565494,0.0708621,0.0828693,0.0831349,0.0853947,0.0784779,0.072257,
0.0161031,0.0211928,0.0310812,0.0395658,0.0448872,0.0481746,0.0434737,0.0350204,0.0276414,
0.0197647,0.0275633,0.0409818,0.0528983,0.0572951,0.0580463,0.0575973,0.0491323,0.0442854,
0.022221,0.0381737,0.0513966,0.0621218,0.0716053,0.0782041,0.0762014,0.0718837,0.0687856,
0.019566,0.0276564,0.0380297,0.0469196,0.055362,0.0574038,0.0560194,0.0545178,0.0440099,
0.0170957,0.0227154,0.0305904,0.0404983,0.0419343,0.0435788,0.0360545,0.0300733,0.0211111,
0.0265363,0.0354258,0.0544964,0.0721297,0.0815011,0.0880481,0.0856702,0.0832808,0.057263,
0.0267938,0.0384931,0.0515567,0.0686694,0.0789436,0.0810306,0.0752984,0.0723677,0.0660281,
0.0247883,0.0329772,0.0446092,0.0592568,0.0677307,0.0761323,0.069881,0.0680978,0.0525724,
0.02386,0.0373179,0.0498429,0.0653028,0.0735706,0.0749163,0.0773926,0.071475,0.0662694,
0.0304345,0.0486257,0.0677689,0.0839971,0.0952047,0.101888,0.1048292,0.1025924,0.0887297,
0.0277783,0.039128,0.0523477,0.0718383,0.0813384,0.0843955,0.0840453,0.0791871,0.0688323,
0.0143487,0.0171167,0.0237626,0.0300184,0.0347175,0.0351913,0.0318594,0.0277657,0.021204,
0.0259534,0.0375371,0.0492058,0.0620873,0.0732339,0.0738585,0.0758917,0.0762442,0.0719222,
0.0245583,0.0349447,0.0471267,0.0570149,0.0616758,0.0628461,0.0557849,0.046657,0.0375119,
0.025873,0.0367481,0.0519038,0.0656321,0.0743554,0.0794795,0.0814293,0.0711937,0.0629601,
0.0300428,0.0450807,0.0606942,0.0749049,0.0864905,0.0905583,0.0942911,0.0917801,0.0885749,
0.0276115,0.0465086,0.0666719,0.089378,0.1009667,0.1054638,0.1043379,0.1023371,0.0892406,
0.029959,0.0379777,0.0566435,0.0700817,0.0845445,0.0862988,0.0876496,0.087219,0.0706845,
0.0277787,0.034655,0.054188,0.0697412,0.0784224,0.086887,0.0853702,0.085565,0.0773293,
0.0201456,0.0251051,0.0370941,0.0466532,0.0489258,0.048779,0.0454147,0.0416861,0.0337151,
0.0322564,0.0505513,0.0658548,0.0860652,0.0986505,0.1028886,0.1021418,0.1024686,0.0977607,
0.0256583,0.0380343,0.0498101,0.0609329,0.0667273,0.0711893,0.0642709,0.0594732,0.0493848,
0.0166892,0.0216407,0.029847,0.0382501,0.0427955,0.0464521,0.0419214,0.0379689,0.0309708,
0.0250407,0.0332143,0.0426197,0.0596375,0.0714741,0.0740777,0.075809,0.0739256,0.0690969,
0.0215773,0.0314094,0.0437329,0.0541297,0.0629946,0.0660876,0.0612727,0.0574096,0.0525932,
0.0291979,0.0372641,0.0518343,0.0699216,0.0812774,0.0929735,0.0894221,0.0829159,0.0775304,
0.0192053,0.0283981,0.0353203,0.0436418,0.0484609,0.0494597,0.0419154,0.0368472,0.0283119,
0.0228914,0.0339104,0.051812,0.0638182,0.0717317,0.0727397,0.0694422,0.0624257,0.0564424,
0.0254099,0.0351751,0.0446768,0.0607732,0.066786,0.0660268,0.0587181,0.0524913,0.04058,
0.0187035,0.0227776,0.0297058,0.0419597,0.0452411,0.0466991,0.0439029,0.0407844,0.0300414,
0.0277003,0.0387106,0.0527845,0.0706667,0.0779244,0.0828549,0.0818183,0.0777528,0.0661425,
0.0167239,0.0216675,0.0323894,0.0398607,0.0458761,0.0480437,0.0443391,0.0378157,0.0293356,
0.0251767,0.0418889,0.0577352,0.0739469,0.08147,0.0880891,0.0931663,0.087411,0.0767715,
0.0292605,0.0436246,0.0665346,0.0851004,0.1009357,0.1126397,0.1117658,0.1108957,0.104519,
0.0212368,0.0263889,0.0378591,0.0488978,0.0515232,0.0519633,0.0468621,0.0415661,0.0300256,
0.0225632,0.0300679,0.0443819,0.0580609,0.0627697,0.0669425,0.0633673,0.0645368,0.0549155,
0.0287141,0.0464504,0.0643841,0.0815202,0.0982595,0.1025542,0.0978773,0.1053193,0.1014599,
0.0153524,0.0201501,0.0260903,0.0350745,0.0371761,0.0392034,0.034396,0.0259573,0.0205668,
0.0255464,0.0366206,0.0568268,0.0710744,0.0808191,0.0850919,0.0826453,0.0757029,0.0652901,
0.0292261,0.0427786,0.060171,0.0735374,0.0879691,0.0954581,0.1002589,0.0996526,0.0983228,
0.0219755,0.0317377,0.0459339,0.0608639,0.0680093,0.0760495,0.0721395,0.0716536,0.0579341,
0.0216049,0.0273972,0.0395343,0.0528956,0.0563244,0.0598405,0.0565106,0.0507896,0.0436405,
0.0292484,0.0516459,0.0703483,0.0888765,0.0961211,0.1037222,0.0965643,0.1020713,0.0930177,
0.0136154,0.0217115,0.0283735,0.0371108,0.0416854,0.0407929,0.0432695,0.0389658,0.0297769,
0.0257832,0.0403912,0.0557993,0.0704828,0.0730111,0.0818206,0.0783669,0.0712178,0.0624829,
0.0242969,0.0374293,0.0535788,0.0650692,0.0728736,0.0791369,0.0765269,0.0694725,0.0611466,
0.034327,0.0454037,0.06993,0.0892057,0.0945701,0.1011889,0.0987228,0.0965965,0.091244,
0.0202065,0.0278214,0.0383735,0.0482245,0.0568266,0.0564555,0.0576871,0.0520989,0.040917,
0.0120733,0.0156411,0.0189271,0.0239925,0.0249473,0.0233941,0.0204108,0.0154325,0.01,
0.0221214,0.0328701,0.0442021,0.0571342,0.0656446,0.0695039,0.0641347,0.0622556,0.0508936,
0.0302686,0.0484269,0.060375,0.0774453,0.0853585,0.086931,0.0884084,0.0839666,0.0745392,
0.0344034,0.0559274,0.0717544,0.0929763,0.09978,0.1095977,0.1051777,0.0977883,0.0951506,
0.0240625,0.0316638,0.0432837,0.056017,0.0617184,0.0627034,0.0617628,0.0519258,0.0438697,
0.0126034,0.0176093,0.0225402,0.0274942,0.0278817,0.0237468,0.0178274,0.0128205,0.0090667,
0.022713,0.0287736,0.0383795,0.0499734,0.0567351,0.063558,0.0579127,0.0473579,0.0354651,
0.0236168,0.0281334,0.039517,0.0502987,0.0535648,0.0555281,0.0577276,0.0460607,0.0369225,
0.028165,0.0457152,0.0663677,0.081588,0.0926635,0.0946883,0.0890109,0.0768136,0.0693252,
0.0116121,0.0150624,0.0248213,0.0316774,0.0308271,0.0319929,0.0242544,0.0209509,0.0149641,
0.0264081,0.0396028,0.0546471,0.0732241,0.078227,0.0869568,0.0789599,0.0714906,0.0542219,
0.0262205,0.0375143,0.0569956,0.0718715,0.0794359,0.0848617,0.0806228,0.069732,0.0558342,
0.0292447,0.0428217,0.0598089,0.0772805,0.0857145,0.0855425,0.081257,0.071487,0.0597503,
