0.005261,0.0153094,0.0203463,0.0251165,0.030827,0.0315012,0.0332624,0.0345277,0.0347579,0.0334902,0.0323488,0.030613,0.0263083,0.0206658,0.017327,0.0096865,
0.0096291,0.0162509,0.0183745,0.0205061,0.0354854,0.0426194,0.0470094,0.0502665,0.0506145,0.0476443,0.0435079,0.0364996,0.0221477,0.0176223,0.0149575,0.0099346,
0.0122877,0.0153187,0.0169102,0.0187802,0.0244694,0.0265076,0.0282894,0.0294629,0.0294484,0.0276814,0.0263093,0.0241392,0.0182633,0.016734,0.015139,0.0119559,
0.0111661,0.0118353,0.0119473,0.0116805,0.0114234,0.0114815,0.0112851,0.0114786,0.0120409,0.0112262,0.0114116,0.0112021,0.011943,0.0116439,0.011703,0.0111609,
0.0135296,0.0184536,0.0206286,0.0228889,0.0246764,0.02535,0.02659,0.0270686,0.027782,0.0265478,0.025893,0.0252333,0.0221632,0.0200927,0.0185252,0.0127667,
0.006313,0.0160066,0.0202972,0.0250055,0.0314897,0.0338691,0.0350836,0.0357247,0.0356977,0.0346735,0.0331267,0.030268,0.0238187,0.0202205,0.0156954,0.0062835,
0.01319,0.0172888,0.0186921,0.0221448,0.0285835,0.031327,0.0337699,0.0358792,0.0358226,0.0335319,0.0310099,0.0279123,0.0210025,0.0179658,0.0166755,0.0122127,
0.012418,0.0177749,0.0187125,0.0204441,0.0241497,0.0255936,0.0265062,0.0275898,0.0278104,0.0268825,0.025703,0.0247942,0.0203646,0.0186875,0.0174069,0.0128035,
0.0074611,0.0125443,0.0159045,0.0224731,0.032412,0.0346809,0.0363919,0.0375256,0.0378094,0.036454,0.034878,0.0326163,0.0238769,0.0170409,0.0132732,0.0068967,
0.0121694,0.014716,0.0153673,0.0162568,0.0182659,0.0186444,0.0192277,0.0187824,0.0188498,0.018656,0.0176571,0.0170872,0.0163232,0.0152803,0.0148354,0.0120163,
0.0118214,0.0194676,0.0221428,0.0258899,0.032671,0.0343148,0.0361252,0.036359,0.0368601,0.0358596,0.0344033,0.0327196,0.0254658,0.0218325,0.0193627,0.0117767,
0.0095622,0.0167034,0.0189609,0.0220335,0.0294497,0.0322321,0.034004,0.0352174,0.035472,0.0338323,0.0316827,0.0289903,0.0222413,0.0186754,0.0161997,0.0102254,
0.0090239,0.0093241,0.0113022,0.0142583,0.0219446,0.0248489,0.0265571,0.0276624,0.0285206,0.0264069,0.0246226,0.0221721,0.0153819,0.0119473,0.0101936,0.0097408,
0.0069747,0.0163795,0.0206593,0.0230817,0.0272329,0.0292805,0.0309606,0.0319872,0.0326601,0.0312864,0.030068,0.0285398,0.0252279,0.0209892,0.0177417,0.0072174,
0.0023592,0.0116297,0.0165442,0.0232246,0.0308551,0.0326991,0.0337541,0.0352143,0.0349357,0.0334466,0.0314112,0.0291422,0.0227075,0.0149095,0.0106556,0.0026123,
-0.0026964,0.0030964,0.0070614,0.0254965,0.0468786,0.0418305,0.0372343,0.0366108,0.037212,0.0389393,0.0436202,0.0478647,0.0257384,0.0081681,0.0065203,0.0058865,
-0.0016696,0.0033354,0.0121695,0.0299088,0.04509,0.0421273,0.0409289,0.0408228,0.0398851,0.0389186,0.0400062,0.0407994,0.0275696,0.0104046,0.0084806,-0.0060941,
0.0101756,0.0127809,0.0146141,0.0174682,0.0262228,0.0301688,0.0328515,0.0346967,0.035016,0.0327057,0.0301634,0.0264202,0.0156623,0.0140945,0.013931,0.0111784,
0.0179513,0.0216805,0.0224102,0.0236288,0.0242872,0.0257207,0.0266351,0.0259957,0.0266519,0.025684,0.0251288,0.0242396,0.0232473,0.0215938,0.0209612,0.0161088,
0.0140579,0.0149599,0.0155338,0.0160493,0.017617,0.0187344,0.0189387,0.0198736,0.0199854,0.0192582,0.0185126,0.0179455,0.0161317,0.0154726,0.0153312,0.0137135,
0.0084572,0.016715,0.0191806,0.021981,0.0299198,0.0333489,0.0358379,0.0380434,0.0387792,0.035732,0.0332021,0.0301251,0.0222711,0.0198842,0.0185904,0.0105304,
0.0094342,0.0134618,0.0149539,0.0193686,0.0319465,0.037147,0.039542,0.0419553,0.0419905,0.0401612,0.037654,0.0329101,0.0209021,0.0170399,0.0133375,0.0091799,
0.0110934,0.0107997,0.0104091,0.0097603,0.0088719,0.0092075,0.009806,0.0097814,0.0102858,0.0097103,0.0090664,0.0095186,0.0101565,0.0109971,0.0117293,0.0124115,
0.0056594,0.0142379,0.0164637,0.019412,0.0230246,0.0250521,0.0258539,0.0271094,0.0272024,0.0265057,0.0248576,0.0232641,0.0196849,0.0165518,0.0144344,0.0067748,
0.0100295,0.0165895,0.0188209,0.0225607,0.0317018,0.0345154,0.0360502,0.0377852,0.0376012,0.0360572,0.0342097,0.0313575,0.0223423,0.017874,0.0160494,0.0099627,
0.009399,0.0153584,0.0175506,0.02076,0.0268811,0.0289734,0.0302595,0.03198,0.0322535,0.0313188,0.0301605,0.0279149,0.02308,0.0193282,0.0164232,0.0078539,
0.0173847,0.0219034,0.0222359,0.0234023,0.0244845,0.025391,0.0258156,0.0266089,0.0258962,0.0260344,0.0255536,0.024433,0.0225965,0.0222534,0.020662,0.016407,
0.0045142,0.0162912,0.0203383,0.0242655,0.0269031,0.0289889,0.0302433,0.0312897,0.0313109,0.0299847,0.0283124,0.0271771,0.0242536,0.0199714,0.0155756,0.005773,
0.0112142,0.0164538,0.0180374,0.0233533,0.0325536,0.0348602,0.0363584,0.0375779,0.0376276,0.0367495,0.0347889,0.0322645,0.0220691,0.0171487,0.0152136,0.0113828,
0.0128072,0.0197328,0.0230358,0.0269917,0.0318692,0.033384,0.0343316,0.036089,0.0356967,0.0345597,0.0340283,0.032646,0.0277241,0.023674,0.0215874,0.0138091,
0.0068715,0.0106382,0.0129592,0.0181115,0.0292863,0.0332929,0.035603,0.0376913,0.0374014,0.0358143,0.0334571,0.0299817,0.0188306,0.0146695,0.0116737,0.009954,
0.0093659,0.0103015,0.0119754,0.0173979,0.0262207,0.0293072,0.0310367,0.032504,0.0324347,0.0308613,0.0288034,0.0258461,0.0165379,0.0114473,0.01005,0.0091083,
0.0163566,0.0243661,0.0257375,0.0266244,0.0273804,0.0279451,0.0288493,0.0287734,0.0286721,0.0284552,0.0278574,0.0270137,0.0251265,0.0233512,0.0222384,0.0152423,
0.014393,0.0164688,0.0156731,0.0156025,0.0161979,0.0165591,0.0172439,0.0177396,0.0170262,0.017065,0.0164898,0.0156934,0.0152481,0.0159647,0.0159283,0.0140654,
0.0027202,0.0143147,0.0203765,0.0303111,0.0354461,0.0346974,0.0347089,0.0353271,0.0356747,0.0356878,0.0354821,0.0365798,0.0322924,0.0228737,0.0146464,0.0039971,
0.0062559,0.0163935,0.020342,0.0244805,0.0279147,0.0298883,0.0310386,0.0326703,0.0325466,0.0314569,0.0303896,0.0285675,0.0258329,0.0222127,0.0185538,0.00836,
0.0113051,0.0154696,0.0169051,0.0194182,0.0238433,0.0257361,0.0272459,0.0284059,0.0284297,0.0272563,0.0259525,0.0245418,0.0205192,0.0179322,0.0167409,0.0123584,
0.0033137,0.013074,0.0202465,0.0290307,0.0321963,0.0360305,0.0391423,0.0420281,0.0420759,0.0391255,0.035441,0.0318692,0.0270931,0.0192231,0.0128893,0.003393,
0.0070492,0.0180273,0.0212943,0.0235633,0.0280837,0.0315015,0.0339296,0.0360371,0.0361183,0.0337719,0.0312901,0.0277425,0.0225509,0.0200748,0.0176134,0.0069095,
0.0098284,0.010733,0.0087148,0.0118355,0.0258117,0.0310224,0.0343241,0.036696,0.0363522,0.0343359,0.0313784,0.025851,0.0126531,0.0097084,0.0099077,0.0095332,
0.011807,0.0146184,0.0154902,0.0199695,0.0353035,0.0401164,0.0430612,0.0454936,0.0458965,0.043649,0.0402959,0.0353133,0.0204506,0.0164853,0.0146943,0.010735,
0.0102161,0.0180167,0.0195227,0.0214651,0.0217822,0.0226837,0.0229434,0.0235348,0.0235642,0.0230962,0.0224211,0.0217048,0.0218956,0.0202145,0.0180487,0.0090103,
0.0002907,0.0052767,0.0106415,0.0262379,0.0483235,0.0455154,0.0429188,0.0421501,0.0414367,0.0401742,0.0416486,0.0436972,0.0246603,0.0083372,0.0047363,-0.0006509,
0.0117219,0.0146006,0.0154857,0.0190005,0.0258431,0.0281755,0.0296929,0.0308059,0.0308017,0.029307,0.0275217,0.0251463,0.0179402,0.0157936,0.0148029,0.0124133,
0.0104786,0.0143494,0.0159038,0.018644,0.0232916,0.0253219,0.0264709,0.0276716,0.0274695,0.0260194,0.0250175,0.0229953,0.0181566,0.0155076,0.013845,0.0104885,
0.0121921,0.0198388,0.0227272,0.0270374,0.0349375,0.0384395,0.0406754,0.0430959,0.0429681,0.0409398,0.0383732,0.0350534,0.0276788,0.0236051,0.0206318,0.0134136,
0.014515,0.0187977,0.0196862,0.0207404,0.0228376,0.0232264,0.0239539,0.0244116,0.0245547,0.0234407,0.0229278,0.0224029,0.0204042,0.0193359,0.0179374,0.0140881,
0.0135775,0.0186186,0.0204701,0.0248505,0.0374592,0.0415908,0.0445607,0.0469012,0.0470905,0.0449826,0.04186,0.0374921,0.0256208,0.0214294,0.0198047,0.0139895,
0.0135096,0.0161243,0.0170935,0.018553,0.0208629,0.0219409,0.0223712,0.0230154,0.023366,0.0225576,0.0215662,0.0214917,0.0189666,0.0172024,0.0159922,0.0131899,
0.0124366,0.0188789,0.0217638,0.0266112,0.0371633,0.0413499,0.0429017,0.0444246,0.04437,0.0425224,0.0407479,0.0370462,0.0270772,0.022058,0.019952,0.0133772,
0.0182191,0.0244933,0.025741,0.0279407,0.029966,0.0311686,0.0319108,0.0327144,0.0323156,0.0320266,0.0310819,0.0302165,0.0273136,0.0253291,0.0244941,0.0180626,
0.0087179,0.0137578,0.0166287,0.0204686,0.0271638,0.0291244,0.0307817,0.0321788,0.0323312,0.0303656,0.0289816,0.0270106,0.0202727,0.0163125,0.01377,0.0091031,
0.0085824,0.0157025,0.0173198,0.0192434,0.0346543,0.0417282,0.0454119,0.0471967,0.0476334,0.0456778,0.0431655,0.0366332,0.0232094,0.0211054,0.0192894,0.0125058,
0.005626,0.0149532,0.0184906,0.0201518,0.0262917,0.0299074,0.0326136,0.0346783,0.035277,0.0333095,0.0305308,0.0275179,0.0217613,0.0190902,0.0163889,0.0044644,
0.0048444,0.0127015,0.0197456,0.0317485,0.0391906,0.0381635,0.0388427,0.0401278,0.0401962,0.0379317,0.0376236,0.0376084,0.0320203,0.0199564,0.0125609,0.0027661,
0.0160534,0.0193654,0.019143,0.019514,0.0199344,0.0206748,0.0208054,0.0210058,0.0213275,0.0209726,0.0207602,0.0198409,0.019574,0.0196955,0.0190229,0.0157899,
0.0148716,0.0162379,0.0162347,0.0156743,0.0150662,0.0157768,0.0156256,0.0162086,0.0163481,0.0159381,0.0154152,0.0149639,0.0154296,0.0161924,0.0161376,0.0153319,
0.0128319,0.0137045,0.0132548,0.0135986,0.0144413,0.014956,0.0145953,0.0156271,0.0152042,0.0149242,0.0143091,0.0138965,0.0131303,0.0128083,0.013893,0.0128516,
0.0107778,0.0154522,0.0174121,0.0217518,0.0267477,0.0273676,0.0267806,0.0260134,0.0253074,0.0255493,0.0261164,0.026679,0.0220553,0.0176888,0.016554,0.011952,
0.0143431,0.0233825,0.0242272,0.0260282,0.0293735,0.031088,0.0323058,0.0334554,0.0335797,0.0321277,0.0309286,0.0292465,0.0254304,0.0245762,0.023587,0.0141872,
0.012434,0.0174011,0.0198569,0.0211925,0.0234527,0.0240165,0.024942,0.0254183,0.0259637,0.0249984,0.0238025,0.0231169,0.0213656,0.0190342,0.0174551,0.0116911,
0.012162,0.0206609,0.0235086,0.0248419,0.0318827,0.0348777,0.0366291,0.0378896,0.0381515,0.0359538,0.0344314,0.0312486,0.023958,0.0201709,0.017653,0.0130018,
0.0114018,0.0212731,0.0227006,0.0250083,0.0360964,0.0395459,0.0410753,0.042032,0.0422944,0.0408859,0.0389715,0.0356553,0.0246818,0.0211609,0.0196663,0.0102771,
0.0099356,0.0092642,0.0100855,0.0142893,0.0275813,0.032367,0.035148,0.0373136,0.037288,0.0351566,0.0325124,0.0276674,0.0137801,0.0101605,0.0096649,0.0107479,
0.009444,0.0173109,0.0198467,0.0199347,0.0244775,0.0295881,0.033157,0.0370793,0.0371724,0.0336141,0.0296439,0.0247897,0.0208697,0.0198396,0.0174332,0.0093404,
0.0088989,0.0165415,0.0213551,0.0277598,0.0314595,0.0317433,0.0325208,0.0336854,0.0331642,0.0323962,0.0317049,0.030364,0.0266023,0.0204025,0.0160905,0.0092411,
0.001912,0.0063073,0.0124322,0.0249347,0.0301859,0.0309468,0.0321465,0.0325488,0.0325687,0.0320023,0.0306768,0.0297727,0.0237125,0.012668,0.0071082,0.0009846,
0.0105834,0.0155287,0.018331,0.0219385,0.0257997,0.02648,0.0268164,0.0276313,0.027652,0.0268045,0.0261747,0.0253353,0.0214931,0.0181755,0.0153938,0.0104915,
0.0139224,0.0205858,0.0225752,0.0253041,0.0297677,0.0309913,0.0318868,0.033192,0.0327964,0.0317374,0.0313054,0.0295334,0.0252295,0.0224153,0.0200881,0.014317,
0.0141245,0.0206075,0.0240557,0.0257712,0.0407683,0.0486945,0.0535958,0.0575214,0.0576462,0.0539117,0.0491487,0.0421954,0.027409,0.0229981,0.0224722,0.0145525,
0.0126096,0.0278955,0.0329484,0.0372097,0.0532544,0.0635516,0.071729,0.0785043,0.0785184,0.072071,0.0644958,0.0535269,0.0370554,0.0317096,0.0278486,0.0128294,
0.0115181,0.0151411,0.0176446,0.0206476,0.0267231,0.0286232,0.0297647,0.0311757,0.0312428,0.0300971,0.0283623,0.0264335,0.0206166,0.0175876,0.0154126,0.0115567,
0.0123228,0.0152384,0.015772,0.0165803,0.0180654,0.0188922,0.0194076,0.0196336,0.0197883,0.0188545,0.018805,0.0179205,0.0167169,0.0160613,0.0153555,0.0126722,
0.0114932,0.0177856,0.020985,0.0245631,0.0267852,0.0280669,0.0289314,0.0299147,0.0302677,0.0293086,0.0287042,0.0280604,0.0249876,0.0208787,0.0185007,0.0110719,
0.0106768,0.0175113,0.019608,0.0237334,0.0344383,0.0376926,0.0397261,0.0414482,0.0414581,0.0397081,0.0369264,0.0328966,0.0230377,0.0187278,0.015515,0.0124242,
0.0048885,0.01584,0.0210546,0.0272255,0.0307088,0.0314207,0.0325471,0.0332581,0.0332319,0.0327169,0.032263,0.0317975,0.0272154,0.0210657,0.0158565,0.005732,
0.0095776,0.0183086,0.0229964,0.0302064,0.0392738,0.0402385,0.0411842,0.0421364,0.0416202,0.0408261,0.0393829,0.0379161,0.0299555,0.0236483,0.0191854,0.0092887,
0.0055469,0.0138609,0.0174439,0.023551,0.0334841,0.0379443,0.0407851,0.0428104,0.0424345,0.0400292,0.0371242,0.0322524,0.0226061,0.0165645,0.0125825,0.0057665,
0.0039782,0.0115427,0.0161111,0.0199969,0.0275824,0.0308482,0.033188,0.0352213,0.0350436,0.0330437,0.0306004,0.0279257,0.0195085,0.0156914,0.0121188,-0.0012139,
0.0049516,0.0090237,0.01697,0.0305899,0.0415438,0.0417061,0.0425766,0.0456675,0.045536,0.0436709,0.0425511,0.0421304,0.031513,0.0176633,0.0079339,-0.0035503,
0.0122621,0.0122657,0.012305,0.0124281,0.0121946,0.0127346,0.0127685,0.0132711,0.0133518,0.0129708,0.0126362,0.011801,0.011555,0.0114162,0.0114183,0.0118677,
0.0122118,0.0180139,0.0202633,0.0245858,0.0324245,0.0352185,0.0371264,0.0388505,0.038427,0.0363722,0.0342762,0.0318251,0.0246294,0.0202795,0.0176989,0.0124814,
0.008639,0.020824,0.0231344,0.0269551,0.0368607,0.0411742,0.0435013,0.0457829,0.045863,0.0435618,0.0407747,0.0367172,0.0258153,0.0231991,0.0188923,0.0107964,
0.0051397,0.0133172,0.0177855,0.0257321,0.035009,0.0388529,0.0426725,0.0457834,0.0457074,0.0421976,0.0390739,0.0355522,0.0256443,0.0184494,0.013124,0.0042195,
0.0098155,0.013131,0.0167473,0.0225113,0.0295672,0.0311733,0.0320766,0.0326582,0.0326988,0.0319016,0.031366,0.0300606,0.0223181,0.0166955,0.0139853,0.009844,
0.0116919,0.0181157,0.0206004,0.0253133,0.0306092,0.0316465,0.03303,0.0334375,0.0336566,0.0331689,0.0320711,0.0306955,0.0247042,0.0204768,0.0177725,0.0111058,
0.010801,0.0143163,0.0158625,0.0201901,0.0284776,0.0315769,0.0334547,0.035154,0.0351038,0.0333446,0.0315134,0.0287158,0.0199885,0.0158802,0.0136778,0.0097526,
0.0073386,0.0185368,0.0219333,0.0267992,0.036487,0.0387226,0.0397586,0.0406102,0.0403827,0.0391535,0.0381888,0.0355477,0.0253974,0.0204032,0.0167793,0.0084543,
0.004065,0.0137262,0.0176068,0.020934,0.0323966,0.0370829,0.0397124,0.0417615,0.0411759,0.0393088,0.0367456,0.0325754,0.0209449,0.0169783,0.0141886,0.0059321,
0.0053101,0.0134679,0.0174656,0.021583,0.0262146,0.0279223,0.0292979,0.0306123,0.0305665,0.0294491,0.0281755,0.026433,0.0214253,0.016711,0.0130153,0.0043284,
0.0130684,0.0207542,0.0228885,0.0279366,0.0384782,0.0437017,0.0467565,0.0506931,0.0507888,0.0472179,0.0437956,0.0392356,0.0286818,0.025109,0.0224965,0.0131671,
0.0110153,0.0145408,0.0152446,0.0167845,0.0327457,0.04116,0.0454832,0.0492811,0.0493336,0.046378,0.0419555,0.0347238,0.0199785,0.016603,0.0162709,0.0139008,
0.00989,0.0134112,0.0148863,0.0179066,0.0243944,0.0272289,0.0287659,0.0301039,0.0298442,0.0281587,0.0261519,0.0235512,0.0173552,0.0148228,0.013278,0.0107137,
0.0120492,0.0154507,0.0163497,0.0179587,0.0209839,0.0221867,0.0230363,0.0238886,0.0242724,0.0233046,0.0222914,0.021128,0.0178047,0.0168012,0.0155278,0.0134494,
0.010352,0.0189475,0.0209388,0.0238549,0.0326214,0.0358425,0.0372626,0.038528,0.0383989,0.0374234,0.0354498,0.0331346,0.0243157,0.0212688,0.0186967,0.0093101,
0.0130032,0.0157117,0.0175665,0.0191718,0.0224677,0.0240531,0.0254574,0.0266126,0.0267315,0.0260514,0.0248999,0.0234742,0.0203409,0.0183349,0.0162742,0.0120162,
0.0119622,0.0180094,0.0213605,0.0248416,0.0307833,0.0334322,0.0358137,0.0375076,0.037668,0.0354275,0.0335382,0.0315014,0.0250484,0.0209612,0.0181425,0.010872,
0.0109318,0.0167616,0.0185802,0.0222907,0.0327997,0.0367497,0.0393262,0.0413472,0.0411084,0.0389682,0.0365584,0.0327276,0.0224697,0.019288,0.0176991,0.0107132,
0.0105049,0.0190481,0.021274,0.0243091,0.0283113,0.0299113,0.0308751,0.0316365,0.031019,0.0302913,0.0292058,0.0273925,0.0231756,0.0199235,0.0179483,0.0105608,
0.0120656,0.0167432,0.0188122,0.0209527,0.0245166,0.0255189,0.0265518,0.0270787,0.0272908,0.0261694,0.0253184,0.0240959,0.0204562,0.0180642,0.0163236,0.0115378,
0.0030075,0.0127325,0.0196106,0.0282621,0.0293543,0.0331715,0.0373481,0.0419442,0.0420232,0.0375219,0.0340808,0.0303384,0.0279982,0.0198726,0.0120608,0.0026516,
0.0104505,0.0228735,0.025003,0.0292915,0.0360723,0.0381852,0.0395823,0.0408929,0.0413686,0.0394651,0.0382433,0.0357374,0.0311455,0.0267739,0.0239788,0.0134465,
0.0128055,0.0166081,0.0174558,0.0174023,0.0178654,0.0177485,0.018848,0.0183292,0.0181817,0.0179667,0.0179354,0.0175283,0.0170729,0.016348,0.0159827,0.0126087,
0.0125783,0.0190081,0.0219429,0.0263435,0.0333871,0.0358383,0.0378374,0.0393114,0.0389386,0.0372406,0.0351616,0.0328133,0.0261331,0.0221645,0.0188609,0.0116897,
0.0111404,0.0135882,0.0146075,0.0155961,0.0161268,0.0167548,0.017173,0.0173516,0.0173713,0.0173912,0.0167105,0.0160049,0.0155848,0.0152867,0.0145452,0.0121582,
0.0127241,0.0180287,0.0201995,0.0226187,0.0246018,0.0252673,0.0258447,0.0265276,0.0264339,0.0260811,0.0252848,0.0246416,0.0219786,0.0200388,0.0179417,0.012222,
0.0145162,0.0254093,0.0278051,0.0328495,0.0468717,0.053459,0.0580567,0.0614272,0.0614761,0.0576214,0.0529829,0.0467978,0.0327178,0.0287691,0.0251617,0.0153895,
0.0179481,0.0166955,0.0243543,0.0417287,0.0623998,0.0614092,0.0627683,0.0644363,0.0639623,0.0607354,0.0585662,0.0580879,0.0413332,0.0248487,0.0159379,0.0051037,
0.0104103,0.0143652,0.0155328,0.0164224,0.0167591,0.0177031,0.0179334,0.0182976,0.0180692,0.017979,0.0172256,0.0174062,0.0156284,0.0150604,0.0138118,0.0105169,
0.0046997,0.013536,0.0166853,0.0239799,0.0395896,0.0445336,0.0471628,0.0502421,0.0510241,0.0494516,0.0455966,0.0390871,0.0227143,0.0165971,0.0130894,0.012322,
0.0135624,0.0224127,0.0246314,0.0265946,0.0295688,0.0309418,0.0317824,0.0325835,0.0329438,0.0317999,0.030666,0.0298798,0.0266338,0.0242016,0.0219621,0.0147906,
0.0154883,0.0137611,0.013959,0.0130291,0.0124009,0.0127873,0.0126645,0.0134995,0.0130806,0.0124338,0.0127008,0.0120596,0.0129244,0.0134309,0.0140073,0.0152826,
0.0059176,0.0205708,0.0252204,0.0290084,0.0336431,0.0349541,0.0364575,0.0373983,0.037564,0.036679,0.035343,0.0331301,0.0282359,0.0243286,0.0193354,0.0063923,
0.0121194,0.0176278,0.0186219,0.0239457,0.0346482,0.0366283,0.0378197,0.0383695,0.0380251,0.037666,0.0367284,0.0341876,0.0237142,0.019443,0.0180154,0.01168,
0.0119659,0.0176223,0.0209222,0.0270164,0.0379223,0.0410757,0.0427612,0.043738,0.0435833,0.0421695,0.0409449,0.0384027,0.0276773,0.020682,0.0165767,0.0123484,
0.012469,0.0191891,0.0220887,0.0258235,0.0315873,0.0334407,0.0345175,0.0357252,0.0362552,0.0346068,0.0334128,0.0314144,0.0255055,0.0217359,0.0195731,0.0146759,
0.0134474,0.0182754,0.020929,0.0257781,0.0334948,0.0362635,0.0378459,0.0393828,0.0397349,0.0380362,0.0355468,0.0328163,0.0247041,0.0206645,0.0174504,0.0125007,
0.0110894,0.0183304,0.0194917,0.0226414,0.0272279,0.0287056,0.0302574,0.0311586,0.0308361,0.0296325,0.0283746,0.0266814,0.0223095,0.0195602,0.017237,0.0105452,
0.0120515,0.0145597,0.0153124,0.0178265,0.02561,0.0280866,0.0299109,0.0306393,0.0301017,0.0286035,0.0270168,0.0244881,0.0174101,0.0150595,0.014368,0.0124535,
0.0140369,0.0180461,0.0188625,0.02033,0.0219007,0.02234,0.023017,0.0236684,0.0237136,0.0233609,0.0223022,0.0217119,0.0197059,0.0186096,0.0170485,0.0132725,
0.0095655,0.0154487,0.0175347,0.0195772,0.021729,0.0228321,0.0238065,0.0249734,0.0251319,0.0245778,0.0235294,0.0222844,0.0197146,0.0176464,0.0158034,0.0100011,
0.0126124,0.0165858,0.0173824,0.0184616,0.020299,0.0210521,0.0218532,0.0226878,0.0222064,0.022079,0.0214967,0.0209142,0.0191777,0.0178626,0.0171877,0.0125898,
0.0128983,0.0186746,0.0212771,0.0273353,0.0391225,0.0417332,0.0431429,0.0440554,0.0437083,0.0429752,0.0415183,0.039059,0.0282415,0.0215469,0.0181771,0.0135956,
0.013104,0.020392,0.0215725,0.0224872,0.0226802,0.0233987,0.0237442,0.0243472,0.0240125,0.0239253,0.0235994,0.0228372,0.0224288,0.0224957,0.0215332,0.0135134,
0.0149751,0.0192375,0.0221608,0.0275495,0.0374052,0.0408887,0.0421229,0.0434109,0.043513,0.0421215,0.0407445,0.0379176,0.0271412,0.0208659,0.0186431,0.0131484,
0.0095702,0.0191607,0.0230151,0.0275539,0.0356999,0.0383075,0.0403008,0.0414716,0.0416838,0.0408201,0.0391571,0.0370778,0.0283009,0.0228331,0.0186792,0.0104947,
0.0099588,0.0145975,0.0178772,0.0234144,0.0325732,0.0353378,0.0374626,0.0396173,0.0399172,0.0380408,0.0356748,0.0325777,0.0234409,0.0174255,0.0136066,0.0104784,
0.0034254,0.0090971,0.0173795,0.0348021,0.0427211,0.0419074,0.042606,0.0448953,0.0446028,0.0429848,0.0425864,0.0445022,0.0369519,0.0182595,0.0113628,0.0018717,
0.0090403,0.0154025,0.0172435,0.0203237,0.0290848,0.0327974,0.0351303,0.0365607,0.0365662,0.0354652,0.0333405,0.0296471,0.0214019,0.0186106,0.0166969,0.0110307,
0.0151112,0.0185324,0.0199631,0.0217872,0.025571,0.0266808,0.0278148,0.0286618,0.0285688,0.0279386,0.0270708,0.0254363,0.0218377,0.0198505,0.0186771,0.0149984,
0.0088181,0.0182768,0.0207584,0.0247651,0.027658,0.0296523,0.030871,0.0326555,0.0328235,0.0312018,0.0297245,0.02798,0.0251008,0.0211315,0.0175086,0.0094857,
0.0147321,0.017908,0.0185861,0.0210533,0.0243567,0.0249796,0.0260403,0.0267112,0.0259324,0.0250005,0.0238696,0.0225966,0.0194563,0.017571,0.0163141,0.0124957,
0.0109012,0.0138553,0.0154429,0.0201055,0.0260824,0.0279511,0.0292849,0.0300137,0.0299127,0.028604,0.0273805,0.0257032,0.0196756,0.0153171,0.0130977,0.0111132,
0.011441,0.0177889,0.0214885,0.0258311,0.0310319,0.0320554,0.0324208,0.0333716,0.0331984,0.0330696,0.0319864,0.031079,0.0265088,0.0221078,0.0186112,0.0114031,
0.0120585,0.0163782,0.0180996,0.0200124,0.0222379,0.0237949,0.0244975,0.0253206,0.0249671,0.0244357,0.0235706,0.0232233,0.0212523,0.0199526,0.0186376,0.0123358,
0.0104588,0.0176977,0.0199615,0.0235984,0.0292638,0.0312442,0.0326666,0.0341394,0.0336,0.0322282,0.0305992,0.027822,0.0216661,0.0185701,0.0169946,0.0090427,
0.0049554,0.0153793,0.0234819,0.0365591,0.0444379,0.0435129,0.044473,0.0460083,0.046061,0.0452184,0.0456784,0.0480712,0.0412064,0.0267578,0.0180052,0.0054178,
0.0133431,0.0205539,0.0233945,0.0259564,0.0299265,0.0344397,0.0382498,0.0414856,0.0417432,0.0393552,0.0355232,0.0303908,0.0252646,0.024047,0.020604,0.0113501,
0.0050062,0.0168905,0.0231844,0.0293429,0.0411826,0.0468289,0.0504851,0.0533066,0.0532578,0.0504593,0.0472071,0.0418911,0.0307324,0.0247971,0.0171422,0.0057849,
0.0130023,0.0176058,0.019207,0.0220064,0.0244432,0.0253318,0.0258355,0.0266299,0.0265901,0.025963,0.0254106,0.0245316,0.022043,0.0197448,0.0181568,0.0132665,
0.0110349,0.0196238,0.0232781,0.027213,0.0287321,0.0290967,0.0300292,0.0305896,0.0303696,0.0293091,0.0284868,0.0274444,0.0260632,0.0220128,0.0183732,0.0108744,
0.0125523,0.013308,0.0134668,0.0141978,0.015001,0.0151202,0.0152101,0.0158214,0.0158538,0.0157044,0.0149189,0.0148116,0.0140916,0.0139069,0.013812,0.013376,
0.0072241,0.0175105,0.0196908,0.0199517,0.0301768,0.0347435,0.0373328,0.0383983,0.0387287,0.0376015,0.0350844,0.029476,0.0192928,0.0187646,0.01738,0.0079893,
0.0106709,0.0159119,0.0172207,0.0182036,0.0184389,0.0188006,0.0192881,0.0196619,0.0196355,0.0193966,0.0187181,0.0180082,0.0170795,0.0164823,0.0156546,0.010445,
0.0140444,0.0203725,0.0223121,0.0248738,0.0317825,0.0337316,0.0346858,0.0361856,0.0358996,0.0345956,0.0330556,0.0309165,0.024256,0.0216542,0.0198529,0.0123598,
0.0131436,0.0183636,0.019926,0.0226126,0.0291455,0.032533,0.0345667,0.0370199,0.0370179,0.0346752,0.0323817,0.0297379,0.0223873,0.0195614,0.0176438,0.0119295,
0.0158651,0.0205415,0.0217382,0.0221018,0.0224329,0.0227233,0.023406,0.0238443,0.0237929,0.0231703,0.0225749,0.0221287,0.0214217,0.0209344,0.0196685,0.0152567,
0.0122002,0.0190186,0.0222568,0.0279346,0.0367966,0.0390039,0.0400643,0.0414977,0.0412036,0.0399511,0.0387195,0.0362831,0.0281714,0.0227185,0.0190834,0.0107616,
0.0145736,0.0176249,0.0205082,0.023796,0.0333871,0.0383853,0.0418638,0.0452718,0.0451334,0.0417421,0.0378085,0.0331946,0.0221331,0.0189793,0.0168265,0.0124828,
0.0096143,0.0185019,0.0198037,0.020107,0.0258669,0.0302324,0.0336098,0.0364329,0.03633,0.0334683,0.0298956,0.0252116,0.0202446,0.0208455,0.0189488,0.0109756,
0.0128149,0.0117599,0.0120693,0.0124992,0.0156725,0.0181343,0.0203436,0.0224874,0.0219677,0.019367,0.0178414,0.0161363,0.0127676,0.0120042,0.0122218,0.0124199,
0.0089598,0.0115589,0.0127147,0.0182361,0.0338547,0.0405422,0.0457642,0.0496878,0.0494298,0.0454376,0.0410442,0.0348411,0.0188669,0.0134566,0.0121035,0.0092104,
0.0110072,0.0176064,0.021393,0.0256126,0.0367262,0.041415,0.0442569,0.0466256,0.0465342,0.0438985,0.0411315,0.0360949,0.0248679,0.0201197,0.0168009,0.009536,
0.0004395,0.0031826,0.0072446,0.0203357,0.036317,0.0357735,0.0352758,0.0362616,0.035836,0.0344487,0.0347483,0.0353242,0.0197048,0.0073797,0.0035528,0.0026115,
0.0074028,0.0166708,0.020627,0.0262725,0.0294005,0.0289892,0.0288758,0.0294963,0.0293242,0.0286324,0.0282802,0.0284755,0.0241024,0.0187971,0.0153606,0.0062738,
0.0131242,0.0164779,0.0174881,0.0183524,0.0203875,0.0210485,0.0216478,0.0219974,0.0220349,0.0214103,0.0210173,0.0202937,0.0185531,0.0172289,0.0164367,0.0127857,
0.0127565,0.0166054,0.0179011,0.0203013,0.0263346,0.0280914,0.0289986,0.0300357,0.0295333,0.0290216,0.0276785,0.0263382,0.0203169,0.0180626,0.0171554,0.0125026,
0.0163483,0.0256939,0.0282936,0.0332073,0.0403343,0.0422781,0.0436932,0.0452157,0.0456441,0.0442577,0.0424696,0.0401189,0.0313234,0.0275633,0.0247459,0.0173895,
0.0141542,0.0184853,0.020792,0.0252111,0.0349805,0.039373,0.0427457,0.0452463,0.0454969,0.0427411,0.0392482,0.0344348,0.0231925,0.0192599,0.0172566,0.0128484,
0.010679,0.0162575,0.0183154,0.0233954,0.0372703,0.0418605,0.0450831,0.0475434,0.0474674,0.0450605,0.0421468,0.0377824,0.0242184,0.0194925,0.0167896,0.010524,
0.0105281,0.0190776,0.0213574,0.0244055,0.0302625,0.0330743,0.0354569,0.0372977,0.0377882,0.0356967,0.0333574,0.0305708,0.0232783,0.0206532,0.0183351,0.0098448,
0.0093793,0.0115729,0.0117957,0.0159815,0.0316301,0.038118,0.0432074,0.0472018,0.0462026,0.043084,0.0373693,0.0321448,0.0157567,0.0115779,0.0103328,0.0081068,
0.0113995,0.0175449,0.0197692,0.0229237,0.0304158,0.0337393,0.035974,0.0383715,0.0386671,0.0369843,0.0347261,0.0318072,0.0244682,0.0212632,0.0186685,0.0117926,
0.006144,0.0147217,0.0178303,0.0218274,0.0255635,0.027725,0.0292323,0.0300985,0.0301764,0.0290891,0.0278257,0.0260847,0.022245,0.0187662,0.0142937,0.0059361,
0.0151083,0.0128901,0.0115884,0.0095164,0.0079019,0.0073899,0.0077525,0.0079119,0.0079133,0.0078116,0.0075008,0.0078285,0.0092081,0.0112144,0.0124271,0.0138969,
0.0149835,0.0224389,0.0249775,0.0298434,0.037127,0.0399146,0.0415033,0.0428842,0.0430391,0.0413384,0.039661,0.0371291,0.0292836,0.0253535,0.0220452,0.0146898,
0.0149996,0.0183119,0.0181761,0.0174558,0.0170245,0.017285,0.0172924,0.0184408,0.0181646,0.0175805,0.0175819,0.0169044,0.0161026,0.0169667,0.0169085,0.0134823,
0.0002724,0.0088469,0.0143679,0.0241631,0.032084,0.0325505,0.0337704,0.035011,0.034804,0.03348,0.0322158,0.031289,0.0237164,0.0133395,0.0075344,0.0028342,
0.0106318,0.0180547,0.0205303,0.0254556,0.0350452,0.0380789,0.0399979,0.0416658,0.0416174,0.0399203,0.0380963,0.0352241,0.025142,0.0205931,0.0182897,0.0109751,
0.0019629,0.0071502,0.0149571,0.0276737,0.034961,0.0359761,0.0370645,0.039518,0.0396859,0.03801,0.0371206,0.0372796,0.0299963,0.0161427,0.0077998,0.0008536,
0.0197872,0.0265846,0.0283573,0.0310129,0.0449481,0.0517729,0.0559734,0.0593333,0.0597259,0.0563402,0.0517974,0.0462007,0.0314881,0.0284112,0.0265411,0.0182118,
0.0090453,0.0157255,0.0186758,0.024173,0.03456,0.0375909,0.0398655,0.041075,0.0406927,0.0390687,0.0366694,0.0333926,0.0234122,0.0172242,0.0137969,0.0084357,
0.0033871,0.0085932,0.0135619,0.0250138,0.0324708,0.0313263,0.0314196,0.0324924,0.0325729,0.0321373,0.0321665,0.0331051,0.0248929,0.0138212,0.0087835,0.0025355,
0.0153713,0.0141544,0.0129927,0.0110862,0.0099983,0.0103616,0.0103628,0.0114012,0.0108887,0.0106465,0.010791,0.0106555,0.0115112,0.0137292,0.0142544,0.0163631,
0.0136609,0.0156864,0.0168736,0.0183358,0.0205669,0.0214388,0.0217113,0.022151,0.0222478,0.0218218,0.0214142,0.0207985,0.0186111,0.0172796,0.0163932,0.0141083,
0.0151332,0.0223908,0.0249178,0.0298733,0.0351312,0.0364069,0.0374832,0.0378153,0.0383344,0.0376023,0.0368012,0.0354944,0.0302213,0.0256239,0.0207825,0.016027,
0.0106742,0.0133866,0.0150331,0.0189984,0.0287854,0.0319591,0.0335376,0.0344036,0.0346276,0.0332421,0.0320787,0.0288912,0.0190962,0.0157055,0.013851,0.0125697,
0.0098143,0.016328,0.0185458,0.0213129,0.0256758,0.0271771,0.0282372,0.0295719,0.0295179,0.0287142,0.0273548,0.0259848,0.0216343,0.0189495,0.0166426,0.0094704,
0.0058543,0.0135156,0.0174737,0.02297,0.0340053,0.037445,0.039808,0.0418596,0.0414215,0.0393492,0.0369827,0.033733,0.022855,0.0178338,0.0149695,0.0072406,
0.0111937,0.0157644,0.0168049,0.0189109,0.0199088,0.0201997,0.0207891,0.021273,0.021046,0.0209712,0.0201909,0.0205326,0.0185716,0.0166129,0.0153014,0.0107777,
0.0117089,0.0163124,0.0184102,0.0223026,0.0288424,0.0313323,0.0331047,0.0344632,0.0342435,0.0328835,0.0315446,0.0287087,0.0214338,0.0177511,0.0158755,0.0114297,
0.0108589,0.0199731,0.0216247,0.024481,0.0275105,0.0290477,0.0297543,0.0308037,0.0311691,0.0297982,0.0285394,0.0277859,0.0250954,0.0224844,0.0211101,0.0110854,
-9.49e-05,0.0034645,0.0081518,0.0173859,0.0356794,0.0369217,0.0367893,0.0365408,0.036593,0.0370033,0.0374505,0.0366295,0.0178966,0.0084176,0.0027672,-0.0010874,
0.0075899,0.0149669,0.0221087,0.0314062,0.0390796,0.0392675,0.0408411,0.0414269,0.0420462,0.0415091,0.0412348,0.040919,0.0346524,0.0241448,0.0166274,0.0050529,
0.0132824,0.0151524,0.0166661,0.0203164,0.0262715,0.028049,0.0291427,0.0303048,0.0303438,0.0292351,0.0278779,0.0257813,0.0190615,0.0158114,0.0143824,0.0113528,
0.0169922,0.0161287,0.0155199,0.014435,0.0146462,0.0153301,0.0154221,0.0158502,0.0159266,0.0153813,0.0154093,0.0146984,0.0143316,0.0153055,0.0162038,0.0169937,
0.0129126,0.0085366,0.0075728,0.0066541,0.0060164,0.0064852,0.006815,0.0067542,0.00633,0.0071193,0.0064843,0.0060927,0.0070369,0.00802,0.0091299,0.0137231,
0.0086641,0.0138169,0.0186278,0.0265883,0.0397808,0.0441401,0.0470025,0.0495022,0.0497787,0.0470868,0.0440963,0.039915,0.0267817,0.0179868,0.0137167,0.0090143,
0.0103187,0.0102217,0.0126803,0.0185539,0.0303631,0.0342387,0.0361488,0.037856,0.0379672,0.0365941,0.0346108,0.0311121,0.018851,0.0128871,0.0103836,0.0110013,
0.0121783,0.0155125,0.0175509,0.0213486,0.0284116,0.0305887,0.0319227,0.0331566,0.0329931,0.0319988,0.0306027,0.0285218,0.0215404,0.0175305,0.01587,0.0124206,
0.0116778,0.012994,0.0142525,0.0175039,0.023321,0.0249142,0.026071,0.0265928,0.0265211,0.0258709,0.0246759,0.0230049,0.0170375,0.0140378,0.0126454,0.0115088,
0.0080294,0.0213201,0.0269889,0.032257,0.0376405,0.040148,0.0429045,0.0460452,0.0458868,0.043234,0.0410796,0.038362,0.0343422,0.0276863,0.0215941,0.0076923,
0.0074213,0.0177923,0.0205874,0.0245188,0.0318468,0.0345191,0.0360775,0.037362,0.0374415,0.036364,0.0345921,0.0319261,0.0249368,0.0208284,0.0170946,0.0067228,
0.011003,0.0170715,0.0193652,0.0250007,0.036066,0.0399853,0.0425975,0.0445569,0.0444198,0.0423475,0.0397363,0.0358195,0.0247909,0.0200214,0.0170868,0.0103413,
0.0029156,0.0122925,0.0207553,0.0330808,0.0332499,0.0353241,0.0377573,0.0400754,0.0397936,0.037183,0.0343249,0.0317186,0.0318206,0.0200002,0.0116366,0.0043503,
0.0108738,0.0150442,0.0161644,0.0192344,0.0234839,0.0252301,0.0267246,0.0276513,0.0278322,0.0263709,0.0252818,0.0234552,0.0195994,0.0170125,0.0152748,0.0119577,
0.0147447,0.0199888,0.0205897,0.020963,0.0211091,0.0221114,0.0224556,0.0232918,0.0226095,0.0223766,0.0220081,0.0215171,0.0208201,0.0203671,0.0197337,0.0152486,
0.0090609,0.0142703,0.0162423,0.0195642,0.0243839,0.026227,0.0277213,0.0284315,0.0284216,0.027389,0.0260051,0.0243345,0.0193584,0.0163599,0.0141671,0.0092073,
0.010628,0.0137689,0.0159428,0.019081,0.0237375,0.0252917,0.026462,0.0270652,0.0274815,0.0264402,0.0253789,0.0239831,0.0191066,0.0160308,0.0140537,0.0110356,
0.0111717,0.0142877,0.0158901,0.0169546,0.0265091,0.032918,0.0377347,0.0416829,0.0416499,0.0374568,0.03229,0.0253063,0.0164567,0.0161997,0.0147867,0.0117976,
0.0121411,0.0160329,0.0177119,0.0199445,0.0234603,0.0246799,0.0258228,0.0267123,0.0266337,0.0259758,0.0249802,0.0236875,0.0202021,0.0178755,0.016738,0.0128425,
0.0064166,0.0174122,0.022936,0.0301457,0.03354,0.0337296,0.0342945,0.0350835,0.0350613,0.0340645,0.0331605,0.0325251,0.0282179,0.0209843,0.016144,0.0068857,
0.0155114,0.0214252,0.0236032,0.0289862,0.0383948,0.0411728,0.0426698,0.0444744,0.0445047,0.0428777,0.0411727,0.0381512,0.0285008,0.0236701,0.0206273,0.0148654,
0.0132762,0.0174981,0.0196856,0.0240548,0.0332493,0.0367037,0.0388234,0.0406961,0.040553,0.0382661,0.0358086,0.0325091,0.0233028,0.0187277,0.0163871,0.0126066,
0.0071853,0.0168506,0.0215534,0.0281054,0.0349859,0.0369294,0.0386397,0.0398905,0.0401923,0.0378921,0.0360999,0.0342715,0.0283271,0.0205836,0.014468,0.0057032,
0.0092661,0.0153406,0.0171716,0.0214606,0.0329196,0.0362123,0.037933,0.038799,0.0387411,0.0378794,0.0361466,0.0332751,0.0229866,0.0194549,0.0178442,0.0102935,
0.0110802,0.0164488,0.0194204,0.023523,0.0326653,0.0361446,0.0385554,0.040534,0.040574,0.0382722,0.0357811,0.0322865,0.0233265,0.01889,0.0168866,0.0105684,
0.01302,0.0127452,0.0124845,0.0122777,0.0124104,0.0126295,0.0127523,0.0130704,0.0129298,0.012822,0.0124843,0.012216,0.0125158,0.0128786,0.0127916,0.0132305,
0.0127954,0.0184826,0.0202442,0.022444,0.0259147,0.0274524,0.02846,0.0295189,0.0293637,0.0284711,0.02748,0.0261536,0.0229137,0.0209143,0.0191806,0.0125537,
0.0142013,0.0310849,0.0362972,0.041316,0.0505193,0.0558191,0.060399,0.0640765,0.0642162,0.0606415,0.0566199,0.0515035,0.0425761,0.0373941,0.0321003,0.014477,
0.0112603,0.0177817,0.0197954,0.022622,0.0268987,0.0283793,0.0294013,0.0303708,0.0304761,0.0296137,0.028635,0.0274607,0.0235442,0.0206191,0.0186758,0.0120405,
0.0105616,0.0127417,0.0143446,0.0199566,0.0226195,0.0168449,0.0136088,0.0128823,0.0127201,0.012603,0.015421,0.020436,0.0185525,0.0137618,0.012337,0.0099198,
0.0091125,0.0143696,0.0179979,0.0240504,0.0360698,0.0400443,0.0426329,0.0445798,0.0446891,0.0426264,0.0401428,0.0361037,0.0241782,0.0171163,0.0140796,0.0095338,
0.0123599,0.0179939,0.0200427,0.0232501,0.0284123,0.0296915,0.0307294,0.0316082,0.0315072,0.0307267,0.0297891,0.0281699,0.0229336,0.0198905,0.0176629,0.0117262,
0.0124795,0.0152065,0.0166454,0.0187441,0.0224461,0.024006,0.0253298,0.0261902,0.0262594,0.0251801,0.0241036,0.0226586,0.0186009,0.0170369,0.0159492,0.0138669,
0.011911,0.0149909,0.016554,0.021542,0.0343708,0.0385692,0.0414945,0.0438368,0.0437898,0.0415327,0.0387661,0.0343928,0.0217534,0.0161454,0.0137579,0.0116316,
0.0119025,0.0081678,0.0095358,0.015291,0.0318323,0.0364555,0.0384081,0.0398208,0.0396833,0.0382035,0.0358242,0.031736,0.0158509,0.0088042,0.0083199,0.0119622,
0.0084929,0.0135075,0.0157999,0.0206778,0.0303554,0.0379803,0.0337806,0.0351001,0.0350942,0.0338765,0.0322151,0.029619,0.021003,0.0161693,0.0136441,0.0090164,
0.0002405,0.0037094,0.0104624,0.0234576,0.0358222,0.0353096,0.036342,0.038132,0.0380149,0.0361471,0.0348592,0.0350973,0.0223004,0.009923,0.0036896,0.0006851,
0.0133078,0.018931,0.0206025,0.0226302,0.0254629,0.0251195,0.0248379,0.0251577,0.0249446,0.0247899,0.0256437,0.0265586,0.0227617,0.0200584,0.0185828,0.0143734,
0.0115813,0.0156793,0.018371,0.0232915,0.0311788,0.0335017,0.0347998,0.0358807,0.0358592,0.0348814,0.0336713,0.0316277,0.0234531,0.0186091,0.0159479,0.011686,
0.0133087,0.0206451,0.0223433,0.025233,0.0341845,0.0379379,0.0404959,0.0427089,0.0427649,0.0406191,0.0379254,0.0342197,0.0248751,0.0221317,0.02031,0.0135257,
0.0118466,0.0169939,0.0181594,0.0232286,0.0378201,0.0423431,0.0444856,0.04576,0.0455747,0.0441839,0.0422338,0.037807,0.0222163,0.0179319,0.0167156,0.0111424,
0.0112646,0.0145055,0.0167231,0.0209892,0.0262784,0.0278836,0.0289398,0.029827,0.0296776,0.0287862,0.0275811,0.0257666,0.0199847,0.0165195,0.0143225,0.0109707,
0.007665,0.0152463,0.0184685,0.0229759,0.0282918,0.0300845,0.0315858,0.0329918,0.0328972,0.0316738,0.0303373,0.0285828,0.0233663,0.0185469,0.0152327,0.0072932,
0.013555,0.0163674,0.0177756,0.0201537,0.0239674,0.0250039,0.0256923,0.0264641,0.0264255,0.0257427,0.0250578,0.0239587,0.0203319,0.0179067,0.0168448,0.0143945,
0.0120437,0.0168539,0.0184071,0.0216728,0.029914,0.0323915,0.033542,0.0347582,0.0346673,0.0340755,0.0325884,0.0304593,0.0225636,0.0197964,0.0179284,0.0120654,
0.0059566,0.0158808,0.0230058,0.0288045,0.0314749,0.0327056,0.0340488,0.0350651,0.0351424,0.0339635,0.0326852,0.0313793,0.0288467,0.0232605,0.016019,0.0032774,
0.0067987,0.0173325,0.0204113,0.0230862,0.0286437,0.0314012,0.0336682,0.0352831,0.0353898,0.0334402,0.0313545,0.0286224,0.0236703,0.0206574,0.0174293,0.0066799,
0.0137046,0.0141032,0.0142861,0.0139134,0.0142536,0.0143886,0.0146931,0.0151347,0.0150193,0.0146696,0.0143625,0.0139581,0.0136132,0.0139969,0.0140833,0.0133037,
0.0107904,0.0134861,0.0142477,0.0172688,0.0234973,0.0217439,0.0191609,0.0178067,0.0178608,0.0190427,0.0208312,0.0219777,0.0168978,0.0142841,0.0135445,0.0113847,
0.0106019,0.0219939,0.0252686,0.0283498,0.0363011,0.0388467,0.0403372,0.0413445,0.0413515,0.040173,0.0387902,0.0362488,0.0284236,0.0246264,0.0214922,0.0100311,
0.0106921,0.0117881,0.0129096,0.0174405,0.0320515,0.0376689,0.0412112,0.0441891,0.0441857,0.0412408,0.0374586,0.0319139,0.016777,0.0130566,0.011471,0.0104697,
0.0111212,0.0182786,0.0207364,0.0239726,0.030733,0.0344068,0.0375267,0.040393,0.040392,0.0378337,0.0349182,0.0312585,0.0252616,0.0213064,0.0186598,0.0116502,
0.0138971,0.0183586,0.0197994,0.0219569,0.0257067,0.0265669,0.0273766,0.0279542,0.0277756,0.0274709,0.0263853,0.0255387,0.0219305,0.0198802,0.0183218,0.0138429,
0.0044233,0.014086,0.0200769,0.0298196,0.0303883,0.0322513,0.0365275,0.0416831,0.0417509,0.0367856,0.0327314,0.0305675,0.0273791,0.0194556,0.0117069,0.0046292,
0.0132857,0.0189836,0.02111,0.0237304,0.0266703,0.0280419,0.0287845,0.0297017,0.0293465,0.0286293,0.0277193,0.0264482,0.0235522,0.0207604,0.0188641,0.0135692,
0.0092532,0.0145531,0.0168327,0.018943,0.0237137,0.0253895,0.0270356,0.0281718,0.0279621,0.0264191,0.0246114,0.0226225,0.0184901,0.016682,0.0148413,0.0089677,
0.0113277,0.0137937,0.0158895,0.0211192,0.0311984,0.0338574,0.035277,0.0364163,0.0363726,0.0356603,0.0341511,0.0316573,0.0218715,0.0162455,0.0139926,0.0116632,
0.0135552,0.0182252,0.0192483,0.0220249,0.0271712,0.0291101,0.0303175,0.0313473,0.0312431,0.030032,0.029023,0.0273366,0.0220748,0.0197981,0.0186498,0.0137881,
0.0102626,0.0157648,0.0184328,0.0223156,0.0314114,0.0351348,0.0378484,0.0401776,0.0402101,0.037969,0.0354578,0.0318412,0.0228372,0.0185456,0.0154264,0.0101744,
0.0022174,0.0063065,0.0120393,0.0194408,0.0291877,0.0315548,0.0334722,0.0349802,0.0348107,0.0334136,0.0311231,0.0282843,0.0195512,0.0111541,0.0058397,0.0014776,
0.0018218,0.0075031,0.0116071,0.0213509,0.0333068,0.0346249,0.0354274,0.036417,0.0358215,0.0341369,0.0329966,0.0318337,0.021028,0.012246,0.0064006,0.0017882,
0.0055418,0.0168379,0.0236317,0.0335555,0.0379736,0.037712,0.0382456,0.0396656,0.0400737,0.0386415,0.038209,0.0388562,0.0346807,0.0240901,0.0173198,0.0065077,
0.0037212,0.0119757,0.021306,0.0355166,0.0367704,0.0398728,0.0450925,0.0506294,0.0504862,0.0444968,0.0392451,0.0358762,0.0349358,0.0213868,0.0124294,0.0020792,
0.0107485,0.0182149,0.0202938,0.0230206,0.0277084,0.0297685,0.0307974,0.0319484,0.032002,0.0310929,0.0298145,0.0279052,0.0232281,0.0201897,0.0179307,0.0110301,
0.0127407,0.0180627,0.0209361,0.0260414,0.0358004,0.0389874,0.0413197,0.0433288,0.0433655,0.0416436,0.0393629,0.035901,0.0257709,0.0200438,0.0178072,0.013258,
0.0112471,0.0155574,0.017247,0.0233294,0.0354416,0.0388583,0.0413156,0.0432782,0.0431423,0.0413542,0.0391074,0.0352412,0.0223592,0.0171398,0.0144298,0.0112334,
0.013809,0.0158459,0.0160798,0.0165746,0.0170027,0.0173914,0.0178547,0.0184928,0.0183224,0.0180089,0.0177675,0.0169628,0.0165501,0.0161417,0.0155302,0.0134977,
0.010967,0.0170037,0.0193962,0.024498,0.0374076,0.0424582,0.0463396,0.0494111,0.0495207,0.0461853,0.042609,0.0374222,0.0246786,0.0198049,0.0172436,0.0113421,
0.0108555,0.0127566,0.0149654,0.0174084,0.030366,0.0366904,0.0409046,0.0447654,0.0448895,0.0412192,0.0370583,0.0308328,0.0184278,0.0143827,0.0131501,0.01086,
0.0085287,0.0154579,0.0175636,0.0208774,0.0285348,0.0315521,0.0336072,0.0354118,0.0356213,0.0340311,0.0320141,0.0291431,0.0216474,0.0179988,0.015549,0.0087088,
0.0075412,0.0158259,0.0186495,0.0217819,0.0256832,0.0273714,0.0285749,0.0295352,0.0295422,0.0285868,0.0273324,0.0258906,0.0222067,0.0185695,0.0156722,0.0073656,
0.0093746,0.0192559,0.0224797,0.0262218,0.0349306,0.0381009,0.0403315,0.0416651,0.042202,0.0407451,0.0386569,0.0355024,0.0275197,0.0236919,0.0204231,0.0097088,
0.013239,0.016563,0.0173426,0.0177881,0.0181379,0.0188515,0.0188472,0.0191306,0.0190193,0.0186588,0.0184172,0.0179828,0.017374,0.0167782,0.0158017,0.0130597,
0.0149618,0.0176705,0.0187698,0.0210564,0.0239818,0.0250061,0.0257239,0.0263007,0.026188,0.0255974,0.0246225,0.0234145,0.0197231,0.0181564,0.0172411,0.0152432,
0.0113926,0.01631,0.0188616,0.021768,0.0305305,0.0351695,0.0384941,0.0419543,0.0423021,0.039348,0.0362146,0.0317437,0.02348,0.0206216,0.0178757,0.0113348,
0.0105837,0.0151804,0.0177136,0.0235783,0.0369273,0.0408316,0.0432267,0.0448982,0.0450238,0.0433531,0.0413063,0.0372921,0.0238355,0.0184342,0.0159264,0.0098027,
0.0061059,0.0136057,0.0183316,0.023916,0.0312239,0.0345384,0.0367144,0.0381467,0.0382004,0.0367303,0.0346855,0.0315047,0.0237497,0.0178847,0.0138028,0.0062373,
0.014603,0.0139095,0.0134436,0.0128954,0.0129488,0.0133169,0.013779,0.0138823,0.0139803,0.0136826,0.0133872,0.0130565,0.0129254,0.0134007,0.0140749,0.0147106,
0.0141229,0.0202438,0.0215643,0.0256415,0.0360688,0.039441,0.041597,0.0428812,0.042907,0.0415362,0.0397182,0.0361966,0.0259129,0.0218774,0.0201193,0.0143655,
0.0133071,0.0200863,0.0226165,0.0266564,0.0334346,0.035507,0.0370633,0.0384848,0.0385408,0.0371889,0.0356366,0.0335982,0.0273297,0.0231833,0.0205608,0.0127365,
0.0131919,0.0147877,0.0155513,0.0168825,0.0205904,0.0224967,0.0240542,0.0255234,0.025599,0.0243024,0.0227202,0.020878,0.017312,0.0162684,0.0156666,0.0139957,
0.012187,0.0215969,0.0243491,0.027682,0.0317544,0.0330147,0.0340871,0.0349736,0.0347559,0.0338312,0.0328313,0.0312349,0.0270878,0.0241625,0.0216322,0.0128725,
0.0127713,0.0187243,0.0200896,0.0222857,0.0271284,0.0290412,0.030136,0.031284,0.0313263,0.0303047,0.0288312,0.0271518,0.0220211,0.0198079,0.0183765,0.0114885,
0.0128617,0.0168201,0.0181733,0.0198291,0.0221939,0.0226476,0.023403,0.0238676,0.0237635,0.0233234,0.0227059,0.0218762,0.0198869,0.018056,0.0170546,0.0133221,
0.0136994,0.0119442,0.011622,0.0109289,0.0103616,0.0104591,0.0108517,0.0111184,0.0110017,0.0108148,0.0105952,0.0102082,0.0112127,0.0119652,0.0126677,0.0145001,
0.014171,0.018454,0.0192626,0.0199464,0.0206331,0.0211047,0.0213749,0.0221426,0.0220351,0.0217008,0.0212951,0.0207046,0.0204647,0.0198409,0.0191227,0.0150889,
0.015126,0.0172848,0.0176583,0.018034,0.0188569,0.0192879,0.0195832,0.0200415,0.02006,0.0195926,0.0193021,0.0188373,0.0181347,0.0176705,0.0178031,0.0159147,
0.0062408,0.0167946,0.0208004,0.0255178,0.0324552,0.035368,0.0373428,0.039034,0.0387162,0.0371292,0.0346692,0.0320142,0.0252062,0.0205702,0.0162416,0.0057417,
0.0092311,0.0188934,0.0220644,0.0268212,0.037631,0.0446752,0.0498033,0.0540039,0.0539957,0.0497663,0.0445681,0.0375685,0.0273184,0.0225083,0.018264,0.0092425,
0.0134736,0.0155234,0.0155231,0.0147832,0.0147161,0.0151356,0.0156061,0.01595,0.0158161,0.0155071,0.0153556,0.0146763,0.0146798,0.0151099,0.0153629,0.0129205,
0.0095993,0.0173436,0.0204722,0.0239043,0.0280364,0.0294392,0.0306524,0.0314304,0.0317638,0.0309689,0.0297471,0.0283474,0.024436,0.0207395,0.0182642,0.0106407,
0.0125548,0.0109896,0.011061,0.0120306,0.0118029,0.0160102,0.0237417,0.0338255,0.0416626,0.0311475,0.0385291,0.0779112,0.0120823,0.0107368,0.0109359,0.0106143,
0.0017205,0.0092242,0.0167185,0.0326766,0.0397754,0.0372516,0.0369414,0.0377316,0.0375547,0.0366336,0.0363259,0.0384388,0.0311586,0.0156482,0.0093019,0.0010964,
0.0113866,0.0111856,0.0125679,0.018366,0.0319721,0.0365658,0.0394549,0.0419074,0.0421202,0.0396329,0.0364803,0.0315342,0.0178897,0.0130493,0.0108481,0.0109183,
0.0096845,0.0162154,0.0195445,0.0249754,0.0333023,0.0360252,0.0377072,0.0393514,0.0391211,0.0373695,0.0357404,0.0327307,0.0245154,0.0194889,0.0159974,0.0102001,
0.0049679,0.0148638,0.0200583,0.0245012,0.0272969,0.0296594,0.0316136,0.0333603,0.0335287,0.0319833,0.03005,0.0283208,0.0258324,0.0211299,0.0157735,0.0042661,
0.0126501,0.0175925,0.0202499,0.0227389,0.0276782,0.029475,0.0307956,0.0317257,0.0317437,0.030701,0.0294386,0.0277065,0.0229831,0.0196846,0.0177756,0.012584,
0.0116725,0.0151596,0.0164777,0.019119,0.0238893,0.0259555,0.0273056,0.0286216,0.0286157,0.0272973,0.0257297,0.0236428,0.0188082,0.0161164,0.0147395,0.0109276,
0.0126551,0.0169236,0.0185569,0.0208018,0.0242846,0.0254805,0.0266453,0.0272098,0.0271481,0.026656,0.0258846,0.0246766,0.0218717,0.0194195,0.017801,0.013696,
0.0134079,0.017025,0.0185263,0.0222235,0.0275174,0.0285316,0.0295272,0.0300735,0.0300961,0.0295943,0.0283858,0.0273212,0.0217494,0.0182624,0.0163419,0.0135469,
0.0127787,0.0179127,0.0209844,0.0261705,0.0359357,0.0391152,0.0411261,0.043097,0.0429848,0.0413172,0.0392857,0.0361346,0.0258912,0.0209501,0.018149,0.0119604,
0.0083907,0.0167062,0.0195885,0.0234059,0.0294536,0.0315589,0.0330763,0.03434,0.0342427,0.0333779,0.0322189,0.0299933,0.0240889,0.0199414,0.0171865,0.0096378,
0.0119019,0.0198718,0.0222877,0.0269883,0.0347693,0.0377208,0.0396605,0.0410729,0.0407565,0.0388036,0.036547,0.033587,0.026218,0.021492,0.0188589,0.010918,
0.0091545,0.018099,0.0224768,0.0266921,0.0362393,0.0420207,0.046927,0.0504165,0.0503563,0.046703,0.0420351,0.0357162,0.0266538,0.022428,0.0185195,0.0091355,
0.011782,0.0184705,0.0206155,0.0253675,0.033451,0.0352838,0.036142,0.0367837,0.036344,0.0354858,0.0345354,0.0323893,0.0244675,0.0197775,0.0178,0.0124304,
0.0094153,0.0185302,0.0208045,0.0231463,0.0293908,0.0326108,0.0351573,0.0371305,0.037153,0.0354801,0.0330766,0.0303548,0.0242295,0.0215426,0.0195607,0.0095035,
0.0125244,0.0156267,0.0168424,0.0201919,0.0268869,0.0290774,0.0304153,0.0318626,0.0320313,0.0310083,0.0296563,0.0274447,0.0203377,0.0167602,0.0152005,0.0128933,
0.0104377,0.0178617,0.0211474,0.0259416,0.0329873,0.0348579,0.0364278,0.0379321,0.0378043,0.0367707,0.0351929,0.0333026,0.0262652,0.0207944,0.0177235,0.0107753,
0.011081,0.0160372,0.018211,0.0208374,0.0250021,0.0268482,0.0278657,0.0287914,0.0289692,0.027866,0.0269048,0.0251473,0.0205784,0.0175734,0.016195,0.0115612,
0.0133019,0.0259473,0.0293876,0.0340876,0.0469912,0.0511018,0.0531322,0.0549033,0.0546577,0.0533809,0.0508694,0.0466038,0.0346187,0.0296872,0.0268724,0.0140396,
0.0047871,0.0176458,0.024358,0.0341013,0.0377112,0.0397104,0.0417643,0.0431426,0.0429841,0.0420427,0.0402332,0.0391399,0.0362241,0.0259479,0.0176882,0.0074632,
0.0046161,0.0167077,0.0239043,0.0338665,0.0365216,0.0358017,0.0362014,0.0383309,0.0383753,0.0368684,0.037049,0.0376528,0.0349593,0.025177,0.0180045,0.0038459,
0.0136347,0.0156011,0.0160459,0.0169847,0.0184993,0.0190795,0.0195461,0.0197673,0.0200167,0.0196721,0.0192335,0.0184475,0.0170406,0.0159134,0.0154239,0.0138105,
0.0153881,0.0163495,0.0171063,0.0177292,0.0332237,0.0387543,0.0416392,0.0431539,0.0431865,0.0417692,0.0390795,0.0331369,0.0164693,0.0150073,0.0163727,0.0154643,
0.0057246,0.0219233,0.0299261,0.0370901,0.0351142,0.0389171,0.0428844,0.0464923,0.046571,0.0427223,0.0378651,0.0336326,0.0347751,0.0287095,0.0208239,0.0058889,
0.0125154,0.0145632,0.0159487,0.0182892,0.0226028,0.0242223,0.0252601,0.0261488,0.0261468,0.0254143,0.0243543,0.0229553,0.0186534,0.0158266,0.0142186,0.0117254,
0.0083659,0.0116734,0.0136037,0.0181179,0.030038,0.0347363,0.0378572,0.0405154,0.0404628,0.0376783,0.0343977,0.0294949,0.0173118,0.0134083,0.0111821,0.0079266,
0.0121382,0.0123145,0.0123636,0.0124143,0.0143017,0.0160371,0.0173057,0.0191051,0.0193718,0.0176992,0.0160993,0.0143919,0.0127845,0.0125158,0.0125745,0.0124536,
0.0131297,0.0166963,0.0177555,0.0203461,0.0348016,0.0412137,0.0450995,0.0482073,0.048255,0.0452006,0.0410356,0.0345992,0.0200567,0.017157,0.0167409,0.0138092,
0.013949,0.0189008,0.0203787,0.0218972,0.0249787,0.0258637,0.0266683,0.0271918,0.0274863,0.0262766,0.0256378,0.0244508,0.021968,0.0197817,0.0183987,0.0136955,
0.0123863,0.0167555,0.0201156,0.025901,0.0378047,0.0421348,0.0447564,0.0471213,0.0475195,0.0452903,0.0427263,0.038638,0.0254909,0.0195386,0.0165239,0.011953,
0.0023318,0.0105388,0.0176466,0.0309265,0.0358855,0.0371228,0.0387909,0.0404853,0.0405768,0.0391084,0.0377603,0.0364227,0.0313955,0.0186131,0.0108048,0.0017336,
0.0119731,0.0130153,0.0136128,0.0175971,0.0306899,0.0345711,0.0367288,0.0380337,0.0380395,0.0368567,0.0350854,0.0311742,0.0183529,0.0149669,0.0137698,0.0124249,
0.0084088,0.0168407,0.0212825,0.0288061,0.0343978,0.0359976,0.0380293,0.0407024,0.0410912,0.0390943,0.0377448,0.0369761,0.030641,0.0231044,0.0181295,0.0091025,
0.0101347,0.0159013,0.0178144,0.0218591,0.0323506,0.0355356,0.0382755,0.03909,0.0401357,0.0382758,0.0359793,0.0323856,0.0221006,0.0182891,0.0163917,0.0100972,
0.0118622,0.0169266,0.0190975,0.0237463,0.0339888,0.0365956,0.037963,0.0392534,0.0391472,0.0380237,0.0364457,0.0339765,0.0243673,0.0192434,0.017004,0.0128509,
0.0136681,0.0161472,0.0164289,0.0165354,0.0171545,0.0175279,0.018203,0.0184142,0.018717,0.0181437,0.0178066,0.0168198,0.0162006,0.0162939,0.0161718,0.0134103,
0.0140726,0.0122754,0.0117356,0.0120285,0.0133785,0.0138986,0.0148978,0.0156085,0.0156114,0.0150008,0.0137187,0.0130437,0.0119509,0.0122443,0.0124293,0.0142085,
0.0137539,0.0201793,0.0220604,0.024112,0.0318748,0.0352642,0.0375105,0.0397818,0.0399558,0.0378147,0.035181,0.031864,0.0239023,0.0211222,0.0190653,0.0137414,
0.0070258,0.0155398,0.0180697,0.0213435,0.0223243,0.0221961,0.0225417,0.0230658,0.0230461,0.0229018,0.0225532,0.0226967,0.0219596,0.019182,0.016558,0.0070778,
0.0124187,0.0076372,0.0090002,0.0132687,0.0270574,0.0314699,0.0340935,0.0356292,0.0357316,0.0342367,0.0317214,0.0273732,0.0133386,0.0086329,0.0076793,0.0108284,
0.0100431,0.0250612,0.0293586,0.0313179,0.0363383,0.0430405,0.048034,0.0525629,0.0524525,0.0474817,0.0423462,0.0355639,0.0300805,0.0285801,0.0246571,0.0106334,
0.0055183,0.0145153,0.0179987,0.0228034,0.0289253,0.0314002,0.0329572,0.0345488,0.0343654,0.0328866,0.0312061,0.0288659,0.0227861,0.0185545,0.0150678,0.006197,
0.0124494,0.0188313,0.0210383,0.0238052,0.0288874,0.0308297,0.0325551,0.0334011,0.0332474,0.0320724,0.0307674,0.0291352,0.0245201,0.0211856,0.019132,0.0125866,
0.0112442,0.0172297,0.0199355,0.023435,0.0285277,0.0300564,0.0311021,0.0320381,0.0322897,0.0311866,0.0303687,0.0286553,0.0238785,0.0201444,0.0174233,0.0114533,
0.0080498,0.0135033,0.0160345,0.0202038,0.0287012,0.0322018,0.0347575,0.037148,0.037363,0.0352506,0.0326227,0.029186,0.020814,0.0166712,0.0142279,0.00839,
0.0114932,0.0153395,0.0167203,0.0186945,0.0228759,0.0244983,0.0257704,0.0265206,0.0265533,0.0254718,0.0243168,0.0226198,0.0186501,0.016993,0.0157653,0.0127114,
0.012686,0.0166447,0.0186267,0.0220919,0.0263944,0.027642,0.0285856,0.029269,0.0292757,0.0286321,0.0274562,0.0263061,0.0219837,0.0186069,0.0168885,0.0125814,
0.0154349,0.0181633,0.0166609,0.0191741,0.0336522,0.0391315,0.0423109,0.0450327,0.0448829,0.0426915,0.0394398,0.0344966,0.0188784,0.0172961,0.0176986,0.0162457,
0.0118608,0.0160311,0.0168586,0.0174624,0.0187974,0.0196039,0.0202171,0.0205188,0.0207863,0.0203268,0.0196189,0.0190105,0.0173992,0.0163857,0.0158367,0.0117106,
0.0145831,0.0188668,0.0197428,0.0210646,0.0230077,0.0241694,0.0244057,0.0254824,0.025326,0.0248807,0.024469,0.0234018,0.0214608,0.0202094,0.0192173,0.0162041,
0.0098498,0.0201961,0.0232319,0.0275398,0.0321771,0.0344058,0.0363007,0.0380196,0.0380283,0.0363913,0.0341978,0.0317332,0.0267503,0.0229948,0.0198632,0.0090252,
0.0114887,0.0163227,0.0175585,0.0199953,0.023488,0.0249153,0.0260015,0.0267935,0.026964,0.0260533,0.0251563,0.0238448,0.0199478,0.0177286,0.0159486,0.0116932,
0.0055709,0.0169748,0.0209825,0.0263121,0.0326362,0.0345764,0.0362503,0.0376332,0.0374277,0.0363508,0.0353043,0.0332382,0.0270023,0.0221065,0.0173204,0.0069898,
0.002195,0.0071069,0.0100973,0.0193546,0.0339013,0.0339191,0.0341245,0.0361532,0.0368262,0.0358859,0.0358558,0.0354847,0.020309,0.0107199,0.0069556,0.0037191,
0.0074293,0.0176093,0.0217119,0.0278718,0.0341103,0.0358029,0.0371687,0.0383061,0.0381563,0.0367487,0.0350078,0.0330903,0.0271178,0.0212604,0.017042,0.0080216,
-0.0005395,0.0083986,0.0152331,0.0293154,0.0452498,0.0467123,0.0471913,0.0470764,0.0461718,0.0454339,0.0448142,0.0436159,0.0283501,0.0157503,0.0084016,0.001562,
0.0100654,0.0135298,0.0153673,0.0185773,0.0246327,0.0268708,0.0283738,0.0297528,0.0296762,0.0283832,0.0266496,0.0245718,0.0190279,0.0160797,0.0146831,0.0113254,
0.0099477,0.0180027,0.0204984,0.0230175,0.0270622,0.029065,0.0306651,0.031748,0.0317787,0.0303787,0.0283551,0.0266382,0.0227688,0.0200109,0.0176876,0.0094012,
0.0105092,0.0172122,0.0188754,0.020709,0.022941,0.0240478,0.0247662,0.0253465,0.0256298,0.0248026,0.0240484,0.0230722,0.0204772,0.0188364,0.0173788,0.0103725,
0.0108933,0.0156222,0.0178538,0.021871,0.0295661,0.0319021,0.0336172,0.0346039,0.0343336,0.0332052,0.0316307,0.0294996,0.021729,0.017796,0.0156067,0.0111102,
0.0116635,0.0146118,0.014051,0.0172532,0.0257906,0.0283259,0.0293168,0.0301286,0.0301278,0.0294651,0.0282839,0.0257088,0.0171922,0.0143147,0.0141966,0.0121517,
0.0130783,0.0168217,0.0183573,0.0216803,0.0287127,0.0313067,0.0330473,0.0345,0.0343049,0.032598,0.0306586,0.0278073,0.0209397,0.0178902,0.0164395,0.0127407,
0.0130874,0.0186602,0.0206773,0.0227858,0.0267352,0.0282643,0.0292695,0.0304211,0.0303897,0.0289587,0.0276298,0.0259699,0.0221404,0.0197929,0.0180102,0.0129817,
0.0103405,0.0139962,0.0158804,0.0199225,0.0287824,0.0313976,0.0332132,0.0344882,0.0347217,0.0335384,0.0319966,0.0293892,0.0206946,0.0166064,0.0147204,0.0108416,
0.0027109,0.0106859,0.0166102,0.0282402,0.036241,0.0395124,0.0431879,0.0469931,0.0470691,0.0430225,0.0393255,0.0359463,0.027532,0.0165073,0.0098327,0.0035402,
0.0132912,0.0169008,0.0179106,0.0206662,0.0252982,0.0269071,0.0280193,0.0289472,0.0291212,0.0283894,0.0273357,0.0256967,0.0211034,0.0181997,0.016959,0.0135065,
0.005193,0.0133548,0.0173313,0.0235457,0.030495,0.0319191,0.033056,0.033935,0.0337487,0.032473,0.0316206,0.0307654,0.0239252,0.0171635,0.0124605,0.003727,
0.0099043,0.0173609,0.0211683,0.0265188,0.0356835,0.0382959,0.0397913,0.0408144,0.0410865,0.0398101,0.0383255,0.0354124,0.0266144,0.0206954,0.0174042,0.0099871,
0.0122112,0.0172539,0.0192635,0.0238062,0.0317654,0.0340066,0.0352516,0.0364677,0.0362015,0.0351708,0.0338924,0.0315204,0.0235012,0.0194093,0.0174493,0.0129999,
0.0028225,0.0102829,0.0181042,0.0297376,0.0363413,0.0377751,0.0396921,0.0416018,0.0421893,0.0400956,0.0381489,0.0368591,0.0302578,0.0188794,0.0111107,0.0010573,
0.0003137,0.0046167,0.0095489,0.0226021,0.0384083,0.038957,0.0397738,0.04129,0.0410132,0.0384597,0.0371375,0.0361401,0.0213262,0.009674,0.0047309,0.0001504,
0.0084895,0.0168732,0.0191435,0.0212534,0.0251067,0.0269993,0.0278655,0.0290375,0.0287728,0.0280591,0.0263756,0.0250254,0.0212052,0.0190937,0.0168379,0.0084812,
0.0098962,0.0150864,0.0166773,0.0183254,0.0218265,0.0227424,0.0234007,0.0242804,0.0244084,0.0233894,0.022231,0.0211616,0.0179403,0.0163912,0.0147655,0.0093343,
0.0139217,0.0142235,0.0137161,0.0130484,0.0135447,0.0141598,0.0146029,0.0148495,0.0148663,0.0146161,0.0141637,0.0136574,0.0135304,0.0139509,0.0144482,0.0140403,
0.0143113,0.0168081,0.0177865,0.0193382,0.0217467,0.0225683,0.0230451,0.0238249,0.0236813,0.0230439,0.022242,0.0215146,0.0190224,0.0175631,0.0164962,0.0141319,
0.0102268,0.015386,0.0219124,0.0325357,0.0357878,0.0373729,0.0392298,0.042243,0.0421902,0.0399298,0.0383871,0.0373795,0.0325819,0.0218741,0.0145781,0.0070909,
0.0098122,0.0188316,0.0215047,0.0266659,0.0344744,0.0362193,0.0372873,0.0391657,0.0360574,0.0348003,0.0353805,0.0335238,0.0259158,0.0210626,0.0186648,0.0113034,
0.0111662,0.0152641,0.0168616,0.0195491,0.0278742,0.0304994,0.0323671,0.0335431,0.0336372,0.0322813,0.0304488,0.0273144,0.0198572,0.0170655,0.0158174,0.012284,
0.0017648,0.0096277,0.0154043,0.0245326,0.0288094,0.0288273,0.0290733,0.0295065,0.0295375,0.0288988,0.0281939,0.0279142,0.0233532,0.0145572,0.0085814,0.0022929,
0.0098142,0.0205288,0.0235991,0.026451,0.0284255,0.0289483,0.0297172,0.0302582,0.0300723,0.0294616,0.0290289,0.0281667,0.0258498,0.0229711,0.0199421,0.009654,
0.0131152,0.0172103,0.0190184,0.0219733,0.0265064,0.0279364,0.0288981,0.0298448,0.0297546,0.0290033,0.0280762,0.0265668,0.0221395,0.0196342,0.0178683,0.013326,
0.0099093,0.0202998,0.0235422,0.0276077,0.0299142,0.0304654,0.0314264,0.0322989,0.0321196,0.0315288,0.0304138,0.0295152,0.0268419,0.0230081,0.0194944,0.0099087,
0.003925,0.0136894,0.01788,0.0235698,0.0294928,0.0312621,0.0329593,0.0342991,0.0343342,0.0326619,0.0308728,0.0290302,0.0233255,0.0176062,0.0135481,0.0043469,
0.0119994,0.015793,0.0163093,0.0162018,0.016392,0.0165116,0.0168672,0.017209,0.0171984,0.0170266,0.0164103,0.0161729,0.0157888,0.0158465,0.0150822,0.0117937,
0.0100745,0.021197,0.0236523,0.0265797,0.0331022,0.0365743,0.0390226,0.0404967,0.040384,0.0387364,0.0366388,0.0330633,0.0251781,0.0218271,0.0197438,0.0111933,
0.0128443,0.0172535,0.0175565,0.0184688,0.0197018,0.0204544,0.0207042,0.0212827,0.0212453,0.0211126,0.0202449,0.0198036,0.0182423,0.017457,0.0171529,0.0129465,
0.0122258,0.0153669,0.0165278,0.0193548,0.0244628,0.0260114,0.0269172,0.0277754,0.027505,0.0269538,0.0263232,0.0245731,0.0198599,0.0170988,0.0158806,0.0128132,
0.0137419,0.0163189,0.0178672,0.0220359,0.0315206,0.0352303,0.0377503,0.0399077,0.0401469,0.0379146,0.0349571,0.0309691,0.0217943,0.0185604,0.0169997,0.0116997,
0.0078847,0.0124407,0.0141267,0.0170985,0.0230594,0.025197,0.0265469,0.0275598,0.0275566,0.0262986,0.0246859,0.0228633,0.0171482,0.0139852,0.0127502,0.0068865,
0.013037,0.0163245,0.0170213,0.0179231,0.0191627,0.0200883,0.0208408,0.0211769,0.0209882,0.0203674,0.0202086,0.0192973,0.0184235,0.0176011,0.016912,0.0143189,
0.0103617,0.0148083,0.0181155,0.0237633,0.0330086,0.0351132,0.036178,0.0367278,0.0370774,0.0363107,0.0352637,0.0333518,0.0241766,0.0181779,0.0151582,0.0089234,
0.0106503,0.0159374,0.0185067,0.0230989,0.0323984,0.0350475,0.0371341,0.038751,0.0388847,0.0371477,0.035102,0.0320416,0.0222126,0.0174931,0.0151142,0.0106154,
0.0137403,0.0195259,0.0217447,0.0248292,0.0288361,0.0303846,0.0314383,0.0323598,0.0322717,0.031293,0.0302075,0.0287243,0.0251759,0.0227649,0.0206163,0.0147735,
0.0143802,0.0223287,0.0250715,0.0277704,0.0322679,0.0337396,0.0349025,0.0360161,0.0359283,0.0346835,0.0333438,0.0317052,0.0276296,0.024921,0.0226252,0.0143914,
0.0123989,0.0169088,0.0176321,0.0230384,0.0405348,0.0465269,0.0496217,0.0518121,0.0518012,0.0496396,0.0466955,0.0414446,0.0246433,0.0189272,0.0162693,0.0120017,
0.0122763,0.0145962,0.0158434,0.0199509,0.0315032,0.0351226,0.0372147,0.0386178,0.0386729,0.0371265,0.0349125,0.0312308,0.0197291,0.0154829,0.0141158,0.0121963,
0.0133288,0.0145553,0.0146408,0.0146757,0.0149431,0.0156164,0.0158684,0.0162012,0.0161399,0.0158529,0.0154975,0.0152229,0.0148074,0.0147956,0.0147321,0.0137089,
0.0064784,0.018969,0.0255047,0.0304153,0.031235,0.0335538,0.0353797,0.0366206,0.0363155,0.0356349,0.0338286,0.0312652,0.0311181,0.0255318,0.0183271,0.00356,
0.0109593,0.0175059,0.0205613,0.0248676,0.0298977,0.0318132,0.0327954,0.0338735,0.0338073,0.0327797,0.031679,0.0298504,0.0247934,0.0204584,0.0180601,0.0109745,
0.0108793,0.0177284,0.0199424,0.0238519,0.0311297,0.033704,0.0354004,0.036638,0.0366516,0.035388,0.033957,0.0316418,0.0250709,0.0213713,0.0188865,0.0114356,
0.0051036,0.0198205,0.0273673,0.0329122,0.0343834,0.0389044,0.0427611,0.0463064,0.0460246,0.0427131,0.0389672,0.0348466,0.0334934,0.027228,0.020304,0.0056648,
0.0060494,0.0158532,0.0225992,0.0300605,0.03948,0.0427429,0.0451803,0.0468754,0.0466375,0.0451861,0.0431412,0.0400183,0.0308688,0.022651,0.016333,0.0066803,
0.0123392,0.016768,0.0190296,0.0238559,0.0336911,0.0367181,0.0387387,0.0401984,0.0399704,0.038508,0.0364436,0.0332133,0.0231761,0.0180585,0.0165311,0.0119578,
0.0083341,0.0173293,0.0192567,0.0223168,0.0303302,0.0339483,0.036308,0.0385198,0.0386588,0.0370583,0.034798,0.031391,0.0235174,0.0201038,0.0172262,0.0079416,
0.0137757,0.0170256,0.0184404,0.0201881,0.0230273,0.0241512,0.0249429,0.0255174,0.0256432,0.0249273,0.024066,0.0228823,0.020027,0.0181423,0.0168724,0.0129147,
0.0130872,0.0175505,0.0190725,0.0237032,0.0388391,0.0444373,0.0477878,0.0503269,0.0503794,0.0477285,0.0445227,0.0391875,0.0250199,0.0205768,0.0185173,0.0140514,
0.0090167,0.0186508,0.0216898,0.024886,0.0320748,0.0347863,0.0365689,0.0380886,0.0380198,0.0364312,0.0343006,0.0318716,0.0245736,0.0202569,0.017765,0.009299,
0.0117144,0.0153356,0.016537,0.0177164,0.0191197,0.0193012,0.0200987,0.0205393,0.0204272,0.0199497,0.0195046,0.0187389,0.0174704,0.0165418,0.0152559,0.011847,
0.0135888,0.0169131,0.01836,0.0209213,0.0260799,0.0278406,0.0295091,0.0306521,0.0306632,0.0297492,0.0285168,0.0263243,0.02154,0.0190479,0.0176047,0.0137267,
0.0038645,0.0124188,0.0159736,0.0208967,0.0261752,0.0279392,0.029795,0.0315404,0.0316484,0.0301066,0.0284365,0.0268183,0.0221095,0.0164006,0.0121425,0.0035392,
0.0095175,0.01805,0.0211058,0.0252667,0.0321378,0.0344867,0.0363307,0.0379143,0.0381526,0.0365348,0.0350583,0.0326527,0.0259724,0.0216697,0.0181773,0.0099298,
0.0134209,0.0182612,0.0192498,0.0208791,0.0236967,0.0244612,0.025083,0.0256133,0.0255009,0.0252085,0.0243841,0.0237251,0.0211263,0.0196831,0.0184528,0.0132509,
0.0077011,0.0160332,0.0190707,0.0218683,0.0288219,0.0320252,0.0337515,0.0350877,0.0350103,0.0337059,0.0318801,0.0289404,0.0221926,0.0187464,0.0160762,0.0082528,
0.0093477,0.0189318,0.0218651,0.0255627,0.0294174,0.0309891,0.0321121,0.0330623,0.0330961,0.0323986,0.031362,0.0301781,0.026536,0.0223815,0.0196376,0.0098746,
0.0119615,0.0157972,0.0173468,0.0183888,0.0199069,0.0207291,0.0211917,0.0218262,0.0218305,0.0211964,0.0207126,0.0201474,0.0184199,0.0168918,0.0157036,0.0114049,
0.0106092,0.0162859,0.0174517,0.0193415,0.0303624,0.0349434,0.0376041,0.0394797,0.039523,0.0375821,0.0350919,0.0307386,0.0197597,0.0179672,0.0165981,0.009981,
0.013688,0.0160679,0.0169739,0.0185752,0.020606,0.0211092,0.021841,0.0224014,0.0222893,0.0219184,0.0212597,0.0205202,0.018455,0.0168168,0.0158715,0.0135541,
0.0105877,0.0160243,0.0189208,0.0249922,0.0353434,0.0380974,0.0397241,0.0409954,0.0411799,0.0400284,0.0383473,0.0355968,0.0251587,0.0190334,0.0162068,0.0107099,
0.0068562,0.019909,0.02648,0.03357,0.038827,0.0407362,0.0428654,0.0451728,0.0454049,0.042869,0.0408519,0.0386875,0.032736,0.0259876,0.0203236,0.0066552,
0.0132121,0.0186029,0.0198878,0.0213652,0.0240455,0.025037,0.0257948,0.0266742,0.026572,0.026047,0.0252013,0.024328,0.0218019,0.0205845,0.0193203,0.0140778,
0.0101502,0.0132079,0.0152459,0.0188509,0.0274476,0.029787,0.0312613,0.0328416,0.0328585,0.0315431,0.0301901,0.0273425,0.0192726,0.0154982,0.0124328,0.0101397,
0.0005459,0.009456,0.0173992,0.0361279,0.0462219,0.0433485,0.0432639,0.0461729,0.0459737,0.0418534,0.0416151,0.0446102,0.0361883,0.0175716,0.0094181,0.0020787,
0.0146918,0.0164972,0.0165338,0.0168081,0.0175212,0.0180848,0.0181483,0.0186446,0.0186247,0.0180899,0.0179563,0.0173538,0.0171447,0.016785,0.0164117,0.0144613,
0.0127134,0.0184108,0.0213518,0.0265129,0.0338792,0.0355704,0.0365272,0.0373572,0.037475,0.0366506,0.0357437,0.0337831,0.0267228,0.0213093,0.018547,0.0134273,
0.0131571,0.0207702,0.0228751,0.0272791,0.0385729,0.041693,0.0439738,0.0454924,0.0455364,0.0443033,0.0425252,0.0391994,0.0290781,0.0251916,0.0214153,0.0154027,
0.0138815,0.0175957,0.0192177,0.0219869,0.0271161,0.0290153,0.0304949,0.0316081,0.0312281,0.0299047,0.0285103,0.0263215,0.0212817,0.0186761,0.0169884,0.0129641,
0.0086124,0.0156207,0.017673,0.0203194,0.0239443,0.0253746,0.0264203,0.0271336,0.0269326,0.0264306,0.0253897,0.0242023,0.0207528,0.0185116,0.0162088,0.0089733,
0.0110269,0.0137781,0.0156033,0.0210282,0.0370579,0.0430475,0.0471066,0.0507598,0.0508554,0.0474674,0.0435714,0.0376942,0.021193,0.0158147,0.0138836,0.0128504,
0.0104793,0.0161305,0.0172563,0.0175872,0.0178433,0.0180639,0.0186489,0.0189887,0.0189011,0.0186957,0.0180236,0.0177304,0.0173624,0.0170128,0.0163742,0.0107456,
0.0115401,0.018419,0.0211352,0.026671,0.0360282,0.0382682,0.0395568,0.0406069,0.0408515,0.0395934,0.0383125,0.0359485,0.0266448,0.0211162,0.0187208,0.0113253,
0.0107511,0.0151629,0.0175384,0.0216441,0.030367,0.0338463,0.0364317,0.0382572,0.038319,0.0360887,0.0337949,0.0303864,0.0214738,0.0174494,0.0153703,0.011545,
0.0073572,0.0167316,0.0215934,0.0258246,0.033686,0.0399477,0.0448653,0.0492983,0.0490416,0.0446085,0.0399918,0.0342525,0.0272302,0.0221738,0.0177049,0.0075777,
0.0119455,0.015753,0.0172809,0.0189448,0.022646,0.0243652,0.0253433,0.0266361,0.0269065,0.0256316,0.0243235,0.0227178,0.019746,0.0178539,0.0165267,0.0123003,
0.0118343,0.0124898,0.0125468,0.0125496,0.0129486,0.0135989,0.0139863,0.0140491,0.0140114,0.0136175,0.0134739,0.0129293,0.0121225,0.0126685,0.0127281,0.0129775,
0.007287,0.016489,0.0202835,0.0254258,0.0288508,0.0299112,0.0309096,0.0318148,0.0316194,0.0308988,0.029645,0.0284261,0.0248852,0.0201594,0.016353,0.0079193,
0.0036654,0.0140559,0.0202187,0.0291347,0.0366774,0.0402242,0.0435367,0.0469772,0.046937,0.0433747,0.0396629,0.036061,0.0283712,0.0196414,0.0136734,0.0048101,
0.0147584,0.0191586,0.0215049,0.0255661,0.0415308,0.0481345,0.0525928,0.0563742,0.0565059,0.0526746,0.0478431,0.0415013,0.0245338,0.0204583,0.0181417,0.0140099,
0.0090682,0.0127566,0.0149069,0.0187202,0.0264866,0.0287396,0.0300506,0.0308929,0.0310111,0.0302731,0.0289298,0.0268962,0.0193342,0.0154812,0.0140378,0.0098481,
0.016424,0.0168542,0.0163854,0.0153887,0.015065,0.0157541,0.0160939,0.0164409,0.0167294,0.0160937,0.015716,0.0150838,0.0151568,0.0164013,0.0171618,0.0160578,
0.0213723,0.0253663,0.0256006,0.0259932,0.0260903,0.0269009,0.0278207,0.0285401,0.0286829,0.0277992,0.0271234,0.0263854,0.0255874,0.0255217,0.0260815,0.0215124,
0.0205907,0.0254251,0.025253,0.0258367,0.0269732,0.0280177,0.0272514,0.0289836,0.0289688,0.0284598,0.0270823,0.0270173,0.0254421,0.0253605,0.0243168,0.0197648,
0.009995,0.018055,0.0222963,0.0292304,0.0413209,0.0440157,0.0457306,0.0467324,0.0464442,0.0450583,0.0430929,0.0402637,0.0282084,0.0200777,0.0154749,0.0091295,
0.0125091,0.0134431,0.0141894,0.0139748,0.0142857,0.0152402,0.0152291,0.0155296,0.0157877,0.0154117,0.0148478,0.0140632,0.0145165,0.0141646,0.0139706,0.0129182,
0.0109158,0.0178898,0.0204131,0.0249946,0.0329611,0.0353611,0.0371642,0.0388415,0.0388613,0.0372077,0.0356222,0.0329175,0.0248828,0.0199968,0.0177781,0.0115989,
0.0054235,0.0163133,0.0231226,0.0327871,0.0360574,0.0366171,0.0370837,0.0382556,0.0381716,0.0372976,0.0371153,0.0370755,0.0336298,0.0233951,0.0165932,0.0028234,
0.0097473,0.0180939,0.0210312,0.0259355,0.0364219,0.0402328,0.0423198,0.0441732,0.0441385,0.0427968,0.0406908,0.0371668,0.02715,0.0225652,0.0195228,0.0112987,
