0.01448608177399469,0.03951593299308355,0.0648549731357849,0.08723468561783766,0.114798665145198,0.13387076779597917,0.14527933414661473,0.1591024791964095,0.17775136918057466,
0.01820646038195944,0.04874836513631152,0.07898039267338383,0.10504826596164919,0.13565967130896261,0.15726178950891867,0.17006553496651797,0.18677613063470266,0.2088986595404674,
0.015003337215384544,0.0376773780489503,0.05986742334111115,0.07686861345701516,0.0955262282918312,0.1080230740254381,0.11700479973065288,0.12853955802769113,0.14582382646689498,
0.0075662514992816945,0.012828518515369832,0.017704228292477312,0.021737721438231508,0.025736612300133032,0.02981147318297032,0.03164933454287632,0.036418647260033445,0.04126892577201833,
0.015657227515429712,0.03709259092010663,0.059500231057037396,0.07599988719036949,0.09607949005674972,0.10981098205339296,0.1172610358839261,0.12830274114149795,0.14425600121789003,
0.016805862515195,0.04184636946114039,0.06611159756781032,0.08581692419075986,0.10828068391295774,0.12294679626517653,0.1316824029208181,0.14518169923171834,0.16323883347301663,
0.014954796057944959,0.04340068088952001,0.07478190953623363,0.10093285820467009,0.13315205749093192,0.15561251293590683,0.17027741456705325,0.19188629558755976,0.22511795840321006,
0.0166825233590888,0.036701792138856056,0.05564993123472643,0.06921836425056328,0.0839793803654862,0.09502630341966763,0.1014720370278697,0.11172226209201129,0.1269365097431165,
0.015451023527190745,0.042651885671839994,0.0700323114121195,0.09213265624590489,0.11836826089647684,0.1358576619729773,0.14487350677903685,0.1558005879572586,0.168477700031321,
0.013237409895365298,0.028328981943198127,0.041878535077502825,0.0508394954652739,0.06020794768656603,0.06796191041022431,0.07482374337532866,0.0857259332257012,0.10293409843658202,
0.014541167970122858,0.035723177551155026,0.05639837655096607,0.07118739091362357,0.08816605435403681,0.09906312036249788,0.10563997073773325,0.11480861818561067,0.1270521525921738,
0.01564907714176877,0.03999417834915588,0.0644588725739317,0.08287059243794469,0.10415942250844755,0.11888820615890174,0.1287334170448573,0.14227565748276963,0.16231098284829634,
0.013468155653841046,0.03603534762861393,0.05953010791161706,0.0781080201981066,0.09993142856408102,0.11499668529317361,0.1243460959821457,0.13834735789463562,0.15859859683876326,
0.01018039107576632,0.02950360841627887,0.05035184301241049,0.06918632444947924,0.09381901347238282,0.11251457417506457,0.1228379253021855,0.13886381622045366,0.15738126140390027,
0.015009208264526114,0.03981037876726532,0.06404965104068577,0.0831345076456138,0.10397925883072838,0.11648557341365516,0.1239914629838418,0.132541998490149,0.14333954547803124,
0.018567079496942415,0.0465925568405031,0.07509255504747797,0.0995647174964187,0.13057604617151897,0.15225910081701946,0.1649401547198153,0.1822615713114536,0.20471329460447518,
0.01601334377980514,0.04191492750205617,0.06820637462251618,0.09172209430654926,0.12115087191741242,0.141794335859613,0.1541365867728021,0.1694464927461038,0.18976823956816705,
0.011377352374880481,0.02830583702685661,0.04477989596020662,0.05848474592391365,0.07463365527046402,0.08647323888498099,0.0922388354823216,0.10027452934672106,0.11365562553088765,
0.013738897159301702,0.031268456484069534,0.0504616941267452,0.06446352374466718,0.08274416899096802,0.09766751335601391,0.10846589004204239,0.12388705137102281,0.15003050669002257,
0.01595682679233668,0.030500673184396764,0.04327937444905624,0.0521035798480197,0.06230926981948041,0.07042343235224095,0.07481679827672318,0.08229337346509719,0.09382895675560117,
0.014665017049583085,0.03951514015504811,0.0638507188850239,0.08492103073537806,0.1103106571631473,0.12713104304695877,0.137567656931489,0.15008168679734765,0.1678587930260896,
0.018537842305067945,0.049593907484481906,0.08047119220578502,0.10581006660880893,0.13494216896462907,0.15438704891308813,0.1660223677997941,0.18187070404794392,0.20410007761542698,
0.006400851834839404,0.01042732543527522,0.013021215242327905,0.014332891013391523,0.0153123141931848,0.017788513138096155,0.018226343691324413,0.01979282251251041,0.023928572218972557,
0.01504739682198514,0.033303253802672746,0.05023347588619754,0.06301621848277453,0.0775461483349977,0.08756847201827239,0.09388403279958606,0.10296714204027584,0.11743668771928512,
0.016203194527991526,0.041173700227442815,0.06516808092717781,0.08396552272973155,0.10469508392801445,0.1179801427745057,0.12497501305954357,0.13563752228218862,0.14908050732046427,
0.014293499128372444,0.03655356844404555,0.05922006246388486,0.07803721303599631,0.10047909131021698,0.11609355570275955,0.12551610575292804,0.13912791087986418,0.15742816930845813,
0.01583161702684982,0.03397679136945576,0.055324640747734244,0.07302142788655465,0.09767802519478581,0.11473046225260448,0.12363070469387648,0.13855297305515166,0.16109503343844986,
0.01168433964119544,0.033534401898630016,0.05666912612027721,0.07838685701097788,0.10557544949645249,0.1248789459004738,0.1357858701574185,0.1494396347831869,0.16699010706680018,
0.014736071813067351,0.041658862171241456,0.06978037597629631,0.09304528512563139,0.12051462219388946,0.139012110624836,0.14911152062177505,0.16274331264476913,0.18062565453454094,
0.020405824405330893,0.04792267053158975,0.07495518024705848,0.09715889020612405,0.12230420859494849,0.13950348474041566,0.1496843609352498,0.1625520242687802,0.18098029284884953,
0.014375838089528836,0.039107135817835655,0.06419280362992795,0.08381695050714816,0.10662790659181343,0.12095145766307525,0.12890699783514536,0.1407738512770695,0.15685458691456447,
0.013952188444586948,0.036010983730084496,0.05714921352796529,0.07347565600252384,0.09084835679901893,0.102729752684713,0.10874492652505387,0.11781901817506095,0.130173288673785,
0.01529475918351044,0.03729518635652971,0.06134882509623021,0.08214041565261089,0.10933816403151897,0.12961574442384285,0.14125188625278542,0.15635520269038675,0.17749472185541437,
0.011111500768513102,0.018884040632350108,0.023545643914140334,0.027377558967145447,0.029749874695278265,0.03201145831116912,0.03298592240873753,0.03448013090867485,0.03900326950834476,
0.014991237893838898,0.04008756967603712,0.06540297642294758,0.08792116898747258,0.1163147882135873,0.13648802302863364,0.14844292459126696,0.1656171321996373,0.18633434162127788,
0.013864546113175676,0.04097119692673134,0.07101267114902482,0.09729591467266033,0.13015057223511795,0.1516583102554275,0.1634515926159321,0.1804078282607904,0.20710009700426596,
0.016611822730970442,0.04154037480234541,0.06603182386447484,0.08448103699236027,0.10618908147933921,0.12031825727425936,0.1291528068561121,0.14108852079579798,0.15719059849601183,
0.014078777284851776,0.038313183140427316,0.06392770628687813,0.08485418603703887,0.10907765664033722,0.12473649576706103,0.13297975263413878,0.14521554867350342,0.1631982042875539,
0.01575432939539174,0.04352240670487096,0.07303694479725652,0.0967891671587609,0.1237477720334125,0.14066474939049695,0.15014596887321827,0.16390733918175637,0.18425606433796912,
0.012361687620587578,0.03395827647898389,0.055979315332551266,0.07397478019826403,0.09582889589601802,0.11027035439177686,0.11832027576181815,0.12998602180238314,0.14449663667307003,
0.01798311747072279,0.05186917970102296,0.08777770968267616,0.11799663867347475,0.1549318721885734,0.18048959845221912,0.19558407265943822,0.21705463960553248,0.24806029900017998,
0.01579671201366152,0.0335925777954107,0.04951474028244977,0.059927004573775436,0.07149283105650886,0.07993116528800104,0.08564334999440938,0.09542027810112334,0.10978634106504254,
0.02207891735243804,0.05338009206259294,0.0838345410654375,0.10881573831996329,0.13783366820541015,0.15696455335585402,0.16793326518600832,0.18206055338358243,0.1999891204442093,
0.01818173292355613,0.043946616082048535,0.06889062652826888,0.08761533414800142,0.10932868006549883,0.12444070714812881,0.13395477402729522,0.14745640365292265,0.16654692298308446,
0.016355457298795603,0.04281122694485924,0.06988249009498754,0.09052940783788424,0.11481291079142282,0.1317979162472916,0.1432337248981823,0.15989062732814616,0.1854244552042164,
0.015231746420215339,0.047103224844905346,0.0829322334285507,0.11430395533136327,0.15291561701856435,0.17855373192503374,0.192941121925935,0.21301653801240014,0.2428745990577628,
0.016076044662662815,0.03375598135593182,0.050004540179841676,0.06073890044782354,0.0729011944230295,0.08099006923692652,0.08664809038521717,0.09431644100034477,0.10476934677451069,
0.016565615704139447,0.048720550664299374,0.08284827449024595,0.1093918464710276,0.13860917807529025,0.1564419124012454,0.1669999065059148,0.18082187633203453,0.20059719875132845,
0.01829714639301378,0.03848323125242913,0.05733589810702119,0.07033527212139751,0.08409663582179577,0.09387573216414076,0.09939922416422906,0.10679396811721813,0.1194877623922377,
0.016321723073622566,0.04378278360593771,0.07038587834559878,0.09288756578891068,0.11960196673082578,0.13864690473766703,0.14906013162495146,0.16308676042849193,0.182158486331755,
0.0189116342259828,0.039496320617182674,0.059629182273175395,0.07580029607231341,0.09428325678550584,0.10671980428530264,0.11399019978808458,0.12581442009915514,0.14054638601080555,
0.015302059296085578,0.04176958406945589,0.06816932470470885,0.08991565770673585,0.1151160860380466,0.1313865368468093,0.14082423111367962,0.15337332791916927,0.17022458109311794,
0.020053321743914325,0.052468955928546356,0.08417544891191284,0.11056551890986495,0.14177157773232058,0.16188832489055513,0.17490700746078985,0.19116501436774658,0.2132654178874798,
0.013136240219734668,0.036088236001480485,0.05932834554689558,0.07940747952547784,0.10474328261459206,0.12247900030305259,0.13347264037886586,0.14725178305626582,0.16779733998162485,
0.017337232007794242,0.05131865001990566,0.08672982421795855,0.11588856269115051,0.14891563398638352,0.16886792323317357,0.17951446248754652,0.19179722322715378,0.20483214294198723,
0.015043746182455726,0.02909829871263184,0.043249548244613883,0.05328558043236329,0.062374913892505754,0.0679169137468272,0.07301940677633456,0.08249620913368956,0.0973563334176271,
0.009974072713413301,0.016739336880502283,0.02136503830899874,0.024318783090101256,0.028659414608189628,0.033775301402215956,0.035992918119627244,0.04269148030030166,0.049957146672407575,
0.014038498257719972,0.023260312362879034,0.0309407388728612,0.03394203992594355,0.040029697331517164,0.04415567866306575,0.05084994843945438,0.05918447395157587,0.06895964772227911,
0.017140566061249966,0.03886077252372599,0.06053439955149352,0.07724294527570948,0.09666175327362335,0.10950753234232741,0.11722656827686088,0.12738483741685702,0.14252299184962386,
0.01618936816083421,0.045048194448828224,0.07737473742317587,0.10633548193410772,0.14562475813287723,0.17469833446240587,0.19152434617680353,0.2138888887660538,0.2404332776176332,
0.014647668564612798,0.035342304043105316,0.05767036638370548,0.07592209838991493,0.09874686468002133,0.11543395789841558,0.1253566806258277,0.1413767302020879,0.16299792843365435,
0.015014423998635246,0.04288335891890768,0.07294225442168337,0.10133362450365394,0.14062508731863538,0.17001788942697843,0.188186506306014,0.2151537984786872,0.2510381707351855,
0.016654099135825988,0.044365891185459645,0.07261161815731482,0.09652790787430007,0.12521233137806234,0.14497501976752158,0.15561253959198326,0.17134815503076736,0.19164101435202485,
0.01495065328257567,0.04559960017863457,0.07852601348013984,0.10505874479304463,0.13460336040657947,0.1519355414538012,0.16069092098609553,0.1719284807831091,0.1850065803657483,
0.014674022524690473,0.04046128628706914,0.06756549274802674,0.08980161885871124,0.11554373363562873,0.13268920543737692,0.1423578983483593,0.1570745508258948,0.17843082988193618,
0.016288302063740087,0.04433402910829461,0.0739354275499082,0.09748690903248283,0.12517153572036346,0.14374278545899485,0.15495923712945545,0.17175595396380833,0.19627738692165397,
0.012253878541027996,0.03351657078579175,0.0550459758125817,0.07291576554156642,0.09317237250312897,0.10613492564201242,0.11216392471587609,0.1215660856693699,0.13208286899954644,
0.01617638744521861,0.03846082064679599,0.061852733267807436,0.08098708122993756,0.10435479443610927,0.1210672622087229,0.13028356780183092,0.14275717597402732,0.15727609138268975,
0.021290067065814024,0.04752664187992738,0.07358874113527046,0.09397857586061494,0.11779868206279608,0.1336003478463215,0.14331120309573145,0.15470524665695431,0.17149302392991794,
0.020161756601701396,0.05578504593080951,0.09165972983002664,0.12251383085811561,0.16004726609351536,0.1855329167199551,0.20011799139398048,0.21982806240960173,0.24460991879156424,
0.016497553749460582,0.05883829093591942,0.10628335265145394,0.14957434812343365,0.20340708270014204,0.24081784392377356,0.26089304641529215,0.2875108164812812,0.3177309025198127,
0.014554708917494288,0.03838729403289278,0.06500315527316643,0.0877425395450988,0.11837861397265449,0.14249197897837057,0.15808422069511796,0.18387610152259393,0.2244273806763563,
0.01488871008346876,0.030637279217702287,0.04369499523421837,0.052305779300541345,0.06228813048435462,0.06938234593748652,0.07542952011744847,0.08327380559746624,0.09557712364494077,
0.014012462011072849,0.042348313807604065,0.07523587002921261,0.10409300815841632,0.14096883847932065,0.16756346689144896,0.18479672549183204,0.20957090095828443,0.24830840778530125,
0.017354801664431815,0.04677011931431766,0.07618982891422471,0.10170365179178617,0.13253547856596679,0.15365296807838813,0.16477081106400765,0.1811775409318391,0.20184974699562733,
0.015955772984662494,0.037479110314930335,0.05887898341945969,0.07466115353541979,0.09241770305099466,0.10516282998320164,0.111420800148394,0.12096878157988832,0.13507592102216087,
0.022182883478016186,0.06029536052327455,0.09846678339671369,0.13039379108326038,0.16921283610740775,0.1960830738962046,0.211373220968369,0.2325360662046521,0.26043687268345317,
0.01578024476252231,0.04458732501928025,0.0741342342235571,0.09803908687049358,0.12619297750523947,0.1438338237556511,0.15384432832965092,0.16734835780012286,0.18368144366556324,
0.010191246707201167,0.02923221676814351,0.04923408016959128,0.06688576864145393,0.08884444683529066,0.10335439231764261,0.11155440918472324,0.12303409759000951,0.13690627776452033,
0.017734506564138566,0.04811750116866289,0.07986459737944451,0.10745740145550062,0.1432879045583366,0.1690569111556024,0.18314253673800737,0.20524818382307553,0.23266848267509874,
0.011715687772144132,0.020373805103500266,0.026650176090743858,0.030502991387888586,0.03559146687909334,0.039596666495757694,0.04096673625404711,0.04486530950702604,0.04821489736047873,
0.01645195730965954,0.05328674113099645,0.09601838983670312,0.1347874460852179,0.18436290620842435,0.2191437613377202,0.23753088629040037,0.2622664134717221,0.29364687061985967,
0.017997333049193553,0.04628563860702636,0.07395212275973238,0.09600445204290035,0.12252074655374669,0.14038395356544037,0.15050949720476747,0.1642768812231145,0.1828789130290766,
0.01782133835243,0.050767517963814776,0.08513431088089778,0.11228787053324986,0.14272095576459887,0.1611639243345984,0.17144033100622416,0.18513107284761673,0.20196795389131203,
0.01864179214452184,0.041778650869789456,0.0636376569911394,0.0790698251304312,0.09648800043369475,0.10797618577090404,0.1153397050148333,0.12614757377409677,0.14069803489500832,
0.01797200992457149,0.04543646291314215,0.07319583851873256,0.09502370041274533,0.12116606163785983,0.13972644868384304,0.15015353359375574,0.16669334899382765,0.187272552334331,
0.01403855477557999,0.04072982522132251,0.06936180666526054,0.09252135820586106,0.1194776758954491,0.13744724142422268,0.1475458283617569,0.16249948653580415,0.1836593252520515,
0.01277754853646043,0.0372138415489944,0.0637655971836643,0.08726105604141667,0.1179698832454061,0.13930854440054039,0.15159946571508864,0.1679951274970651,0.18828832825406383,
0.014680705574348989,0.04004013960975381,0.0658340014868166,0.08700822930841509,0.11250807551176584,0.12921720090256325,0.13891779494510278,0.15192376033564825,0.1685605958011235,
0.01647775105527622,0.04060884757197138,0.0638695827187232,0.08133553586684013,0.10110629613236974,0.11444859817887652,0.12314449737650981,0.1344437321084513,0.1530567732168353,
0.017282530584705542,0.04669907057283198,0.07593998510075024,0.1006981917481669,0.129696513433565,0.14840303673755337,0.15809019802744653,0.171816469880357,0.18577306072621502,
0.02002301747949929,0.0520311610659068,0.08407812490026047,0.11172822246816223,0.14443281771880645,0.1671453986147697,0.18026104606249255,0.1983635038141746,0.2215810135722323,
0.011965217474668631,0.032751467527051055,0.05582469742199789,0.0748723091140376,0.09921350368998107,0.11682301258104617,0.12849244697887427,0.1464440976639471,0.17310389929673106,
0.016311167438185795,0.03488268970382513,0.05226177840882586,0.06470602364378154,0.07871840373223021,0.08940188031934165,0.09471751067266723,0.10551560809309266,0.1200836595029616,
0.0185089005490484,0.046539450969066636,0.07387856108680005,0.09528793285668409,0.12117186805370347,0.13859904291375888,0.1488693935507577,0.16346704233487452,0.18378778232304302,
0.01433743137858355,0.0352231970216215,0.05649443089144591,0.07358822544972822,0.09479373740249404,0.1102822107139361,0.12085416084485749,0.13661185573733234,0.15817528359072772,
0.015166625502430106,0.040631738602857875,0.06650470624253683,0.08919420040333843,0.11710599135267846,0.1361556998369284,0.14713301728507627,0.1619960630369376,0.1810172852473664,
0.017608581133836964,0.047838616467426556,0.07847330168729182,0.10160921716594379,0.12707567237570716,0.14261252756062376,0.15185653730335605,0.16387488845322207,0.18083761401917509,
0.01869390712646551,0.04703388343987679,0.07492286503893725,0.096457556752112,0.12111757880536932,0.137378408383242,0.14778245098207435,0.16152892824382056,0.1813444809703664,
0.01669217174455445,0.037554744711028584,0.05674879663984158,0.07080838156276041,0.08575045930149373,0.09628646109231036,0.10247100527097716,0.11208653173777594,0.12513455726288628,
0.01705282561366017,0.04661745557241077,0.07700477205581513,0.10158913547101221,0.12886482828423237,0.14530063870374427,0.154816847575047,0.16627512044553694,0.18104819440730452,
0.015842844402887895,0.04643247012437396,0.07937151536467173,0.10870282327466542,0.1458822075780622,0.17058963452994869,0.18395836861529866,0.20046258414381807,0.21879144110609527,
0.013802645953808973,0.027331649274620905,0.04167319876563094,0.05050753570895682,0.06148980714317023,0.07184486202920111,0.08257332247790768,0.09796615474101265,0.1118430277787029,
0.014070364939748246,0.04182288856109109,0.07260959728693356,0.09982879097337617,0.13403962675054093,0.15745024897346083,0.17080115686187533,0.18676569804766177,0.20856338246274717,
0.014617773034464097,0.028355988585496608,0.04059733558821819,0.04878916943083547,0.05732415207528969,0.0644393012156248,0.06824415692608657,0.07442570141248807,0.08844484175957042,
0.016139850811472675,0.03459378180095019,0.05132660537311288,0.06274528514776219,0.07583405963501803,0.08378375895980562,0.08926652405547314,0.09695806187046227,0.10683088731327448,
0.023071383345923343,0.06135868318305262,0.09826795245428706,0.12886198571622978,0.1646556864893184,0.18751881779675758,0.20173141362098224,0.21793878345641596,0.2372525085059597,
0.01073795708720637,0.03535278547427124,0.06264120718419337,0.0890887520161905,0.12328465553538474,0.14683156716936652,0.1590500501179675,0.17508096232270703,0.19545245330295316,
0.012971404591122981,0.026068136125115157,0.03826647259212833,0.0457287280914992,0.056385631440230476,0.06664329306717852,0.07331278620827476,0.08622773555077054,0.1010610077900262,
0.01665953925790364,0.04642650969684106,0.0766702813235443,0.10178736909259026,0.13185282426977626,0.15184604978804692,0.16408777166647373,0.17992783176458393,0.20069195615562666,
0.018463998344422135,0.04870796862006583,0.08063499738482016,0.10705965070620142,0.13908996167326088,0.1610577462082685,0.17440500517276514,0.1907017016761753,0.21052137973679066,
0.008646231371088078,0.014486388107203865,0.01792239164058194,0.019481148124624422,0.02125042971299539,0.024536744581155113,0.022380498958201447,0.026868293634750597,0.032607811197307296,
0.0188647720893585,0.05066731984488451,0.08281467245028229,0.11067486851535044,0.1448905440476976,0.1693610714000808,0.18423123041619738,0.2045895054417255,0.2330482392300294,
0.017822017941863937,0.04938164497338475,0.08019464859116017,0.1045072084355875,0.13079535123927555,0.1474596937817823,0.1567095260660469,0.16929739464886664,0.18626467891795076,
0.01842576436691607,0.05314677478371798,0.08988563126538372,0.12080415108882946,0.15888163829708193,0.18536076669486842,0.20132241667028475,0.22280267293016698,0.2508844963978598,
0.014692419601327387,0.04430104216584633,0.08054588151306526,0.11458539611514543,0.15979105848747455,0.1921182344639015,0.20936550149195063,0.23321535916203473,0.26873726996430464,
0.014248355141161564,0.04635494997161013,0.08364203471968441,0.1166667130823486,0.1580625059135324,0.18618727401036975,0.20177621057617967,0.223261545653983,0.25139821552948044,
0.01579541626336824,0.042709921190453935,0.07122154850492006,0.09465791448002407,0.12330398845081258,0.14218270970598826,0.15337166654819118,0.1673884885668305,0.18586427227664026,
0.01762235960702736,0.03877297776279099,0.06005884266826496,0.07609667611540333,0.09644477572692874,0.11118054023371987,0.12089155529090094,0.13488826311078675,0.15566303235312032,
0.014495327048913797,0.03321439897407399,0.05275565087187816,0.0691151671018886,0.08954741496988272,0.1060086892340964,0.11587406911263722,0.13245086649328766,0.1595067279944132,
0.01560081868993997,0.035387038234339314,0.05345965798262323,0.06736260958755301,0.0820311732474348,0.09061893591695672,0.09637481719578667,0.1036909997031364,0.11371846759447751,
0.01591944196999551,0.03167172844627019,0.04622226008059546,0.05498341970225816,0.06558292244833107,0.07250797529556424,0.07808472856475143,0.08653292284291127,0.09896046691516795,
0.020089601718406666,0.054009653267908596,0.0885520786473898,0.1146076034646187,0.14494154186130015,0.16502140601956972,0.1771339121932889,0.1939971564362782,0.21819957944216606,
0.01731299336059468,0.03521611529483261,0.051983249151779716,0.06465295894848982,0.07837216495430235,0.08794408724777097,0.09474751237928734,0.10244268374625597,0.11404096067858076,
0.01630389127643468,0.04475627503904434,0.0737516456013268,0.09996730572062267,0.1333701261890786,0.15794106168607225,0.17318645395128482,0.19390858052686996,0.22215324829420305,
0.019701438573342,0.0528317680847964,0.08639964491786392,0.11393357483887813,0.14709006708218425,0.17066355425990268,0.18439109911108179,0.20374211585128213,0.2299381862252862,
0.014420274949697571,0.0376830570580333,0.06038913323928962,0.07876909474042045,0.10176398401222572,0.11596849724688355,0.12509751209918285,0.13634307359638964,0.14966473415175754,
0.017371601453479657,0.04562160869213502,0.0735875859782971,0.0959959029430391,0.12263164446172696,0.13988417409086695,0.15054122175963872,0.164907202565169,0.1844869121500507,
0.01352542939121036,0.03748250609462012,0.061976568075897666,0.0821712848298979,0.10533366956956963,0.1208100528134365,0.12975859246659385,0.14189850242758742,0.15775792482633877,
0.017038099505931447,0.03750299636828113,0.05652427265013227,0.07066605917559234,0.0888130093175785,0.10251261125989687,0.1118931952858393,0.12561750465503477,0.14562902763502056,
0.013498517511119724,0.0408102068465138,0.07353832544538344,0.10327188412419373,0.14274686809279655,0.17098800515736748,0.18745551664654062,0.20898609630914108,0.24255365816333066,
0.016256367553272963,0.03710267151051107,0.058536207144824125,0.07404836663597368,0.09234303158739303,0.10502663260486485,0.11075207508670167,0.11952322428919143,0.1335959274085697,
0.01573079656472437,0.038933410024385634,0.061653284183031516,0.07869503237372831,0.09853767970437208,0.11233688585218184,0.12203859024846687,0.1360253528193068,0.15743378820657972,
0.017866832826964225,0.04519351087306146,0.07301451826797245,0.09559499507305415,0.12161719381463364,0.14037562513497603,0.14999747689132423,0.16490823509936256,0.18510933470979643,
0.01794844605153489,0.034691947728811325,0.048950227061024094,0.058301525072172504,0.06818642239509319,0.07402535777003834,0.07807640654676097,0.08527300312058196,0.09397253292650926,
0.01568073215666071,0.03701550610396796,0.057312949658710685,0.07205360041259384,0.08904546430511671,0.1013059709124551,0.10921141920362729,0.11970455467346851,0.13623753346343295,
0.020606355011981003,0.057203173735599876,0.09540954881781621,0.1273829997658562,0.1666108868781069,0.19203759891156127,0.20709502083340434,0.22556123383480894,0.24746215775443756,
0.014884470813872026,0.044333683641359485,0.07660503817755158,0.10486342500570112,0.13977553578045485,0.1631150589608127,0.1759621046632505,0.19272927192122802,0.2156443429394879,
0.019023929020351535,0.05153473986297999,0.08431655671483897,0.11170752278534286,0.14403357325263097,0.16564781972960893,0.17818530717529737,0.1949956319386888,0.2186619450434789,
0.014331195350531406,0.03399883702820051,0.05356642818376934,0.06893083791061284,0.08821235550869032,0.1031367387874891,0.11312288824500943,0.12640806534664847,0.14472685682361994,
0.015429390393631616,0.03732295594676038,0.05963480766736383,0.07643673227095332,0.09512582053361493,0.10629959596965578,0.112225323172826,0.11863908553768587,0.1250060359815621,
0.013544394941331713,0.02413913301733618,0.03241235846469659,0.036846282495984546,0.041897374470051034,0.04608549783495783,0.049605783326282654,0.055358989789470854,0.06138095090254692,
0.01393372884366378,0.03796458454997743,0.06255846180874007,0.08387131939324033,0.10993393927425126,0.12831347228031612,0.1388971087466135,0.15293473511362743,0.17313162895149697,
0.014428971706236532,0.03409690540469702,0.055872860064634794,0.07318569530174716,0.09576393328052119,0.11509917428190328,0.12564179132903472,0.1436855629081162,0.17000436904976213,
0.014009185218618218,0.03699412227225454,0.05907450208803675,0.07791631740437845,0.1004661629559783,0.11588081676017838,0.12359261871979632,0.13485144126465623,0.14708857052500687,
0.012399108354298626,0.04179475023076772,0.07823218675523252,0.11284150317937518,0.15847082005226912,0.18906282603875688,0.20647210839711372,0.2303104359028237,0.26524894222347306,
0.015015885031983483,0.034583666665909625,0.055548888249057925,0.07243830018947589,0.0942043908266664,0.11037571617967905,0.11988605267562903,0.1340819695567922,0.1548382799596113,
0.01782644976700865,0.04598130861079771,0.07386011991236784,0.09634920845240552,0.12351113945281555,0.14245467793116134,0.15359507752376442,0.16935059598350943,0.19083574831330413,
0.014071358129315556,0.04879976310086045,0.0895479129755515,0.12920641364807528,0.18342406036306375,0.2239012857526982,0.24722407445601038,0.2779610982929699,0.31385166154678784,
0.014869232250029901,0.041220043712221856,0.06918796390870809,0.09229755311173095,0.11902270072233646,0.13644016155755534,0.14598514936043283,0.15994604503608842,0.18032888128502872,
0.011690617047746857,0.020711856941844676,0.027450088854721336,0.0313280918101286,0.035209667609454424,0.037403726713396514,0.038843643841679494,0.04355497604380393,0.04726554253125196,
0.019567591801252573,0.053263222289909734,0.08697242232824895,0.11549679584377529,0.14903546751982144,0.17121322027028188,0.18332499692057916,0.198678112493592,0.21631922522945626,
0.016546863061311527,0.04317224340514237,0.0695243144013311,0.0912611760599685,0.11680998288917681,0.1333203517643828,0.14272965484611266,0.1558455575874139,0.17314798739839238,
0.015202338545443323,0.041601685913512654,0.07011494578723651,0.09405526594374329,0.123096050646028,0.14225649608140142,0.1531504222764576,0.16830024612405847,0.18883824174234967,
0.01701871988347941,0.0419870631588074,0.06661618853804178,0.08474834986745862,0.10578022529663514,0.12024069927964251,0.12934639880033974,0.1426071707272705,0.16276977472215556,
0.01550438691476265,0.030124795514721796,0.04302693253416476,0.05143730032402637,0.060731714834897525,0.0679470393876578,0.07234556822439943,0.07913756981733754,0.09094063562517246,
0.016012304857272213,0.03430880604924313,0.051130847592515856,0.06352746252421328,0.07666378908220038,0.0846584608203547,0.08856954037022405,0.09418765163516636,0.10182664663459567,
0.02054295591861017,0.05056723140038627,0.07881888879978499,0.101986234324181,0.1294727225539832,0.14619777869464248,0.1570048213471916,0.16906446357284108,0.18448778650543726,
0.01474246150826765,0.045137193493360116,0.07862951654282678,0.10610383976549899,0.13797897725167513,0.15847139779795852,0.1701563770630625,0.1866171940604598,0.21035719101188058,
0.01744598313908014,0.04758590487116266,0.07867920034929356,0.10362153251244152,0.13260709853360456,0.15181223300004767,0.16318104118048776,0.17964515493664937,0.2025488035521833,
0.012922830091000417,0.04170224904943162,0.0775661799723571,0.11117737817562781,0.15464353992402546,0.1815003907151649,0.1945222107486539,0.21265941448128348,0.23581673473320944,
0.014625431657383505,0.04224446823776564,0.0709860892401866,0.09631654590420184,0.1276849363657946,0.14935223982004733,0.16167883451770812,0.17809783242685698,0.1984131547795233,
0.01961267580046512,0.054099102704830294,0.08929266110393301,0.11600554494563116,0.14631898388259412,0.1656724064474059,0.17715167363619944,0.19279703439372406,0.21469972917290678,
0.014619665536654393,0.037266372813236436,0.059723012716203776,0.07758037573212224,0.09849847113963156,0.11219987204699321,0.12031600943958395,0.1321243451781799,0.14894613140455135,
0.005171509011420099,0.00817541097006422,0.010020291947841906,0.011566066445278432,0.01341852308004595,0.015214287922698912,0.014634851005910226,0.016549006672028424,0.01754213024837465,
0.019218996880146843,0.050745072436933734,0.0820253049629229,0.10819705913212078,0.13924151000121082,0.16056657346743278,0.1723415783720267,0.1878839136838052,0.20780265791092123,
0.013612915843441991,0.023595551956624366,0.030822558641415372,0.03607011326476736,0.03970919684169872,0.04475268924169088,0.04948200729776058,0.050769796889286234,0.05894601659631154,
0.013826201508026888,0.03909732557722247,0.06699275590615475,0.0898057708988363,0.11636910174134972,0.13340794429957728,0.1431538925342686,0.15675901997802336,0.17765783550183262,
0.017601610262760067,0.04430859248694488,0.0706990585548199,0.09097416028056553,0.11419393968163097,0.1301026281039141,0.13925695399480634,0.1523816358500908,0.1703285183495389,
0.01759364606357266,0.050243177091254324,0.08570154130256151,0.11491530025097758,0.15060982378399634,0.17432903420067478,0.18857501359764445,0.2081004912717348,0.23511834667513626,
0.0223293168838889,0.06088487740297904,0.09929474891111024,0.1319021957184555,0.17224396412258927,0.20056195899826323,0.2169733282170937,0.23979959077941623,0.2679698011336039,
0.015312214105314576,0.04443545620352328,0.07576371872698329,0.10209327928241352,0.13511444467488512,0.15758850496922786,0.17020199642107808,0.18842795289535627,0.21087805927620915,
0.016119219378028474,0.04349932752996281,0.07156169392208601,0.09382040916563986,0.11862619476135804,0.13469173150467256,0.14420851441975746,0.15725072471932766,0.17635861676005138,
0.008758395515780613,0.01463945540096147,0.01862956570462804,0.021575291511602555,0.023292113131570015,0.025375161096571553,0.02715430937459369,0.027629020812239287,0.02992375740700971,
0.017805346592391972,0.03693282793059537,0.05407963978900374,0.06598997797163504,0.08164196408095602,0.09489528732741748,0.10343210527354661,0.11611028370032257,0.13409178010323905,
0.01648771092248118,0.04947924883485176,0.08524980938843267,0.11692444106736839,0.15575299607865353,0.1820528748611032,0.1959411670042036,0.21335229460127172,0.23173948662200747,
0.011636492056936287,0.032970924704742756,0.056582623874677766,0.07800062496124664,0.10502763736555747,0.12469673367827426,0.13625057566709653,0.14910274022889203,0.169250517397058,
0.015564864907551936,0.03498912974781988,0.053697368727954234,0.06742275893840663,0.08458128672214547,0.09663960529160213,0.1047095467586475,0.1151565277776334,0.1299013609178682,
0.015682564802902404,0.04210638642380794,0.06834509262474155,0.0898561816076137,0.11519197685503936,0.13185931132587048,0.14138762354933118,0.15376169662561126,0.16846230452789027,
0.015571662835892466,0.03097735295985502,0.044309604220440134,0.052378560366285236,0.06116581793687125,0.06700704361338784,0.07177884671465026,0.07788362545947175,0.08892251550996895,
0.01656040054563412,0.04782610042675905,0.08425942701049816,0.11694537884820153,0.16035978284969726,0.1917597100975395,0.20981032780923312,0.23303010979784855,0.2635728895849507,
0.01579234585510079,0.0387366090258231,0.060846456375387825,0.0784406896260643,0.09843353574470352,0.11234848949953086,0.11982394799433381,0.1289529912484165,0.14188388700705967,
0.015813170117279677,0.041274690756597676,0.06775951261983076,0.09052402426017711,0.11703953506418698,0.13450590531483228,0.14401841227602918,0.15724433539121963,0.17398419762403577,
0.019090817540609085,0.04931615374552188,0.07863039499004394,0.10307657797130143,0.13178882278942974,0.15133906128104221,0.1623121683956161,0.1764888778947547,0.19421952054992211,
0.017217092253001994,0.04034482282547557,0.06309742678524083,0.08009996332159736,0.10025402355942262,0.11473396755077363,0.12424565413766919,0.13724061960388137,0.15658377206182686,
0.010351757674251142,0.019160422788384594,0.026457379556277846,0.0319601503103163,0.039002460549597905,0.0447061693169802,0.047934302814324724,0.05301589068467553,0.06056128529858109,
0.005019448004741292,0.007747043186639769,0.008610814561632091,0.009826686009691788,0.00973427376911734,0.008489254165945988,0.010027879961250943,0.008037268307505382,0.008183566947953693,
0.01712897046397598,0.04740977672183714,0.07830078773910777,0.10570491689768959,0.1402554684927456,0.16505807761935665,0.17911426965264096,0.19966922990333566,0.22534870880770586,
0.015591852627054868,0.040637014130050476,0.06554498214561388,0.0848390444677563,0.10673372645597111,0.12106834082625452,0.12945774741597574,0.14222183268520974,0.1600598042001736,
0.01783860686490201,0.042853680795225516,0.06714235635565313,0.08500634206750292,0.10598052918337911,0.1205584893898468,0.13045339617898574,0.14455635968032984,0.16440871302673732,
0.017043700743787128,0.039009626169665565,0.0599004723479114,0.07520934010967652,0.09370411576467,0.10786203552758779,0.11763915793838908,0.13193651727814606,0.15373722862844305,
0.019590026981911375,0.05181038875034182,0.08344216490623067,0.1108586606226122,0.14522496596457934,0.1687124860640834,0.18281273802135423,0.20218707043414186,0.2263148378181603,
0.015738557416518525,0.041063848956506284,0.06644853793677853,0.08725358563721378,0.1119627263677571,0.1288121376235765,0.1389932210299565,0.153081329645101,0.17233513240117296,
0.01859280283558907,0.05245860575468325,0.08759679207371111,0.116534541139269,0.15181909292490017,0.17665603626592744,0.19151911680693692,0.2117857079131318,0.23908833257244355,
0.015944005733567034,0.04192580709013009,0.06797164542908392,0.08889246662594393,0.11201383304288624,0.1258236007890081,0.13297090811345566,0.14165632996221308,0.15167177281463728,
0.012079631038665307,0.03172823533397944,0.05270916034964529,0.07063481141657361,0.09397700581911857,0.11142106939686063,0.12291585836259222,0.14153091311353475,0.1681145524670204,
0.019281583297087405,0.03299768069610456,0.044054348435100185,0.05078435975574709,0.05974022787849251,0.06907153272208243,0.07582198110640792,0.08445668249492011,0.09885067612377445,
0.014712210822288206,0.034014155308072995,0.05138887789885147,0.06301250762320214,0.07438125594432943,0.08091690030482153,0.08405580723139709,0.08826489825124846,0.09178796133219941,
0.014163300991118623,0.03455751930596212,0.054810643440434334,0.07012857956424777,0.0885883332618675,0.10244326849461662,0.11222436688402483,0.12722786716646461,0.1497710083821813,
0.01082177155000204,0.0348032753336689,0.06142198712052501,0.08445592604163664,0.11274134124805973,0.1309056550701264,0.14065103710306817,0.1532133508279292,0.16850816023769963,
0.0157485248924556,0.034480267624975164,0.05176578544694555,0.06375429671181192,0.07727977292585028,0.08663363090515279,0.09270962488782084,0.10162492086817598,0.11488868928426756,
0.016183455258303336,0.04384974347200037,0.07298640456585698,0.09622235399798594,0.1233559370728834,0.14143019508138643,0.15145304386316022,0.16618417307547434,0.1873403909046771,
0.01919249204731919,0.05518825569357542,0.09350544923643302,0.12678285794585167,0.16966173894946399,0.20053300976273372,0.218192744657484,0.24326401204124976,0.2746712105891617,
0.01976128935333552,0.053393747313175345,0.08710440025957668,0.11373512206177264,0.14426832685604643,0.16466984339035728,0.1764621746997831,0.19235465409064345,0.21317295573002068,
0.012449966816869383,0.0362149440111894,0.06074846235733134,0.08325171911038118,0.1119317352345644,0.1320377400088901,0.14411455523579092,0.16012844181047758,0.179897215357745,
0.015055189312829648,0.039024024352798184,0.06262579421613167,0.08142828173843562,0.1030600951101271,0.11710562218083473,0.12522975762974295,0.13665353851525433,0.15170539338399086,
0.01681561402345369,0.043089382870699654,0.06914968690732733,0.08945315787017834,0.11368222230854626,0.13010136603988529,0.1398240105096631,0.15400353582333606,0.17328728893685058,
0.011160267208171577,0.018681207351548764,0.024683592775057935,0.028262939344530252,0.03172140338832115,0.0339156732880108,0.03639434358465431,0.03791028909561712,0.04095768665730581,
0.015838075766270054,0.0394250311247024,0.06252593396923153,0.07945842436450734,0.09961161150063118,0.1136717629232441,0.12297327481947447,0.13609978322517235,0.15525314917831337,
0.023507337644824485,0.062086859130465195,0.09948802234797188,0.1318555359314562,0.17151201439396593,0.19887505725446955,0.21507512281448254,0.23703568448043197,0.2652910740389915,
0.01852925200857755,0.044281989700853404,0.07004950090692882,0.08941975433815617,0.11314654162681873,0.12962653760753642,0.14037168872256625,0.1556480268142229,0.1774945344735676,
0.010102857530543966,0.019908883859177082,0.02864067800490488,0.035394558197550545,0.04368477556280243,0.05022860162983825,0.05454913661141399,0.06119279100000693,0.07092852210528681,
0.016887832472072702,0.049935875523401486,0.08623543041395561,0.11866376091603126,0.1608137422011522,0.19172223484632844,0.20997193582638626,0.23455931373331212,0.26693070553083387,
0.017470748341225296,0.03806625996349578,0.0571765566738183,0.07066982150721886,0.08638183717333081,0.09729341033360622,0.10487667371290177,0.1159196821279913,0.13208782090354004,
0.014281093254658652,0.035856988964968244,0.05810950592076657,0.07532190879679301,0.09653868849308714,0.11206707379190915,0.12226241972314521,0.13813005872855377,0.16114284938453247,
0.018176694131848508,0.05099173887022823,0.08483020193106004,0.11318081006224281,0.14832836492501422,0.17263665841371537,0.18774016863598544,0.20844192222467953,0.23629630353826073,
0.015690039515824115,0.04355634600128173,0.07176886187793853,0.09479184095514596,0.12212208215181873,0.140656403620267,0.15124650863994304,0.1659598812832719,0.18505007440038018,
0.018457789733136738,0.04947227261199654,0.0812793184059153,0.1072361467795381,0.1379977846314403,0.15821317866394669,0.16975029216740645,0.1840916147806128,0.20048436903232678,
0.016905903020767433,0.04521012381741763,0.07473151897161227,0.09937794988283384,0.12830816821008395,0.14696878909817732,0.15770061565745386,0.17215718195355514,0.19258812722501104,
0.018695163983238342,0.04203819269698011,0.06595059197432997,0.0841057813713243,0.10545343039453543,0.11987599487308853,0.1278274548072007,0.13905043772875458,0.15438960754195086,
0.015755063989601133,0.04236674743295333,0.0694311440870145,0.08971894406731767,0.11263110854126268,0.1277283505093354,0.13730255036296787,0.1511583905473204,0.1712267299161709,
0.017769804288572236,0.049490924264269195,0.08193742697396549,0.10641095801690174,0.1331950784742621,0.15023618052995522,0.16041317503149788,0.1754962023240085,0.19781513036047757,
0.01623066663662162,0.043287842937973865,0.0689051157291107,0.09100305627296348,0.11657086065436997,0.13376706761647736,0.1433431436230028,0.15662659602227788,0.17287418640972851,
0.018167146167749407,0.04741642277616742,0.07895103875410248,0.10583868040087806,0.14082925269499943,0.1666125692769065,0.18193308635011773,0.20279016648575973,0.23216214333498847,
0.015011828985826646,0.04084675316255378,0.067583346125406,0.08899353487429126,0.11438843455096057,0.1308186545904447,0.14079520126859865,0.15413294600861627,0.17221198390364778,
0.016950127287701285,0.04043256854339024,0.06389461569269941,0.08150460369279963,0.10364386377168454,0.12075390458181184,0.13206223093309327,0.1494456721566984,0.1758556204400967,
0.018444503718750723,0.04687065474824571,0.07552457487813594,0.09779885200001813,0.12442624031101453,0.14332174454807597,0.15514001579771983,0.17191870248218843,0.19647777457323645,
0.013184060013075127,0.03721366429730554,0.061512753133060795,0.0836539073216494,0.11206249603748449,0.13228751991700954,0.14357045629629092,0.15946064867479046,0.1793774584760299,
0.01360129046000595,0.03682780149788803,0.05996703033412542,0.08019809534639892,0.10522872057348201,0.12216539603199307,0.1329293731146635,0.14648232104585118,0.16488174834085795,
0.013323689836322802,0.02424896040627196,0.03327252009636533,0.0390569656414988,0.04689843230102468,0.05379414408394887,0.05792670995200847,0.06251475565299938,0.07154646707467006,
0.015266403063440397,0.02975102194857106,0.04222889124476125,0.0498242282375394,0.05749969988711936,0.06345454396787398,0.06810047671970675,0.07334742947063867,0.08346635549453461,
0.01971873282122127,0.05172079921882691,0.08336823855785591,0.10894114125968431,0.1384224789953742,0.15802052691142257,0.16961186541904666,0.18506529617752435,0.20490098231672957,
0.016713759097819567,0.046339952368170366,0.07594481505657527,0.09905443990091128,0.12407151038531332,0.1385569973879368,0.14632737428422538,0.15546464050090586,0.1662317965076178,
0.016387705735487416,0.05143869072977725,0.09084240492647985,0.12485638878258241,0.16782326680971174,0.1974022189599957,0.2146000147200528,0.23914993294793382,0.2732670922369853,
0.018626386728779063,0.040778538718646284,0.06289985560939483,0.07867767056392375,0.09744109971041584,0.11038850876021775,0.11774822738885178,0.12866903186535422,0.1471006580817578,
0.016493829209918563,0.046336875074211206,0.07771408987755099,0.10403250352206901,0.13501200718039372,0.15525280254664528,0.16679255196737205,0.18249127308966295,0.20376850413240252,
0.016498566703974787,0.03633799710610818,0.05585866819151517,0.07030804773870299,0.0877697252783456,0.09965773925176653,0.1069926166501922,0.11782913832398469,0.13373205450086778,
0.014904445816219967,0.035241706379497,0.05455913909803541,0.06874020068821401,0.08484267721630645,0.09542010682146329,0.10261267811114645,0.11279238523797759,0.1281796278873022,
0.017286645442138787,0.04671532870940691,0.07716661962662784,0.10119284207814899,0.12961997210708268,0.14981498178380567,0.16186524535885044,0.1810500969693359,0.20955171269065448,
0.013891626685547422,0.041661864186404426,0.0723370202151745,0.09758806619634597,0.12805208028953882,0.14817411742093176,0.1603196742368558,0.1779720762991947,0.20439388027499936,
0.013190936739688264,0.04086307324914727,0.07192042551394276,0.09903171119216124,0.13239870766815443,0.15516387534691511,0.167589909547762,0.1844488260123072,0.20884065725536066,
0.012638241181723582,0.03416015031295578,0.05585990345155748,0.07458494864816954,0.09680299944096077,0.11188658966047528,0.12078906421333364,0.1323950109861361,0.1485881544770324,
0.013834555902741,0.03937845972990249,0.06675108936201685,0.09022397096077485,0.11810106820657015,0.13638415621606012,0.14605014163308022,0.15892995170102975,0.17503488185582228,
0.019244384558933514,0.05353816099065332,0.08915250013327412,0.11857067574928001,0.15425152295522812,0.17898655389195933,0.1934383042711645,0.2134750870944877,0.23978365961991166,
0.022904600721629954,0.059097295525296224,0.09541759227932659,0.12552968240411994,0.1601209587412642,0.18197835669210669,0.19459890393882573,0.21019510418121928,0.2303907506941834,
0.017320465931410227,0.03832722000812614,0.05867532534407498,0.07374406247197171,0.09032731214644468,0.10127376981789381,0.10785580180316114,0.11590745397617035,0.12793232610131713,
0.017487075768443893,0.04863520899364211,0.08127310167661346,0.10717787702796952,0.13789032042007776,0.15806420380633954,0.16982113371069135,0.1849301651597088,0.20415673146226962,
0.017866420542317896,0.052721838250470075,0.08935095494721816,0.12042278348893014,0.158406274859277,0.18411634149964645,0.1990437552643348,0.21926572156728938,0.24452723057791076,
0.015146501759275418,0.026185666605077984,0.034669281164316584,0.039553947817718045,0.04415798330608395,0.045841584231281415,0.04742315804311644,0.04934100032364769,0.05274952350526102,
0.02062094361256675,0.05697800114131593,0.09338277658904522,0.12315696445371403,0.15865802258923245,0.18255195796320994,0.19656107001475875,0.21559343791194926,0.24117100160692231,
0.013170550720317918,0.03609595031508903,0.059768325541341046,0.08025652893923764,0.10486932648451494,0.1213514503920348,0.13084820249817747,0.14420819140829175,0.16190599890519317,
0.01636103536683788,0.044974493954201646,0.07468601625445928,0.09794351280528943,0.12482508188559761,0.142493207196753,0.153151599880605,0.16860856086812515,0.19104263323006235,
0.016048662788124318,0.04069525265196191,0.06543753443589165,0.08406007380163552,0.10590542104523237,0.12127414246853972,0.13113860875710975,0.14608753818721448,0.16922208699139676,
0.015871432374808276,0.04286401028775262,0.0699600088091041,0.09328772489184062,0.12179395242631232,0.14113193248416073,0.15222388819205365,0.16772186151999716,0.18751559819403313,
0.0147702424593881,0.030512343887794842,0.04431967032950704,0.05399833363880253,0.06519151049527327,0.07277430332251944,0.07766455112985692,0.08385559610902109,0.09115100402100719,
0.016548460833048298,0.03962282717529159,0.06317513833141315,0.08198506233999585,0.1038878857391265,0.11881359237770568,0.12758161278015942,0.13846410112873386,0.15320173792714883,
0.017848089495452153,0.05246318500316976,0.08949429235219442,0.12134658203718975,0.1624929634504221,0.19187680038479302,0.20937786447537055,0.23409696854020767,0.267208671851838,
0.019638915620795783,0.054206366806692954,0.08995380025908746,0.11891644939242856,0.1537364307253528,0.17740853517403044,0.19150857547577732,0.21188844133876206,0.24001300502914982,
0.012440079514111826,0.038733730495266676,0.06803177914658982,0.09344659733319811,0.12375680266880786,0.14322425758295146,0.15309286770933658,0.16665523737229626,0.18515900303381,
0.012616622290124441,0.02110398809931534,0.02719682704487168,0.031205366395560253,0.036207773169463844,0.03953542419774064,0.04184654711601364,0.04470848102084742,0.048232139734767025,
0.017425342516997327,0.046040133901525955,0.07509585305415624,0.09798589880921903,0.12521019432458153,0.1434977960725739,0.15445684021397882,0.16949461981571284,0.18893746839006312,
0.015364340103056316,0.04438898904247798,0.07563258847350839,0.1020230764437191,0.1327749335106009,0.1529937092911098,0.16408739627155458,0.17827311520558758,0.1963926489107875,
0.015208746695233505,0.03243971147875225,0.04846269635617176,0.060279842465590594,0.07621930379285057,0.08873131207296736,0.09738851390943884,0.11011020641264249,0.12906214599390148,
0.016860825681090014,0.0500352763527106,0.08739000144676684,0.12005089357184202,0.16040328504454424,0.18734544032002284,0.20178540292221006,0.22037112514960647,0.24459224644463448,
0.017935098010177664,0.043740864562059716,0.06982751260641736,0.09001816468911826,0.11488200449017559,0.13333736264400203,0.14545308883772984,0.16456695353721806,0.1939191350410277,
0.015614505259488274,0.03202165021805754,0.04651058827778804,0.05627999588165752,0.06758153302463783,0.07597643203193229,0.08242576072496142,0.09080959585110202,0.10390367224104453,
0.008642595879668521,0.014235644149075511,0.017557937077666144,0.01967999275046097,0.021526608693648978,0.023169749399646646,0.02333643545451023,0.02435114516009628,0.02608770941375385,
0.01603731000547239,0.031045889822751527,0.044000266049460286,0.051612638191836945,0.06048030070331079,0.0667294402650835,0.07130084427841867,0.07824524256105282,0.09006922310493923,
0.01570976605003823,0.028421681623647128,0.03949323921297432,0.04671513337888495,0.05393163407675722,0.05881985374037958,0.06075725553160182,0.06443659250840507,0.06805898030009415,
0.017581426929536997,0.04560007062302183,0.07313225948339938,0.09500490969784064,0.11960214286830252,0.13598943436908348,0.14509485645510173,0.15848586002421003,0.1756342690600332,
0.024120756016458224,0.05976828667501843,0.09408178714596688,0.12215561968820758,0.15472388519455024,0.17621715766937326,0.18853004890351377,0.20538055636591224,0.22654370249972558,
0.012471613060324271,0.020476029105256706,0.026803935671963215,0.029606655417245234,0.03343379224154663,0.036138521054895276,0.03709756947468889,0.03942635926314517,0.04405213208178324,
0.01594916231966526,0.03758871966410649,0.058483480239915994,0.07468687848178977,0.09331322992351332,0.10585803104420452,0.11337038582762922,0.12373712899833224,0.13902976964028904,
0.008946403489454238,0.01486497242846377,0.019817631051541412,0.022302203536926614,0.023887751772797138,0.026081013376587962,0.026778265945970957,0.02846746329372905,0.029478470196711303,
0.01821106495971,0.0497441891986762,0.08268968191130843,0.10985574335124677,0.14219561537022948,0.1646861801037406,0.1779947247456053,0.19697029727077847,0.22278869533465678,
0.01742667071681313,0.04838548531799882,0.08090526836140909,0.10653497471517392,0.1354543309829455,0.15359539880090553,0.16385081615024885,0.17798288289741757,0.19791334662425383,
0.014909178893901785,0.043677361253697866,0.07410346219817264,0.10078119562901866,0.13506352760116536,0.15889406421782667,0.17283175438349407,0.19058641764659273,0.21278655139032762,
0.013389140464022006,0.036738106159566186,0.06073123224910003,0.08197903167049614,0.10796051710242337,0.12604864827167384,0.13639525431472757,0.1507700644102597,0.17066826605238503,
0.017553825174473122,0.04068755607048403,0.06208088858495253,0.07788621682930277,0.09496158942206638,0.10653615754185353,0.11382026994891964,0.12376331651804849,0.13773263719394177,
0.014923241160887685,0.03751252353692182,0.05999614354525914,0.07696837140520076,0.09653563341957745,0.11042433477404152,0.11916493165817597,0.13212899180983226,0.15040792045664467,
0.013009440119412751,0.03338766641810562,0.05514060394961422,0.0731764308554887,0.09687196644320616,0.11524502266877952,0.12775151654875844,0.14549281664231634,0.17214070837642725,
0.01921462152488882,0.042339554407938546,0.06394963950040018,0.0791503909796334,0.09623363977976461,0.10661283266277366,0.11384055296084938,0.1226933286300234,0.13509306522137898,
0.018154643997767214,0.04934313671115991,0.0818300622831526,0.10799300883904447,0.14080112425894578,0.164279701523796,0.17806849647060846,0.19859137260003976,0.22617897925481378,
0.016720765219240603,0.042710551160642,0.06792448147210083,0.08767651751788075,0.10989093864222718,0.1244584114057272,0.13269147034802484,0.14325772564401287,0.15637991598476036,
0.017879325808315517,0.046549603862656636,0.07555219661865965,0.09990783320666348,0.12889172852784825,0.14964112980982608,0.16140405420044518,0.1782597275309333,0.20103880084434697,
0.019463096145169504,0.05552766243784129,0.09245792531230243,0.12328868456350776,0.15988052612393422,0.18370187400404117,0.1976363886323781,0.21473973184517356,0.23564377617078056,
0.02071753659745304,0.05608058301877602,0.09248392511386772,0.12127873565736548,0.15588306312812233,0.1794733677447622,0.19358119006782745,0.2123700151852951,0.23779972959827284,
0.017494844429307075,0.04640231351747143,0.07589961629471452,0.09925537557231934,0.1267642343743017,0.14601715404574728,0.15775178158241304,0.17458791523388978,0.19905559698519942,
0.01840024350710844,0.04576091880489543,0.07333286438914936,0.09444078546340152,0.12036944435669986,0.1387438589959399,0.15071427492572195,0.16841064711722975,0.1946494433774568,
0.015239340124637015,0.04402827221590384,0.07573247009797682,0.10306823691198756,0.13733160115009924,0.16073422617581218,0.1750780655793357,0.19327309064751558,0.220608586416238,
0.015338301439958207,0.033903482006574025,0.05059772631243576,0.06258377681066739,0.07574487465471877,0.08462767828275021,0.0909280073942149,0.09879425865830854,0.11147348090288042,
0.02213430722516798,0.058722219489956366,0.09527280938621593,0.12660454289779002,0.16540529567101142,0.19269094107063794,0.20904236736255402,0.23125717040183305,0.2599687250892235,
0.01892000890520498,0.05200870101236292,0.08532100629981602,0.11344858889740811,0.14802394229662166,0.17176918228547405,0.18616446191245245,0.20509136073783127,0.22950472985587092,
0.013116439631798808,0.04174287561110018,0.07484141283409824,0.10556534161868106,0.14614926464185196,0.1748943325207291,0.19073666069062514,0.21129420045357267,0.23616015548137825,
0.014780307703276954,0.028226694211987473,0.03957503419352191,0.046664214452487605,0.05429517896405158,0.05996014125503105,0.0635422662911385,0.06917835041328194,0.07672361340978827,
0.015021112028021177,0.042478950925740874,0.07120242377003894,0.09580900276014531,0.12661666294160168,0.14718036593172384,0.15928496239401546,0.17485762382243245,0.1956051138595592,
0.018654204839524152,0.04812967107758066,0.07709963923558971,0.10206404755388858,0.13206805088906642,0.152510176375727,0.164858055905266,0.18154696068187567,0.20290743022829308,
0.017303854846642777,0.03917533272487295,0.05946977953785459,0.07340471687544389,0.08890720550474672,0.09964197040812875,0.10633291474334099,0.11600215789614031,0.12993205087599313,
0.014609179872086684,0.04456494758615811,0.07720903580697856,0.10407730545463095,0.13516631183367855,0.1548234072233141,0.1659269397612066,0.1807822046157572,0.2019014371945192,
0.012904808694101719,0.022326774364650623,0.02913797006702381,0.033124383201868446,0.037714592563757435,0.041904812079803115,0.044172303671289305,0.04748432748407444,0.05158170868683486,
0.019563247309525546,0.05479011793470729,0.09138381360336698,0.12125813417774374,0.1557717337169473,0.17805126402912225,0.1906516180046675,0.20813096512336654,0.23270349934933193,
0.017374039511853113,0.03528472756682349,0.051204266055169805,0.062155898177192054,0.07568984327651727,0.08532340364140001,0.09260171308519076,0.10331557156091971,0.11879233797468652,
0.01897776457676515,0.05273682940451058,0.08867655275353158,0.11842253904214665,0.15593138638836662,0.18342311115113497,0.19997492380987875,0.2242517382020063,0.25733320594955744,
0.015742383881864032,0.04257894855580285,0.06955008715046634,0.09287131141875082,0.1206992252468178,0.1396340351617482,0.15083721595831198,0.16519118999402277,0.1829533873362296,
0.014458918416771063,0.0417533496572923,0.07138202934208758,0.09583546922022167,0.12496927174654468,0.1444096080682762,0.15566612884476075,0.1725603695940379,0.1995832911453519,
0.019535649711299258,0.0499037731144528,0.08076998968339831,0.1057052188190362,0.13598603038001736,0.15730112534234242,0.17075313817868484,0.18900704670480475,0.21386218590029668,
0.017907844036001302,0.048159666237398306,0.07855849322477938,0.10180931430427587,0.12778297170221284,0.1440653654611878,0.1534545353493513,0.1665256886003943,0.18414341133694015,
0.016940525665328995,0.042626798610162366,0.06745228694618573,0.08670110562534421,0.10837357836311799,0.12230102697349217,0.13006241175384425,0.14098375139786176,0.15524770308997654,
0.015051434035169176,0.026005713679512744,0.03404198666137054,0.03905044327227248,0.04414025857872059,0.04811961942594128,0.04949439510537059,0.05299529543701862,0.05964457340852633,
0.010417190567918235,0.01722970055052365,0.021817638402092478,0.023648539934787494,0.02652244519811952,0.02934706542190148,0.03145040464791849,0.034466929644178385,0.03993662157221431,
0.015505517867125283,0.04606030133100097,0.07988710111241205,0.11090087909053757,0.15263327957701375,0.18347020070690284,0.20213310658720027,0.22647394229024276,0.25848914322512506,
0.017004502473871426,0.03914128547028278,0.059908559826883735,0.07436936741081192,0.09056136698528557,0.10108536622471584,0.10783510011680883,0.11880452409643016,0.13372722355191521,
0.013724799650123336,0.038593795139240314,0.06436808134835381,0.08576126924195325,0.11160445287596352,0.12885537183708098,0.1388174088417057,0.15300726133003908,0.17224914312722062,
0.0178692405935851,0.04835825767948339,0.0787547053912938,0.1058138973933505,0.13857675277574538,0.16165552023711813,0.17486238393642156,0.19354051670612674,0.2170830892608275,
0.013748020826908727,0.03602200947452941,0.05835036432188142,0.07631666161242745,0.09731956651940026,0.11139068668662942,0.11996174113632808,0.13127223879044814,0.14774648216374775,
0.014968331456476469,0.0430987795679882,0.07694072541295317,0.10810441039118852,0.1499513476900747,0.17818037422607275,0.19275454463828148,0.21372022511016092,0.2446585370588602,
0.018230179225262568,0.04522123158305705,0.0732752033878055,0.09516025694605573,0.12245280158784318,0.14255111522913896,0.15429578331995314,0.17159694032653308,0.19637595475818218,
0.012478212898039855,0.04121322736013397,0.07454040508758367,0.10409152583293102,0.14141803322908253,0.1659284080033813,0.1797486988112194,0.1976520717658652,0.22419615871549847,
0.017323191174915084,0.03759015814296625,0.05585501553226283,0.06828987445914465,0.08148950173474527,0.09077495678143929,0.09667726266756922,0.1048134172407014,0.11735626068962518,
0.017572107148287167,0.04293637585880811,0.06777866239293887,0.08659127438069324,0.10796968480494618,0.1222036006999785,0.13063247076082363,0.1426677015801808,0.15992127285868943,
0.017718157756970852,0.048555557496181664,0.07986345976285093,0.10672616066609918,0.1399410401873161,0.16260984429090913,0.17583288112216636,0.19352386338179664,0.2162945091930314,
0.015635745204635502,0.032264715350334365,0.04704574472930945,0.05633124928791653,0.06568262860300851,0.0723667006917457,0.07697476588433184,0.0851793218099498,0.0982815176616172,
0.014314007628116548,0.03441251038644808,0.056498965308809546,0.07391831708165729,0.09643023557848206,0.11410313119256084,0.12568480318772055,0.143337256313824,0.16866257626425343,
0.015969411241278514,0.04101248480129447,0.0644730948906927,0.08470736418631829,0.10899509064116968,0.12537520086029835,0.13506100007563657,0.147211821587832,0.16084586233778625,
0.015537496238215438,0.037807342594248235,0.05982671929234004,0.0762377793717729,0.09459013236887277,0.10599308037407704,0.11226483696005235,0.12025819140218273,0.128583130268396,
0.017513175240829192,0.044669761355852045,0.0715678143778238,0.09376588987539347,0.11961341196252229,0.1379493818741625,0.1482042857714196,0.16275389736215376,0.1817359635214574,
0.016145488773196912,0.04285163144512718,0.07033275743803101,0.09258277775600017,0.118555737222727,0.1353582282747618,0.14515020686174204,0.15780337631562988,0.1754560057049588,
0.0175619928369969,0.04458526374296425,0.07048282070517281,0.09048919745490724,0.11301589604817254,0.12785367505225304,0.13626940185250466,0.14841489006371583,0.1635226225509891,
0.025087516731280336,0.06256125858981021,0.09885308069495476,0.1282863650310315,0.16193316581631031,0.18343409968041946,0.19624792189248538,0.2129474051526614,0.234288993625448,
0.015043317032876641,0.04141571718622928,0.0690211993581205,0.09095429667117329,0.11740933049908378,0.1361542954593953,0.14799117067712259,0.16557029924125016,0.19133214925667377,
0.012944796470517194,0.035940105526866446,0.06075064736767107,0.08287688057766127,0.11175509754456057,0.13149217077805186,0.14385096578747178,0.15975802274088488,0.18036623836878346,
0.017527332549108217,0.04010435236371281,0.06177510701188761,0.07766369052995624,0.09714854404464762,0.11251501244883173,0.12281033995218132,0.13879019460472006,0.16314225050196288,
0.015085548316119201,0.038421724037009455,0.06101858133000048,0.07710970482070668,0.09387662609770218,0.10368174439791142,0.10901570917785111,0.11585222719277251,0.12290156359560214,
0.01139919881107805,0.029286816696873535,0.04590011399963854,0.05941253538480365,0.07512789745804949,0.0853729288770709,0.09102113957972682,0.09750382123670819,0.10620932670556758,
0.017248969964785407,0.045878617056988126,0.07501515838468709,0.09710299829290751,0.12282437238562346,0.140341702002573,0.15141035803017625,0.1680224427975779,0.19262172361791133,
0.016735404289801328,0.043215682647361066,0.06985743474343854,0.09159360837954714,0.11754630412046266,0.1355374171464759,0.14604975262608302,0.16066585609850306,0.1804484172355594,
0.016159591648604813,0.045123900327967086,0.0770030215095648,0.10396262555811094,0.13793905477894364,0.1622052998662047,0.17770343000173877,0.20116002927501317,0.23754760722999133,
0.01563770983524262,0.04566705331927897,0.07860941748280592,0.1065311760926448,0.13993545797339837,0.1614240212897824,0.17353888169397644,0.18931870495829625,0.21045054362798238,
0.016602013987793686,0.038544596455085955,0.05932100755767835,0.0744424127375453,0.09140407662668797,0.10353590338360409,0.11071231755132746,0.12161548736555354,0.13733286241435397,
0.01579402043354707,0.04432916848703327,0.0740597912235513,0.09840222898150106,0.12752438837550908,0.14740344375764963,0.1586203878756119,0.17507058937716663,0.19785756827508044,
0.016101711851047026,0.04222571817736862,0.06768768297704268,0.08878646062433641,0.11305884971362477,0.1283275900877217,0.1365096869883199,0.1453173799783168,0.1545315534704732,
0.016670503115695703,0.04481982997637135,0.07414629378799681,0.09752135568279904,0.1254187073436235,0.1442989669677448,0.15563250209466867,0.17119364713218935,0.19322452400353277,
0.016194112380325535,0.04397412953778773,0.07154458591696101,0.09467502326344006,0.12192476791945238,0.14011593822393573,0.15076394771216337,0.16537113344964646,0.18432362239147013,
0.016534938945855306,0.0430111436415786,0.06919782983085247,0.09132558335799723,0.11785471527449422,0.1353897107890446,0.1451437125035283,0.15814945825654564,0.17452252255615716,
0.015232229444626686,0.03787988831885962,0.06019637297203616,0.07738598900282632,0.09690191499939962,0.1101791326535005,0.11817358152987967,0.12933226934386155,0.14505635996660518,
0.013473155001472871,0.0344425094219025,0.05696324761048124,0.075667853817338,0.09906777280831143,0.11590136021748977,0.12643492845332455,0.14199309202700425,0.1661781428727851,
0.012616214233145713,0.023460165726000348,0.032349136453799957,0.03861448830047555,0.0465703897974533,0.05253110339643805,0.05594689010354174,0.0614201455954769,0.06867707946585698,
0.015612339214185039,0.034196972588165876,0.052408630879080285,0.06683801359949182,0.08463016956217084,0.09758925063963596,0.10575435557862885,0.11702793791456136,0.1347767416226127,
0.014604524666751337,0.04453585544874722,0.07736658735398373,0.10612326156281561,0.14192126056968143,0.1657910567803276,0.1789758512286664,0.19612523834302928,0.21851535534846744,
0.0175612024662728,0.04552507686235962,0.07267720310143536,0.09429188374386609,0.11896370919836487,0.13405391532016148,0.1421283297310614,0.1519116751015304,0.16199759904629035,
0.014369977054695258,0.03994480798912108,0.06689029289996627,0.08963114279931417,0.11764364441105114,0.13682986563445984,0.14820874124313757,0.1633658675086656,0.18448513023281946,
0.014410848212636348,0.03641134584227744,0.05781013650525634,0.07436424649012129,0.09267658973726615,0.10457021288246766,0.11121633008727701,0.12085456193943944,0.13281460529136516,
0.017053439207418294,0.039690434521769194,0.061567402575859555,0.07800557258980198,0.09701491856674978,0.11029586827843117,0.11800817465327047,0.12986000953623011,0.1468797195211849,
0.018709786069941454,0.043397662258383006,0.06777376716775359,0.08585541075145325,0.10684152302370001,0.12165849301623498,0.1304996143943004,0.14511101417218622,0.16576267995389943,
0.016873148248967337,0.03858506497474762,0.05950620569633007,0.07501023809327367,0.09178483168638758,0.10302726375420362,0.10907608968130003,0.11851043441232444,0.1306419770918054,
0.013844443097187542,0.03563796084464512,0.057097528660425785,0.07476106291131045,0.09537505451756229,0.10902402227438045,0.11652858406997056,0.12815340360624078,0.1422059139519086,
0.013184156325265888,0.02513279837977047,0.035038882058037464,0.04168577950116676,0.05124721204827642,0.05897632890015455,0.06460115271127495,0.07089177797291905,0.0805359514580456,
0.01704480993560388,0.046593841812053206,0.07678217549043251,0.10216244682611046,0.1335240866623097,0.15492010573378392,0.16778521133397023,0.18568937547181716,0.20916653649034606,
0.017494201371552883,0.03283426777264158,0.045326933240688747,0.054101246861118106,0.06392852340291263,0.0710135512096532,0.07578877589459444,0.08398859465154239,0.09525266735079924,
0.01728764910769476,0.04068721216547018,0.06276773405785764,0.07874803140949672,0.09721349845080486,0.11083499467554833,0.1198407581766514,0.13311061500861418,0.15361864094816036,
0.01157876257661601,0.036281661947427275,0.06333756220466036,0.0890856376642637,0.12357083932903996,0.149259189130831,0.1641831702724659,0.18354578200770824,0.20778846760416975,
0.01099533819489788,0.031434856009555034,0.05381398116270298,0.07321246863643983,0.0973928545154589,0.11445082397785712,0.12499661162260976,0.13955909286507742,0.16216827186925972,
0.012141619919238048,0.027318675362087944,0.043140128648698074,0.05515073952285072,0.07046661854719717,0.08632743845434211,0.09558087601954698,0.11168364949851642,0.13389287378864956,
0.019552190254479403,0.04891447600251482,0.0780418769152985,0.10043474762849736,0.12646945564971568,0.14377615719182374,0.15380006292125592,0.16715148161226454,0.18551371575136,
0.017000868642753977,0.0435991747754283,0.0693279247908118,0.08943562772571514,0.11243493681200695,0.1275038173655492,0.13677169061810082,0.14913426558470624,0.16588165177561637,
0.016384340650201782,0.043941463102524426,0.07455482859775087,0.10111115937347996,0.13583958473160276,0.1608920906998463,0.17525029215487822,0.19495185083533134,0.22074970845382275,
0.01707559299048401,0.046307840229944115,0.07825539825586955,0.10649628052528601,0.1438067748255599,0.1716410001526585,0.18866094786584145,0.21161418309674715,0.24225264952961648,
0.019670575581363533,0.05169268373415226,0.08274493036708598,0.10823683941091289,0.13759218118114472,0.1563302967113236,0.16737461814415075,0.18139937806309395,0.1994047744587731,
0.01814527357177686,0.04972745253531304,0.08240670681990477,0.10816618632074672,0.1386232479002201,0.15914755219205298,0.17128952489922963,0.18923135136824484,0.21441540420164742,
0.013184222231264047,0.025772385040396802,0.03674221015393608,0.04458723480233636,0.05496627055016406,0.06346511208487671,0.06857437238146237,0.07661539006096514,0.08779896154813503,
0.013965379088932762,0.03770291776714086,0.060209226990201724,0.0796417635058617,0.10330946459799403,0.11931211386497871,0.1283258184585517,0.14099977089861684,0.15681798315797052,
0.014666228916656485,0.03816622916473893,0.06258657294876892,0.08169283887663208,0.1034146928557172,0.11611563277488555,0.1231508027236321,0.1290744099874024,0.1334301493311687,
0.0178910281694401,0.048661103219519046,0.08030652652830554,0.10463136264586233,0.13224475996217297,0.15067480854325035,0.1617687331936712,0.1785469878066123,0.20216268717257924,
0.01637437610749116,0.04621186711019889,0.07673652275246709,0.10359751976434348,0.13734948929775448,0.16153517489078958,0.17621150867039145,0.19652252230036266,0.22380011395913413,
0.019749392474912676,0.05505324708830793,0.09117430022180413,0.12045783618286164,0.15477625971052694,0.17687381967981017,0.1894708307242544,0.20552168073854932,0.2266630033531617,
0.01717134207166272,0.04746249061441373,0.0786490783294753,0.10539303083672992,0.13922863277679579,0.1627131769571085,0.1773332153803862,0.19759299392346028,0.22419097665072468,
0.016389993259478975,0.044225492630782494,0.07176191169238916,0.09355257246513445,0.11765307137695918,0.13230141538350887,0.14024602310847908,0.1504610590003921,0.16258654973504996,
0.013806266878793048,0.03283530355654912,0.05162042811941459,0.0662428196065291,0.08608407389591081,0.1024285292110698,0.1136432527244328,0.13042693807876574,0.15538128412018531,
0.0190768529965428,0.053049739187064876,0.08786797399730721,0.11656913114842407,0.1502018256492503,0.1720606763917721,0.18443106987686592,0.20034323779774874,0.22011628284680348,
0.015261802748427025,0.03727818858284125,0.058304446337780494,0.0750177947574726,0.09412481889981658,0.10695045869551584,0.11440224933069101,0.12409191057588843,0.13621875587862217,
0.015821868560406883,0.033197943875491284,0.04850210365106323,0.05842044779395485,0.07010246066705848,0.07918834884864764,0.0849849583984744,0.09457988325428483,0.10917502779435168,
0.016436164358739656,0.04581087631164258,0.07812149449718031,0.10543896615851614,0.1399019721988352,0.1637221140552824,0.17749047525153885,0.19677775657203328,0.22284467507304606,
0.01319787442784647,0.03549600152484337,0.058998933091373836,0.07775862917301868,0.10010788270238997,0.11549176241868182,0.1252262991444415,0.13972637529926477,0.1618553881002969,
0.017522687847818273,0.047199212001971844,0.07686746401180675,0.10051611159569164,0.12783912217788293,0.14528635110190272,0.1548436806393774,0.16758754235348503,0.18321595640878052,
0.015353818540137586,0.03278619343641774,0.04938051074497519,0.06118819017595292,0.07566030212573739,0.08778891450047471,0.09523722645289504,0.10708625968159524,0.12443935992274731,
0.015339917318951148,0.04176612564839568,0.0697673811567228,0.09194071866674369,0.11827632202197329,0.13583248336690878,0.14640677602806473,0.16236068829825068,0.18610861844167131,
0.017507478505524372,0.03882260994435965,0.05915162416461461,0.07394770285751308,0.09104869073063578,0.10290508025427904,0.10962407882145088,0.12004565281157566,0.1333681597499383,
0.016234909716141048,0.03313898480460268,0.048241799213532326,0.058947952550793666,0.06993246085962261,0.07745268219309931,0.08187467545793935,0.08832582816988545,0.09705878601393189,
0.016422549893017713,0.04528867749345958,0.07497274069282732,0.09887147904042586,0.12647757966154693,0.14477953493772228,0.15504741900331265,0.17005333136107167,0.19084525506631408,
0.016090609911090653,0.029708261808369333,0.04122519953855995,0.04979322548565381,0.06211297408291515,0.0730402953088287,0.08024972444732023,0.09118046507089402,0.10643678001068588,
0.019573019723213576,0.055032214596768846,0.09200095735179295,0.1210028613804326,0.15458651154477804,0.1764325850134251,0.1893086762889459,0.2069315750343062,0.23202954145723179,
0.020050922146909296,0.0560654136137888,0.09311448882274967,0.1247502768366529,0.16358943250369884,0.19059274534654252,0.2063641990575029,0.22848451474630116,0.25736380682169374,
0.015168138867375012,0.03385576200672193,0.052444147258745265,0.06584349769009865,0.08140296462875751,0.09312302464487093,0.09969204832179088,0.1120392820969797,0.1294554204008261,
0.01418966019719651,0.03499109376325647,0.055303844063408096,0.07207412617390406,0.09217971520481932,0.10536157626431863,0.1130308510150212,0.12327908601152422,0.1369516990095282,
0.018438508590656967,0.04735599467861621,0.07601468148928917,0.10012902545824653,0.1289443907908383,0.14799378487576312,0.15910718547261377,0.17338772724064203,0.19090305816563571,
0.014354068261916418,0.028851110793315655,0.04222539555752391,0.04999800561757101,0.0568516930471787,0.0629753962166878,0.0671572345631479,0.07810873865278588,0.09558773895491374,
0.018362958075736846,0.050112451049658585,0.0834231055387914,0.11087378116351614,0.14455626776769728,0.16839831768358868,0.182675166284561,0.20209232527695048,0.22858675465610412,
0.016738673238670725,0.04850526733111343,0.08139672063699736,0.11096339694866587,0.1485807108196625,0.1755787691664541,0.19108679054397018,0.21253417414114026,0.23921772915562178,
0.01699143557496938,0.045821017435021816,0.07657758726508802,0.10190827925218597,0.13424423659468207,0.15730513368257343,0.17119894269462257,0.1907595654779753,0.2182755671510941,
0.0165207630839399,0.03749607963151488,0.05666498367701484,0.07038535005799001,0.08525389257669462,0.09529791413207389,0.1021591934419441,0.11092136986920317,0.1244317596605286,
0.017637377947559697,0.052480319999037364,0.0887724714585154,0.1175243880330515,0.1499862603781132,0.1700284930476672,0.1807471839055382,0.19423798814454113,0.21053798657391562,
0.0179117029854413,0.03530315785746942,0.04948478270438273,0.05815161430105974,0.06720005328420739,0.07318561962571303,0.07733582224572402,0.08449913858994795,0.09412558112687107,
0.018275802516245065,0.046039877744350484,0.07353111912849111,0.095305868427172,0.12087977874653527,0.1384275473204821,0.14830513781875276,0.16266709767020157,0.18213407714857988,
0.015003110581557235,0.04362734875484817,0.07481133211370941,0.10027897814275626,0.13133884270524399,0.15239173117332713,0.16529094439666653,0.18397068439038897,0.21160876177263133,
0.018077274520259316,0.050176329272438557,0.0819351309484805,0.10798282881672958,0.13809132680076883,0.1570045751869707,0.1664777705405591,0.1791408226819686,0.192128607229241,
0.013750314846772011,0.03648519788409013,0.061712983234218026,0.08353782928832121,0.11145215700270684,0.13105808087523405,0.14301819467086924,0.16044472063335044,0.18757744174888627,
0.010254268845990525,0.018523966087029563,0.024944988911379952,0.028524315390575,0.03347721134544315,0.037719918529072374,0.03841941893858364,0.04099059854488294,0.0395124900362634,
0.013673196916492998,0.038057025547250815,0.06399042519890938,0.08518759714922002,0.11035802940333637,0.12780856044105082,0.13845487257320946,0.1552959439866088,0.1803500277471553,
0.017017442467154184,0.04620301994759761,0.07581969870785703,0.10021654568968659,0.12825909249105397,0.14687919222241444,0.15720122460131877,0.1719409818345462,0.19161546289029016,
0.018039944975187253,0.05301313885769738,0.08970905813259804,0.12152410379668382,0.1603176232838875,0.18678055177333577,0.20217558846110031,0.22293509669150086,0.24863161131473477,
0.013715584648594759,0.03759059102369844,0.06318058311091919,0.08454449647132033,0.11084618630856961,0.12999515615599302,0.1416711231872725,0.16004574785831172,0.18640859615903266,
0.009502116402614847,0.01614063333218961,0.02192900770350677,0.02513136728780272,0.029527726437260517,0.03269109103415502,0.03751774373024918,0.04037272661442871,0.042747703426572116,
0.020015824689760823,0.04177828150643878,0.06497995210190143,0.08290516459902895,0.10439440729113576,0.11802736815695158,0.12608007042144284,0.13550423413244278,0.15024835792940608,
0.02210906009075413,0.04309888422210791,0.06378681461879675,0.0785870001876194,0.09278335900535596,0.1018225006342313,0.10920505867357154,0.11625467204808218,0.12683995236388232,
0.018929316761900804,0.04954452229469198,0.08005072533856204,0.10456384597694954,0.13400970785756391,0.1543007688963497,0.16639270488580757,0.18338057021829987,0.2060537926207076,
0.011840825684499259,0.021625579452831962,0.02998059849586453,0.03510307198998851,0.04276412621642342,0.04937522540441742,0.05197252499330727,0.05786521143175618,0.06536597745786918,
0.016292071325135826,0.04514222142869989,0.07540802055716418,0.09993473607215911,0.12976959472215782,0.15000094730641567,0.1616119430653349,0.1772053219914111,0.1977625919037536,
0.01613300864590688,0.04610517456611395,0.07719661581125686,0.10171773963089253,0.12764643536226036,0.14256991193431065,0.15072861671039042,0.15864338318533877,0.1676094889652985,
0.017247266805686386,0.045165237138564046,0.07257450706358883,0.09451578605794657,0.11917459135545504,0.13605160422304155,0.1450282375026481,0.15771850136404805,0.17444102129771968,
