0.0450725,0.0503166,0.0537099,0.0557667,0.0594294,0.0618668,0.0733388,0.0743305,0.0756036,0.0757084,0.0761429,0.0758579,0.0753836,0.0745118,0.0741261,0.0605572,0.057887,0.0548675,0.0522473,0.0488644,0.0445598,
0.044918,0.0478989,0.0505069,0.0529412,0.0541881,0.0566873,0.1016654,0.1039325,0.1051917,0.1062185,0.1061631,0.1059986,0.1050255,0.1034378,0.1011981,0.0571804,0.0560386,0.0537785,0.0515503,0.0487388,0.0460842,
0.0385446,0.0392079,0.0407576,0.0420726,0.0434742,0.0449876,0.0624125,0.0633636,0.0643926,0.0649783,0.0651295,0.0650362,0.0645627,0.0634956,0.0626276,0.046031,0.0444509,0.0433136,0.0421082,0.0407984,0.0396232,
0.023076,0.0233555,0.0231168,0.0222304,0.0221579,0.0215597,0.0215004,0.021709,0.0213492,0.021774,0.0218135,0.0214795,0.021788,0.0220173,0.0214463,0.0222902,0.0225105,0.0232344,0.0232505,0.0239172,0.0244173,
0.0435948,0.0447405,0.0455302,0.0466209,0.0479761,0.0492858,0.0578222,0.0584649,0.0592763,0.0595046,0.0595299,0.059484,0.0587697,0.0580711,0.0573906,0.0481014,0.0467748,0.0454269,0.0443988,0.0431879,0.0424641,
0.049445,0.0534528,0.0562317,0.0588276,0.0613683,0.0629434,0.077153,0.0776483,0.0783613,0.0783428,0.0787208,0.0785809,0.0782201,0.0780711,0.0771711,0.064089,0.0619958,0.060097,0.0578107,0.0546124,0.0506017,
0.0415418,0.043719,0.0459515,0.0476734,0.0499891,0.05199,0.074203,0.0760123,0.0773013,0.0783054,0.0785028,0.0781879,0.0772804,0.0756047,0.0739051,0.0505662,0.0487168,0.0464002,0.0443657,0.0425733,0.0403211,
0.0388044,0.0402478,0.0418409,0.0432396,0.0445028,0.0457848,0.0585727,0.0591444,0.0601273,0.0605353,0.0605291,0.060134,0.0597219,0.0592194,0.0581746,0.0450095,0.0435182,0.042175,0.0408115,0.03979,0.0382657,
0.0383471,0.0426479,0.0480486,0.0519065,0.0564823,0.0607659,0.083476,0.0840101,0.0844176,0.0847913,0.0848397,0.0848447,0.0846677,0.0845189,0.0837082,0.0606357,0.0568304,0.052363,0.0489107,0.0431015,0.0382772,
0.0374135,0.038322,0.0389318,0.0390907,0.039453,0.0397882,0.0429443,0.0431937,0.043562,0.0438111,0.044107,0.0438985,0.0438596,0.043841,0.0437034,0.0399424,0.0395366,0.0388116,0.0383963,0.037958,0.0371673,
0.0427779,0.0448997,0.0472231,0.0490794,0.0512378,0.053398,0.0670533,0.0674421,0.0681386,0.068445,0.0685172,0.068139,0.0679218,0.0673554,0.066888,0.0540966,0.0526108,0.0503927,0.0484128,0.0461273,0.0442264,
0.0431493,0.0457714,0.0483718,0.0507061,0.053175,0.0555136,0.0744035,0.075642,0.076573,0.0771964,0.0771294,0.0769765,0.0763631,0.0754216,0.0740551,0.0546429,0.0524044,0.0502683,0.0480978,0.0451053,0.0424834,
0.0296522,0.0316603,0.0338544,0.0365803,0.0395614,0.0414206,0.0626987,0.0645636,0.0657237,0.0664105,0.0666615,0.0665406,0.0659331,0.0653251,0.0637367,0.0415831,0.0392305,0.0365498,0.0337782,0.0313009,0.0283907,
0.0451808,0.0485978,0.050491,0.0526718,0.0541767,0.0551413,0.0662089,0.0673517,0.0679134,0.0680214,0.0684927,0.0683968,0.0679515,0.0671948,0.0663454,0.056176,0.0554346,0.0532633,0.0514292,0.0488871,0.0457012,
0.0353835,0.0409456,0.0465596,0.0516967,0.055771,0.0592728,0.0780808,0.0792278,0.0797878,0.0802076,0.0803399,0.0803504,0.0798797,0.0795643,0.0787422,0.0603631,0.0564648,0.0519483,0.0469371,0.0417702,0.0354797,
0.0171064,0.0267556,0.0350677,0.0457694,0.0573787,0.0698317,0.0945024,0.0910013,0.0882876,0.0864926,0.0859753,0.086514,0.0879706,0.0905511,0.0941527,0.0700589,0.0575981,0.0457317,0.0349035,0.0270714,0.0193998,
0.0303752,0.0375027,0.0498102,0.0611854,0.0726647,0.0825594,0.0926566,0.0918224,0.0909706,0.0911146,0.0911694,0.0910524,0.0910054,0.0919364,0.0924256,0.081637,0.0720236,0.0604185,0.0494642,0.0371307,0.0303358,
0.0276535,0.0291619,0.0288085,0.0292971,0.0311498,0.032444,0.0580506,0.059693,0.0606441,0.0612044,0.0613358,0.0612601,0.0604878,0.0590232,0.0578637,0.032802,0.0311517,0.0300623,0.0290965,0.0284842,0.028269,
0.0483245,0.0492611,0.0499288,0.0507671,0.0515494,0.0518637,0.0551243,0.0557,0.0558456,0.0558076,0.0556051,0.0557396,0.0557603,0.0554726,0.0549215,0.0517843,0.0513416,0.0503354,0.0501193,0.0493704,0.048482,
0.0320056,0.0319578,0.0324486,0.0322847,0.0329601,0.0333855,0.0383356,0.0389519,0.0389158,0.0391501,0.0393639,0.0392979,0.0390701,0.0386616,0.0385148,0.0334255,0.0330498,0.0324958,0.0322085,0.0317616,0.0318615,
0.0471336,0.0489174,0.050115,0.0515357,0.0530617,0.0550802,0.076167,0.0782556,0.0795392,0.0806899,0.0808292,0.0804008,0.079433,0.0780782,0.0759518,0.0543003,0.0524752,0.0508901,0.04988,0.0490303,0.0472281,
0.040624,0.0441411,0.0475093,0.0500094,0.0538069,0.0574334,0.0900386,0.0915901,0.09239,0.0930853,0.093339,0.0932339,0.0922206,0.0909544,0.0898288,0.0559813,0.0520481,0.0484775,0.0458471,0.0423377,0.0400114,
0.0257993,0.0253251,0.0237554,0.0228266,0.0222626,0.0213303,0.0205017,0.020675,0.0204843,0.0208424,0.0212371,0.0212411,0.020917,0.0207996,0.0204372,0.0207596,0.0219339,0.0225542,0.0236977,0.0249115,0.0257125,
0.037558,0.0390848,0.0419947,0.0427985,0.0442029,0.0454509,0.0558537,0.0572379,0.0579208,0.0580705,0.0584529,0.0582441,0.0577984,0.0570132,0.056092,0.0461643,0.0448519,0.0439882,0.0420003,0.0408679,0.0378147,
0.0410956,0.0438856,0.0456513,0.0483489,0.0508065,0.0540737,0.0802707,0.0818381,0.0828185,0.0832765,0.0838155,0.0835321,0.0829587,0.0822433,0.0808448,0.0550907,0.0520826,0.0498181,0.0475539,0.0446183,0.0432888,
0.0437577,0.0461409,0.0490558,0.0514666,0.053386,0.0556493,0.0693281,0.0700551,0.070659,0.0712031,0.0711634,0.0713047,0.0705895,0.0701729,0.0688875,0.0553119,0.0532022,0.0509095,0.0488435,0.0463926,0.0433822,
0.0528153,0.0535748,0.0542591,0.0545892,0.0546643,0.0549955,0.0585291,0.0582299,0.0590882,0.0587001,0.0587461,0.0590702,0.0591803,0.058101,0.0581468,0.0557588,0.0552222,0.0554272,0.0550127,0.0544157,0.0541505,
0.0471203,0.0513141,0.0545232,0.0571153,0.059675,0.0606427,0.0691659,0.0692255,0.0699661,0.0699936,0.069989,0.0698259,0.0696371,0.0694245,0.0684234,0.0592101,0.0573389,0.0559279,0.0529997,0.0496895,0.0465306,
0.0431727,0.0454887,0.0485756,0.0513024,0.0546911,0.0579948,0.0812686,0.0822208,0.0828314,0.0835463,0.0836147,0.0834938,0.0831906,0.0827494,0.0817637,0.0589758,0.0555531,0.0530992,0.0498843,0.0468703,0.0445039,
0.0597301,0.0622247,0.0643282,0.0663881,0.0686552,0.0707066,0.0818646,0.0827026,0.0831514,0.083467,0.0834237,0.0833784,0.0828453,0.0824075,0.0814041,0.0691456,0.0681895,0.0657082,0.0633954,0.0610852,0.0584718,
0.0349331,0.0382035,0.0403945,0.0430657,0.0463976,0.0497344,0.0804542,0.0819567,0.0829416,0.0837585,0.083997,0.0837144,0.0831555,0.0820238,0.0805806,0.050774,0.0475577,0.0444936,0.0416342,0.0387234,0.0362058,
0.0309467,0.0327272,0.0352968,0.0385494,0.0416851,0.0450158,0.0689931,0.0700903,0.0710945,0.0714323,0.0713545,0.0713602,0.0706007,0.0698552,0.0685151,0.0444801,0.041183,0.0382827,0.0352239,0.0323039,0.0298711,
0.0652596,0.0667766,0.0676702,0.0683178,0.0687883,0.0688942,0.0711194,0.0717876,0.0719001,0.0720247,0.0718892,0.0720854,0.0719361,0.0714247,0.0710717,0.0679392,0.0674999,0.0670584,0.0665827,0.0655597,0.0640947,
0.033383,0.03258,0.0316706,0.0311322,0.0307682,0.030692,0.0326273,0.0328976,0.0334095,0.0328524,0.0331487,0.0337439,0.0329452,0.0329872,0.0323485,0.0306824,0.0306181,0.0314214,0.0313866,0.0321837,0.032756,
0.045431,0.0515421,0.0584873,0.0638414,0.0691239,0.0733985,0.0784211,0.0780443,0.0778227,0.0778481,0.0777103,0.0780521,0.0784243,0.079291,0.0796456,0.0721318,0.0679825,0.062412,0.0564746,0.0509409,0.044515,
0.0507873,0.0542854,0.0571382,0.0598836,0.061738,0.0633064,0.0731763,0.0742213,0.0748624,0.0753843,0.0751887,0.0752492,0.0746632,0.073838,0.0730962,0.0636249,0.0626432,0.0601354,0.0576906,0.0544141,0.0511318,
0.0437957,0.0458564,0.0474437,0.0492411,0.0511316,0.0527295,0.0697348,0.0709458,0.0719736,0.0723312,0.0725667,0.0722491,0.0713219,0.0703867,0.0691154,0.052647,0.0507768,0.0493379,0.0482508,0.0462033,0.0441638,
0.0384272,0.0441236,0.0501041,0.0546896,0.058323,0.0614086,0.0791881,0.0812141,0.0824525,0.0833303,0.0835397,0.0832292,0.0826133,0.08121,0.0794146,0.0611676,0.0584458,0.0548798,0.0502165,0.0442251,0.0379606,
0.045824,0.0495117,0.0524604,0.0546738,0.0566763,0.0585882,0.0847331,0.0867507,0.088172,0.0890325,0.0892287,0.0889514,0.0880666,0.0867705,0.0848187,0.0609543,0.0590152,0.0568321,0.0543467,0.0517459,0.0474324,
0.0289987,0.0290008,0.0291483,0.0306466,0.0326479,0.0358499,0.0768065,0.0786579,0.0803299,0.0811001,0.0815575,0.0808605,0.0801953,0.0789671,0.076968,0.0348847,0.0321386,0.0305511,0.0283442,0.0275824,0.0281004,
0.0401256,0.0419527,0.0447095,0.0472216,0.0508635,0.0542155,0.093977,0.0959751,0.0973761,0.0983585,0.0986031,0.098478,0.0979779,0.0968511,0.0951742,0.0552593,0.0510692,0.0477268,0.0447784,0.042944,0.0413867,
0.0447289,0.0463617,0.0475758,0.0486224,0.0489425,0.0492064,0.0486701,0.049137,0.0494838,0.0495593,0.0496085,0.0495417,0.0494696,0.049405,0.0488817,0.0483389,0.0483359,0.0475058,0.0466925,0.045249,0.0434555,
0.0177919,0.0256252,0.032484,0.0407218,0.0518128,0.0634732,0.1052684,0.1053405,0.1058437,0.1061768,0.1066013,0.1071654,0.1071394,0.1073598,0.1079284,0.0678128,0.0553137,0.0439283,0.0334753,0.0246583,0.0182787,
0.0385507,0.0399749,0.0413136,0.0438261,0.0457029,0.0484343,0.0725007,0.0735424,0.0744425,0.0750943,0.0749611,0.0747078,0.0737673,0.0730887,0.0719203,0.0488518,0.0460594,0.0437432,0.041231,0.039539,0.0379749,
0.0413668,0.0429272,0.0449126,0.0466951,0.0486147,0.0502877,0.06558,0.0663796,0.0673326,0.0677486,0.0678982,0.0678276,0.0672932,0.0663383,0.0654399,0.0501208,0.0483868,0.0467178,0.0444667,0.0427869,0.0409603,
0.0538677,0.056743,0.0593226,0.061947,0.0638687,0.0660599,0.0869721,0.0886302,0.0896498,0.0903512,0.0904552,0.0900873,0.0895185,0.0881598,0.0865812,0.0653303,0.0633009,0.0613195,0.0591906,0.0564543,0.0534128,
0.0441983,0.0452746,0.046026,0.0462027,0.0470395,0.0474684,0.0541338,0.0545139,0.0548756,0.0554347,0.0556143,0.0554868,0.0550279,0.0546028,0.054573,0.0486699,0.0484474,0.0478262,0.0472782,0.046985,0.0461651,
0.0472967,0.0495924,0.0517386,0.0543357,0.0571013,0.0602827,0.0921856,0.0943516,0.0957665,0.0966936,0.0970623,0.0967024,0.0956285,0.0939848,0.0920117,0.0592412,0.0559385,0.0530112,0.0499069,0.0475276,0.0448333,
0.0423183,0.0437188,0.0445634,0.0454258,0.0462772,0.0476317,0.0540034,0.054796,0.0552783,0.0553207,0.0555161,0.0557667,0.0554507,0.0548019,0.0548704,0.0472386,0.0462316,0.0455384,0.0447985,0.0436422,0.0426476,
0.0509441,0.0534573,0.0557361,0.0588831,0.0617577,0.0643777,0.0920885,0.09312,0.0933997,0.0936809,0.0937746,0.0933353,0.0933622,0.0926866,0.0917018,0.0652563,0.0618718,0.0592715,0.0563667,0.0527004,0.0493153,
0.0578303,0.0587317,0.0598598,0.0608233,0.0615833,0.0630578,0.0685482,0.069458,0.069932,0.0695989,0.0703116,0.0698241,0.0690817,0.0689901,0.0690434,0.0630192,0.062099,0.0610003,0.0601009,0.059275,0.0580447,
0.0407708,0.0434346,0.0460299,0.0486223,0.0513028,0.0537403,0.072372,0.0738654,0.0747782,0.0750436,0.0753349,0.0745556,0.0743982,0.073389,0.0722171,0.0527091,0.0508711,0.0478324,0.0449397,0.0423098,0.0398451,
0.045907,0.048327,0.0487963,0.0494764,0.0525155,0.0550561,0.09973,0.1008942,0.1014718,0.1017867,0.1020084,0.1021255,0.1019701,0.1017111,0.100441,0.0542096,0.0520494,0.0497606,0.0482907,0.0470011,0.045296,
0.0412206,0.0439102,0.0463825,0.0482267,0.0495181,0.0510342,0.0720645,0.0734115,0.074889,0.0755307,0.075668,0.0756082,0.07478,0.0735371,0.0718486,0.0507852,0.0490804,0.0475971,0.0465801,0.0445864,0.0414218,
0.0474788,0.0557415,0.0640928,0.072981,0.0798624,0.0865958,0.0979855,0.0986272,0.0994675,0.1002086,0.100324,0.0999257,0.0991128,0.0981476,0.0974886,0.0872952,0.0813577,0.0741365,0.0658967,0.0577683,0.0483039,
0.0496102,0.049463,0.0493811,0.0493086,0.0484108,0.048936,0.0493252,0.0493612,0.049994,0.0497828,0.0496591,0.0496108,0.0495438,0.0498378,0.0491466,0.0485181,0.0487786,0.0486035,0.0488476,0.0482346,0.0486187,
0.031913,0.0311296,0.0306852,0.0305671,0.0298673,0.02923,0.0297047,0.0296027,0.0302323,0.0302091,0.0302401,0.030194,0.0296214,0.0298535,0.0294249,0.0297394,0.0296917,0.030341,0.0304079,0.0312931,0.0319138,
0.0317478,0.0314128,0.0316276,0.0309121,0.0314041,0.0311538,0.0348505,0.035482,0.0350927,0.0350338,0.0355103,0.0353633,0.0348035,0.0348587,0.0343113,0.0311548,0.0308632,0.0311021,0.0307055,0.0312825,0.031742,
0.0430488,0.0445732,0.0460521,0.0483305,0.0504736,0.0523053,0.0695182,0.0697348,0.0697657,0.0694287,0.0691829,0.0689992,0.0685838,0.0680557,0.067468,0.0507241,0.0485839,0.0459932,0.0443233,0.0424014,0.0404691,
0.0633197,0.0649201,0.0660526,0.0663837,0.066679,0.0674959,0.0798757,0.0802908,0.0805012,0.0806786,0.0808162,0.0808589,0.0805262,0.0802357,0.0791339,0.0651262,0.0646542,0.063562,0.0630926,0.0609367,0.0597313,
0.0441338,0.0458004,0.0469461,0.0481831,0.049479,0.0500561,0.0570051,0.0579067,0.057797,0.0584011,0.0587763,0.0587383,0.0585502,0.0579858,0.057793,0.0505965,0.0496107,0.0488563,0.0476231,0.045788,0.0442073,
0.0569559,0.0588079,0.0611266,0.0627665,0.0646697,0.0677735,0.0892141,0.0906417,0.0917445,0.092411,0.0925512,0.0920297,0.0914021,0.0905129,0.0889482,0.0684123,0.0660368,0.0643461,0.0627944,0.060049,0.0589921,
0.0529107,0.0548983,0.057373,0.0598004,0.0617389,0.0644615,0.0996007,0.1009286,0.1012458,0.1013528,0.1012364,0.101253,0.1010954,0.1004061,0.0993088,0.0642858,0.0617199,0.0587308,0.0570305,0.0553248,0.0530513,
0.0261541,0.0279327,0.0301106,0.0334648,0.037455,0.0424308,0.0860339,0.0877812,0.0890496,0.0896577,0.0899187,0.0894901,0.0887393,0.0877111,0.0861468,0.0434822,0.0392111,0.0348263,0.0320402,0.0290936,0.0274344,
0.0441217,0.0458418,0.0471805,0.0483784,0.0492942,0.04987,0.0753209,0.0780186,0.0802309,0.081451,0.0820155,0.0815862,0.0802842,0.0782841,0.0755666,0.0530315,0.0523157,0.0514387,0.0500889,0.0484095,0.0457932,
0.048925,0.0538006,0.058447,0.0623633,0.0654812,0.0681913,0.075555,0.0758877,0.0762831,0.0765067,0.0765657,0.0763387,0.0760907,0.0756092,0.0753929,0.0688805,0.0663256,0.0633089,0.0594884,0.0552583,0.0502255,
0.0252205,0.030539,0.0381796,0.0457601,0.0518003,0.0572636,0.0690986,0.0696138,0.0704808,0.0706515,0.0707638,0.0705547,0.0698939,0.0693901,0.0683941,0.0556142,0.050552,0.0441217,0.037841,0.0301358,0.0240795,
0.0439274,0.0466581,0.0493787,0.0520318,0.0543396,0.0566919,0.0665186,0.0671789,0.0670849,0.06745,0.0672227,0.0674036,0.0676187,0.0671056,0.0666002,0.0570048,0.055173,0.0523621,0.0500366,0.0472617,0.0446305,
0.0595375,0.0608703,0.0633555,0.0638311,0.0660889,0.0673479,0.0790375,0.0797192,0.0804291,0.0811339,0.0811598,0.0807636,0.0806672,0.0799221,0.0791722,0.0676385,0.0662181,0.0650516,0.0629076,0.061538,0.0592329,
0.050651,0.0533391,0.0557163,0.0587859,0.060702,0.0640033,0.1077569,0.1101595,0.1118307,0.112698,0.1128797,0.1125187,0.1116618,0.1098586,0.1074732,0.0656361,0.0632249,0.0599865,0.0577047,0.0558138,0.0526088,
0.061715,0.0661133,0.070533,0.0731708,0.0765961,0.0788781,0.1311564,0.1353711,0.1387374,0.1406892,0.1413465,0.1407052,0.1388991,0.1353929,0.1315061,0.0793696,0.0765761,0.0744279,0.0709938,0.0682167,0.0643427,
0.0401394,0.0427445,0.0453408,0.0475071,0.0497301,0.0520364,0.0707448,0.0721155,0.0729176,0.0740217,0.0741771,0.0741741,0.0738551,0.0731544,0.0722343,0.054849,0.0525857,0.0503146,0.0476457,0.0455525,0.0425723,
0.0350595,0.0355191,0.0358755,0.0363325,0.0369739,0.0371153,0.0427282,0.043326,0.0434644,0.0438105,0.0437547,0.0437091,0.0435621,0.0432022,0.0428023,0.0375637,0.0370624,0.0371871,0.036566,0.0360285,0.0354182,
0.0500173,0.0532497,0.0558141,0.0582874,0.0606487,0.062817,0.0777933,0.07882,0.0802013,0.0810012,0.0814103,0.0812045,0.0803507,0.0793146,0.0780439,0.0644386,0.062444,0.0602547,0.057557,0.0546529,0.0512793,
0.0479359,0.0507024,0.0533633,0.0563849,0.0595801,0.0629191,0.0965834,0.0989002,0.1006368,0.1018893,0.1020315,0.1019734,0.101099,0.0998224,0.0975337,0.0636887,0.0603476,0.0570668,0.0536491,0.0508806,0.0491203,
0.0446076,0.0496023,0.0535584,0.057055,0.0594923,0.0621691,0.071661,0.0721309,0.0727617,0.0728644,0.073074,0.0731573,0.0728945,0.0726186,0.071843,0.0633424,0.0611188,0.0580276,0.0544477,0.0499586,0.0452137,
0.0590994,0.0648365,0.0700072,0.0748532,0.0797529,0.0840625,0.1059348,0.1066513,0.1073465,0.1075579,0.1072908,0.1069063,0.1063836,0.1054575,0.1045821,0.0834387,0.0795609,0.0743694,0.0697155,0.0642246,0.0587289,
0.0383486,0.0428389,0.047771,0.051242,0.054632,0.0574527,0.0835171,0.0851663,0.0864333,0.0872069,0.0872472,0.0866737,0.0862239,0.0848046,0.0831115,0.0534161,0.0508804,0.0472422,0.043792,0.0402807,0.0360569,
0.034646,0.0373934,0.039905,0.0418877,0.0440122,0.0459806,0.0669571,0.0682014,0.0695466,0.0699718,0.0704578,0.070271,0.069722,0.0684481,0.0672906,0.0478838,0.0450896,0.0433895,0.0407361,0.0379666,0.0352473,
0.043008,0.0535807,0.0626821,0.0733959,0.0822634,0.0898544,0.0999944,0.1006926,0.1017,0.1025733,0.1023552,0.1021826,0.1018457,0.1010207,0.1006253,0.0924131,0.0856474,0.0758088,0.0665385,0.0555705,0.0455639,
0.0285316,0.0286865,0.0288978,0.0289466,0.0293866,0.0292099,0.030807,0.0310276,0.0310899,0.0313204,0.031361,0.031156,0.0311086,0.0307939,0.0307567,0.0291666,0.0291283,0.0289735,0.028979,0.0290666,0.0289695,
0.0488028,0.0520746,0.0544431,0.0570629,0.0597943,0.0620953,0.086884,0.0884841,0.0898505,0.0906876,0.0912439,0.0908098,0.0899153,0.0887188,0.08723,0.0632551,0.0605591,0.0579464,0.0551592,0.0522888,0.0491895,
0.0520555,0.0544771,0.0565065,0.0583559,0.0609284,0.0621537,0.0888681,0.0904142,0.0918197,0.092536,0.0928079,0.0923767,0.0918621,0.0905918,0.0889316,0.0636589,0.0616676,0.0600405,0.0574786,0.0549957,0.0523588,
0.0405532,0.0465496,0.052094,0.0577125,0.0624048,0.0671801,0.0988868,0.1015507,0.1033894,0.104532,0.1050035,0.1044507,0.1032162,0.1011051,0.0984287,0.0680892,0.063537,0.058942,0.0531845,0.0474393,0.0419176,
0.0353663,0.0390391,0.0429892,0.0463935,0.0495657,0.0527332,0.06659,0.0669239,0.0668356,0.067141,0.0670779,0.0672867,0.0670535,0.0668544,0.0669101,0.051914,0.0492549,0.0457343,0.0418287,0.0385895,0.0352111,
0.0493751,0.0529006,0.0556471,0.0580117,0.0613436,0.0632918,0.0771469,0.0780426,0.0783251,0.0785525,0.0789509,0.0787722,0.0784204,0.0780169,0.0773256,0.0631196,0.0612242,0.0585877,0.0563163,0.0528617,0.0503376,
0.0376339,0.0404539,0.0432756,0.0461048,0.0489355,0.0521074,0.0779058,0.0796087,0.0805691,0.0811571,0.081456,0.0810618,0.0804856,0.0794469,0.0777012,0.051511,0.0485124,0.0456972,0.0426893,0.0404033,0.0376949,
0.04604,0.0488217,0.0511829,0.0531792,0.0560355,0.0587696,0.0768745,0.0777699,0.0780136,0.0784418,0.078505,0.07846,0.0782446,0.0782167,0.0774388,0.0592412,0.0569668,0.0546739,0.0523867,0.0495854,0.0478882,
0.0387622,0.0411738,0.0448748,0.0464978,0.0496502,0.0519699,0.0820851,0.0837179,0.0849493,0.0856734,0.0858739,0.0858689,0.0848938,0.083911,0.0819278,0.0518887,0.0492078,0.047377,0.0446615,0.04199,0.0394803,
0.0388411,0.0421625,0.0453557,0.0481319,0.0508499,0.0529953,0.0660348,0.0671276,0.067921,0.0684905,0.068736,0.0683971,0.0679705,0.0670127,0.0660744,0.0519679,0.0498516,0.0472963,0.0443971,0.0413458,0.0369446,
0.0550635,0.0581296,0.0610516,0.0633762,0.0656087,0.0680925,0.0983094,0.1007294,0.1029465,0.1041965,0.1044267,0.1038482,0.1026991,0.1002905,0.0974938,0.0667055,0.0643773,0.0622127,0.059541,0.0573339,0.0544468,
0.0404848,0.0414595,0.0427073,0.0446378,0.0464598,0.049441,0.1024613,0.1046081,0.106079,0.1066433,0.106763,0.1067475,0.106012,0.1047275,0.1026525,0.0517897,0.0497708,0.0480092,0.0463355,0.0448388,0.0418688,
0.033686,0.0354729,0.0372192,0.0386841,0.0405827,0.0428155,0.06388,0.0654788,0.0664577,0.0674574,0.0677386,0.0673612,0.0667143,0.0655764,0.0641816,0.0436763,0.0414469,0.0399058,0.037678,0.035894,0.0340169,
0.0403131,0.0414699,0.0424849,0.0433023,0.0445872,0.0459604,0.0561003,0.0564844,0.0571257,0.0577749,0.0577088,0.0578096,0.0574427,0.056541,0.0559991,0.045555,0.0445762,0.0437412,0.0421981,0.0412212,0.0406765,
0.049169,0.050308,0.0528032,0.0551453,0.0568485,0.0591521,0.080615,0.0810895,0.0819045,0.082007,0.0819131,0.0822141,0.0817723,0.0814374,0.0801799,0.0603269,0.0577847,0.0557285,0.0535318,0.0514276,0.0486828,
0.0380234,0.0394075,0.040756,0.0416363,0.0426047,0.0440007,0.0564865,0.0574345,0.0584101,0.0589339,0.0591243,0.0591692,0.0587284,0.0583481,0.0576339,0.0460572,0.0444181,0.0433287,0.0415501,0.0406971,0.0385427,
0.0500717,0.0520662,0.0542195,0.0566885,0.0584309,0.05991,0.0792444,0.0806069,0.0820667,0.082588,0.0826793,0.0827133,0.0820099,0.0806022,0.0791052,0.0619964,0.0599755,0.058471,0.0562084,0.0534929,0.0513956,
0.0483044,0.050516,0.0526628,0.0549092,0.0571975,0.0599777,0.087268,0.0887693,0.0900748,0.0907403,0.0911552,0.0909166,0.0901057,0.0889037,0.0873415,0.0607143,0.0579721,0.0561271,0.0539234,0.0520692,0.0498936,
0.0502512,0.0530945,0.055514,0.0579759,0.0598913,0.0615095,0.0770193,0.0782459,0.0788371,0.079255,0.079067,0.0791214,0.0786149,0.0780542,0.0773293,0.0603696,0.0584446,0.0564263,0.0540922,0.0517722,0.0487555,
0.0429228,0.0443714,0.0460228,0.0476548,0.0481758,0.0494389,0.0580855,0.05866,0.0589614,0.0591829,0.0595886,0.059232,0.0590038,0.0586035,0.0578481,0.0491611,0.0477296,0.0468544,0.0457268,0.0438739,0.0423919,
0.0395355,0.046078,0.0521689,0.0577828,0.0622022,0.0645901,0.0881039,0.0915326,0.0944194,0.0961373,0.0969099,0.0964659,0.0947177,0.0921831,0.0888273,0.0692268,0.0656145,0.0617147,0.0562988,0.0491836,0.0416836,
0.0667568,0.0706144,0.0732189,0.075652,0.0780325,0.0791348,0.0907115,0.0918288,0.0924055,0.0929911,0.0933304,0.0926403,0.0922663,0.0914354,0.0908588,0.0766497,0.0753548,0.0732292,0.0707468,0.0683437,0.0655536,
0.0427353,0.0430554,0.0437165,0.0432288,0.0434217,0.0435897,0.0443132,0.0445701,0.0448647,0.0453289,0.0448209,0.0446802,0.0449742,0.0441933,0.0438769,0.0437413,0.0436064,0.0437893,0.0440348,0.043938,0.0428456,
0.0531403,0.0559305,0.0590143,0.0608399,0.0625843,0.0652109,0.083078,0.0842049,0.0854855,0.0859719,0.086241,0.0859365,0.0853305,0.0839657,0.0823773,0.0639071,0.0618614,0.0599372,0.0577837,0.0553921,0.0528496,
0.0354202,0.0362581,0.0362747,0.0366665,0.0369585,0.037059,0.0394249,0.0394173,0.0399281,0.0400625,0.0401347,0.0399298,0.0398238,0.039705,0.0396454,0.0373163,0.0367391,0.036509,0.0365004,0.0357779,0.0353034,
0.0455846,0.0483476,0.0495733,0.0505539,0.0516808,0.0533359,0.0584365,0.0591222,0.0590643,0.0590872,0.059711,0.0597518,0.0593016,0.0590213,0.0586281,0.0535404,0.0519366,0.0508966,0.0496956,0.0485099,0.0464172,
0.0750271,0.0782589,0.0819528,0.0843053,0.0876759,0.0901151,0.1290105,0.1314649,0.1337201,0.1351844,0.1355504,0.1351718,0.1338081,0.1316528,0.1287595,0.0882482,0.0852023,0.0826888,0.0792534,0.0763982,0.0729156,
0.0410168,0.0460102,0.0495681,0.0565678,0.0639436,0.0705564,0.0935857,0.093416,0.0932779,0.0932851,0.0933076,0.0929983,0.0923723,0.0921071,0.0917115,0.0705798,0.0640154,0.0569832,0.050781,0.0450722,0.0395862,
0.0348994,0.0352445,0.035808,0.0365471,0.036675,0.0368421,0.0381539,0.0382848,0.0385227,0.0383131,0.0383347,0.0384185,0.0384655,0.0383025,0.0383816,0.0365524,0.036199,0.035947,0.0359152,0.034865,0.0340703,
0.0314519,0.0342064,0.0378055,0.0420196,0.0455967,0.0503366,0.0925823,0.0953256,0.0972553,0.0982675,0.0988005,0.0983236,0.0971976,0.0945334,0.0919571,0.050668,0.0461447,0.042128,0.0373038,0.0338636,0.030992,
0.061007,0.0636836,0.0646935,0.0665129,0.0673323,0.0680668,0.0757859,0.0763299,0.0768457,0.0770508,0.0772453,0.0770656,0.0771735,0.0765167,0.075979,0.0679818,0.0667399,0.0657242,0.0641313,0.0628481,0.0605359,
0.02677,0.0263677,0.0254578,0.0251467,0.0246258,0.0238704,0.0227822,0.0223416,0.0230746,0.0229299,0.0230243,0.0224462,0.0231357,0.0223625,0.0230002,0.0238304,0.0250409,0.0254796,0.0255928,0.0264597,0.0270698,
0.0635808,0.0679521,0.0721215,0.0746905,0.0765861,0.0787914,0.0912339,0.0918481,0.0925087,0.0928587,0.0930108,0.0929386,0.0924468,0.0918366,0.0911328,0.079409,0.0785586,0.076577,0.073234,0.0699979,0.0649465,
0.0489451,0.0505503,0.0527325,0.0553345,0.0583522,0.0611858,0.0815352,0.0816263,0.0816171,0.081977,0.0819763,0.0817897,0.081816,0.0816048,0.0815463,0.0620233,0.0587467,0.0556473,0.0533296,0.0508896,0.0490599,
0.0497345,0.0540153,0.0587666,0.0635781,0.0691874,0.0740557,0.1003791,0.1008491,0.1014501,0.1016953,0.1018827,0.1019863,0.1013567,0.100794,0.0998935,0.070939,0.0658874,0.0608704,0.0565202,0.0509105,0.0474528,
0.0464701,0.0482509,0.0505214,0.0531884,0.0553415,0.0572162,0.0739299,0.0747384,0.0754373,0.0756582,0.0756045,0.0753185,0.0749158,0.0746857,0.0734142,0.0579167,0.055888,0.0536401,0.0515956,0.049053,0.0468269,
0.0474,0.05019,0.0532266,0.0565313,0.059342,0.0622574,0.0873055,0.0887713,0.0899348,0.090952,0.0907988,0.0904572,0.089742,0.0885194,0.0868672,0.0617053,0.058231,0.0550548,0.0521729,0.0492532,0.0458288,
0.0492248,0.0517686,0.0541329,0.0554734,0.0575446,0.0589898,0.073311,0.0743214,0.0759186,0.0776449,0.0780172,0.0766874,0.074808,0.0737581,0.0728163,0.0590344,0.0582381,0.0560748,0.054555,0.0529945,0.0506418,
0.0327397,0.0342025,0.035729,0.0372697,0.0392093,0.0411263,0.0604303,0.0619745,0.0629475,0.0636198,0.0637038,0.06329,0.0623188,0.0611366,0.0596805,0.0402911,0.0382902,0.0366162,0.0349379,0.0331369,0.0323716,
0.045209,0.0458324,0.046651,0.047132,0.0473718,0.0474666,0.0518133,0.0520095,0.0525118,0.0525582,0.052817,0.0525145,0.052263,0.0522423,0.0517303,0.0463634,0.0457285,0.0454149,0.044775,0.0439227,0.0432354,
0.0458282,0.04695,0.048577,0.0494585,0.0506262,0.0517854,0.0613691,0.0620852,0.0623855,0.0630258,0.0633003,0.0630647,0.0627452,0.0622421,0.0616092,0.052817,0.0519164,0.0507605,0.0500601,0.0485652,0.0474161,
0.0417699,0.0425097,0.0432691,0.043922,0.0446846,0.0450398,0.0503365,0.0505376,0.0506565,0.0506524,0.0512229,0.0512947,0.050545,0.0503911,0.050219,0.0453743,0.0445776,0.0443868,0.0435391,0.0430434,0.0423792,
0.0507764,0.054313,0.0582681,0.0625377,0.0668418,0.0711719,0.0940842,0.0947286,0.094963,0.0954393,0.0954266,0.0951994,0.0951469,0.094724,0.094101,0.0693753,0.0651088,0.0608157,0.0564461,0.0520773,0.0488498,
0.0542804,0.055069,0.0554178,0.0556396,0.0548968,0.054709,0.0534036,0.0542007,0.0544,0.0549528,0.0548179,0.0547834,0.0548475,0.0538714,0.0535384,0.0539834,0.0542811,0.0546321,0.0549739,0.0545218,0.0534705,
0.0484014,0.0514777,0.0558757,0.0587414,0.0626094,0.0652669,0.090213,0.0917505,0.092652,0.0934561,0.0934414,0.0933739,0.0931413,0.0923372,0.0911598,0.066014,0.0624921,0.0588578,0.0551743,0.0518673,0.0481911,
0.0546789,0.0581762,0.0617643,0.0649059,0.0673782,0.0696,0.0917,0.0939009,0.0947512,0.0955493,0.0962096,0.0958934,0.0953427,0.0939603,0.0924575,0.0692069,0.0664423,0.0635342,0.060684,0.0574154,0.0534086,
0.0412691,0.04424,0.0459791,0.0487631,0.0526913,0.0557965,0.0801467,0.082269,0.0830948,0.0843756,0.0841316,0.0836819,0.0830232,0.0815304,0.0803895,0.0559909,0.0526374,0.0495713,0.0466507,0.0445231,0.0411002,
0.0313243,0.0394643,0.0484778,0.0571879,0.0660756,0.0740605,0.0946612,0.0955361,0.0961243,0.0964974,0.0966762,0.0969221,0.0963306,0.096255,0.0955579,0.0764069,0.0685398,0.0589917,0.0487749,0.0390816,0.0303416,
0.0428653,0.0453357,0.047436,0.0485925,0.0507516,0.0522318,0.0741669,0.0751494,0.0760382,0.0765862,0.0768637,0.0765529,0.0761884,0.0752816,0.0737281,0.0517139,0.0506088,0.0491668,0.0478806,0.0461233,0.0441599,
0.0439936,0.0452374,0.0465673,0.0480041,0.0489621,0.0501558,0.0592832,0.0596543,0.060002,0.0603534,0.0603317,0.0602352,0.0601061,0.0597109,0.0591447,0.0500046,0.0489098,0.047574,0.0464738,0.0448991,0.0437109,
0.0548324,0.0589662,0.0616751,0.0639689,0.0657727,0.0672498,0.0754899,0.0762457,0.0768552,0.0773709,0.077683,0.0773331,0.0767236,0.0756876,0.0751192,0.0654173,0.0640501,0.0622527,0.0596983,0.056669,0.0529197,
0.0382287,0.0392042,0.0406846,0.0418742,0.0437341,0.0451638,0.0572436,0.0574686,0.0583237,0.0591238,0.0588876,0.058885,0.0585405,0.0575913,0.0571727,0.0450829,0.04394,0.0421954,0.0411227,0.0391027,0.0378809,
0.0331176,0.0357603,0.0389944,0.0420839,0.0446443,0.0472504,0.0631167,0.0638582,0.0643274,0.0647691,0.064846,0.0646887,0.0641943,0.0637027,0.0628774,0.0465748,0.0444176,0.0415016,0.0389304,0.03613,0.0330462,
0.0510384,0.0551068,0.05846,0.0618012,0.0644775,0.0674913,0.0784204,0.078589,0.0793344,0.0795409,0.079557,0.079328,0.0792566,0.0790161,0.0785017,0.0681825,0.0652324,0.0622667,0.059509,0.0554621,0.0520753,
0.0437669,0.0447993,0.0458296,0.0470764,0.047387,0.0479498,0.054245,0.0544673,0.0549414,0.0551115,0.0555366,0.0552189,0.0546892,0.0543562,0.0536822,0.0471817,0.0465425,0.0454446,0.0451025,0.0439331,0.043178,
0.0409106,0.0427561,0.0449049,0.0467246,0.0487759,0.0505262,0.0685726,0.0694582,0.0705497,0.0712966,0.0715206,0.0712895,0.0712625,0.0700231,0.0691362,0.0524169,0.0504611,0.0487896,0.0464038,0.0451896,0.0423826,
0.059403,0.0678446,0.0758629,0.0835984,0.0901655,0.0958603,0.1088588,0.1100413,0.1109004,0.1114043,0.1114923,0.1114132,0.1112439,0.1105332,0.1092659,0.09703,0.0909006,0.0833085,0.0752623,0.0663183,0.0578814,
0.0521338,0.0556888,0.0586833,0.060599,0.0624431,0.0632101,0.0867737,0.0892146,0.0910179,0.0921472,0.0924112,0.0922594,0.0914424,0.0897064,0.0869711,0.0613689,0.0610846,0.059587,0.0577099,0.0547483,0.051317,
0.0464679,0.0517125,0.0563031,0.0604881,0.0643878,0.0683682,0.1030682,0.1047267,0.1059729,0.1065507,0.106846,0.1065411,0.1058658,0.1048241,0.1029936,0.0694773,0.065882,0.0619874,0.0575504,0.05289,0.0476937,
0.0437301,0.0453192,0.0469539,0.0483905,0.0495652,0.0506195,0.0567656,0.0572469,0.0574286,0.0575804,0.0575458,0.0575269,0.0574808,0.057106,0.0569829,0.0507252,0.0495271,0.0482463,0.0467115,0.0450519,0.0431317,
0.052516,0.0555864,0.0579304,0.0601358,0.0618794,0.062846,0.0660975,0.0666713,0.0669602,0.0670164,0.0669406,0.0668508,0.0664335,0.0661197,0.0656435,0.0599644,0.0588775,0.0576307,0.0557425,0.0534781,0.0505547,
0.0315991,0.0319074,0.0320833,0.0324021,0.0324333,0.0325434,0.0343592,0.0345253,0.0346307,0.0348001,0.0347631,0.0348754,0.0346508,0.034816,0.0343814,0.0326675,0.0325329,0.0324665,0.0322368,0.032248,0.0319606,
0.0428157,0.0436113,0.0441065,0.0443626,0.0449792,0.0457148,0.0749498,0.0758854,0.0763093,0.076419,0.0761968,0.076161,0.0761832,0.0755768,0.0746214,0.0466396,0.0456231,0.0453109,0.0449533,0.0446859,0.0435553,
0.0440635,0.0450709,0.0462149,0.0466587,0.0470001,0.0475841,0.0506887,0.0511509,0.0513832,0.0514682,0.0516217,0.0512139,0.051537,0.0509611,0.0506976,0.0477635,0.0472716,0.0468922,0.0462724,0.0452894,0.0440807,
0.048527,0.050004,0.0517828,0.0533518,0.0553657,0.0576341,0.0735822,0.0747939,0.0753876,0.0757528,0.0759539,0.0757614,0.0752465,0.0747739,0.0734844,0.0569419,0.0550441,0.0533475,0.0520636,0.0502247,0.0488833,
0.0472642,0.0492366,0.0511926,0.0532521,0.0551575,0.0574343,0.080535,0.0820459,0.0835395,0.0842601,0.0846101,0.0845927,0.0836472,0.0826423,0.0804934,0.0573483,0.0552423,0.0530233,0.0509153,0.048721,0.0465713,
0.0534522,0.0539095,0.054197,0.0544601,0.054228,0.0543223,0.0551287,0.0555933,0.0558125,0.0560016,0.0561864,0.0559165,0.0557297,0.055586,0.055375,0.0549212,0.0551018,0.0551931,0.0549895,0.0547883,0.0546044,
0.0478812,0.051184,0.0549912,0.0586272,0.0615632,0.0645245,0.0831934,0.0843977,0.0851117,0.0856532,0.0856341,0.0854664,0.0849752,0.0840098,0.0830777,0.064679,0.0615943,0.0583304,0.0546213,0.0510143,0.0472453,
0.0508605,0.0529139,0.0554851,0.0583778,0.0609845,0.0644891,0.1006883,0.1037618,0.1060016,0.1071848,0.107642,0.1071703,0.1058568,0.1033627,0.1005919,0.0636702,0.0606627,0.0575114,0.0549719,0.0526654,0.0495937,
0.0454496,0.047005,0.0480427,0.0486088,0.0488355,0.0494421,0.0719209,0.0737671,0.0751423,0.075956,0.0762219,0.0760458,0.0750029,0.0736178,0.0717453,0.0491603,0.0483031,0.0479071,0.0473609,0.0464281,0.0446544,
0.0241743,0.0240709,0.0240893,0.0237191,0.0241194,0.0239194,0.0276397,0.0277998,0.0283188,0.0285989,0.0287079,0.0282239,0.0279565,0.027336,0.0267792,0.0242305,0.0241105,0.0240247,0.023621,0.0238392,0.0239736,
0.0341481,0.0359671,0.0378998,0.0407147,0.04375,0.0475141,0.0986668,0.1022262,0.1048469,0.1065824,0.1070618,0.1065013,0.1045677,0.1019526,0.0981171,0.0469638,0.0433354,0.0406124,0.037613,0.0350023,0.034072,
0.0424699,0.0455995,0.0488303,0.0508879,0.0536357,0.0567823,0.0847652,0.0859714,0.0870373,0.0875673,0.0878641,0.0876898,0.0872334,0.0862634,0.0848435,0.0578132,0.054914,0.0522519,0.0501659,0.0468556,0.0436764,
0.0202438,0.0263707,0.0329446,0.040969,0.049847,0.0583268,0.0805038,0.0808831,0.0815419,0.0822059,0.0824799,0.0823863,0.0817946,0.0812011,0.0811638,0.0592826,0.0507849,0.041999,0.0340267,0.0263248,0.0203011,
0.0414526,0.0454443,0.0496158,0.0532583,0.0563908,0.0596754,0.0668219,0.0669188,0.0669229,0.0668811,0.0669979,0.0670057,0.0669408,0.0670434,0.067083,0.0605886,0.0577691,0.0546618,0.0510757,0.0470554,0.0430123,
0.0419703,0.0429987,0.043483,0.0438288,0.044398,0.044963,0.0488036,0.0491751,0.0492061,0.0494402,0.0495347,0.049419,0.0492733,0.0488529,0.0487182,0.0443963,0.0439104,0.043361,0.0426519,0.0419338,0.0411675,
0.0370416,0.0383894,0.039272,0.0405299,0.0418996,0.0436985,0.056965,0.0575354,0.0578818,0.0582426,0.0581152,0.0581374,0.0575726,0.0572224,0.0568132,0.0431544,0.0420053,0.0406866,0.0392763,0.0382073,0.0382087,
0.0578004,0.0603576,0.0626196,0.0652768,0.0681842,0.0704747,0.0876838,0.0888744,0.0895661,0.0902356,0.0900593,0.0900658,0.0896397,0.0889322,0.0878579,0.0712337,0.0687509,0.0665293,0.0638779,0.0616762,0.0594178,
0.0440271,0.0462713,0.0486512,0.0511734,0.0537767,0.0561979,0.0858097,0.0880784,0.0896079,0.090498,0.0909652,0.0906198,0.0897335,0.0881476,0.0859887,0.0564779,0.0540451,0.0514364,0.0490011,0.0466134,0.0441358,
0.0416141,0.0440535,0.0470175,0.0504481,0.0539695,0.0577891,0.0932556,0.0948863,0.096378,0.0971874,0.0974007,0.0970708,0.0961962,0.0945818,0.0925861,0.0554601,0.051472,0.0481345,0.0445639,0.0416145,0.0385697,
0.0445234,0.047311,0.0493733,0.051417,0.0531369,0.0549399,0.0750897,0.0767901,0.0782058,0.0790842,0.0792399,0.0791992,0.078354,0.0772508,0.0758704,0.0551291,0.052988,0.0516427,0.0495473,0.0473668,0.0450366,
0.026189,0.0261552,0.0280818,0.0304552,0.034428,0.0393882,0.0911677,0.0947901,0.0975004,0.0992232,0.0997976,0.0998384,0.0985914,0.0963848,0.0928245,0.0405644,0.0357886,0.032031,0.0292032,0.0286424,0.0291524,
0.0525531,0.055185,0.0573145,0.0594083,0.0615211,0.0636013,0.0868471,0.0888582,0.0901078,0.0909446,0.0913766,0.0910788,0.0902096,0.088937,0.0870706,0.0623007,0.0601708,0.0579654,0.0557381,0.0534789,0.0511999,
0.0420919,0.0454314,0.048443,0.0511084,0.053079,0.0542525,0.0649179,0.0662186,0.0668741,0.0677596,0.0679268,0.0676155,0.0672199,0.0662656,0.0651107,0.0541112,0.0523607,0.0504723,0.0480158,0.0448857,0.0413233,
0.023039,0.0212909,0.019657,0.0186078,0.0175906,0.016611,0.0146582,0.0146048,0.0148039,0.0145182,0.0143743,0.0146642,0.0147811,0.0145158,0.0142893,0.0169822,0.0179592,0.0189145,0.0199222,0.0215529,0.0232022,
0.0567967,0.0601274,0.0628524,0.0652592,0.068174,0.0705652,0.0878849,0.0889203,0.0899871,0.0904787,0.0909644,0.0906379,0.0900334,0.0887557,0.0879433,0.0694246,0.0668192,0.0645092,0.0612238,0.0583059,0.0551725,
0.0412182,0.0407882,0.0400088,0.0392392,0.038345,0.0378044,0.0385584,0.0388208,0.0392646,0.0389076,0.0393146,0.0388771,0.0388192,0.0388928,0.0381789,0.0383962,0.0391623,0.0394973,0.0403209,0.0409247,0.0417011,
0.0317748,0.0385436,0.0449832,0.0508519,0.0560204,0.0601561,0.0732438,0.0743126,0.0749492,0.0750909,0.0753373,0.0752412,0.0747082,0.0740584,0.0731023,0.0599124,0.0558081,0.0506413,0.0449334,0.0386206,0.0318683,
0.0472341,0.0506203,0.0535212,0.0565172,0.0595278,0.0626359,0.0867115,0.0877967,0.0885407,0.0888686,0.0892308,0.0885834,0.0884784,0.0878481,0.0866105,0.0604615,0.0568774,0.0538895,0.050709,0.0479236,0.0450972,
0.0427498,0.0518821,0.0613605,0.0706153,0.0784748,0.0843539,0.0964696,0.0975865,0.0987749,0.099313,0.0996434,0.0994566,0.0984436,0.097415,0.0960488,0.0842176,0.0780338,0.0703919,0.0613696,0.0518561,0.042348,
0.0662499,0.069385,0.0711082,0.0734501,0.0761416,0.0789332,0.1189011,0.1212371,0.1229314,0.1240202,0.1241051,0.1237226,0.1230492,0.1205336,0.1181866,0.0799908,0.0764591,0.0747443,0.0727956,0.0707427,0.0681055,
0.0427634,0.045922,0.0506682,0.0547007,0.0586482,0.0622418,0.0892021,0.0903594,0.0912898,0.0921061,0.0920977,0.0921221,0.0910208,0.0895097,0.088382,0.0602983,0.0562917,0.0525543,0.0486725,0.0445313,0.0413006,
0.0317705,0.0385266,0.0462891,0.0545618,0.0614993,0.0675498,0.0805902,0.0807865,0.0808424,0.0807923,0.0810012,0.0809728,0.0809712,0.0807679,0.0805933,0.0693071,0.0632589,0.0558787,0.0481048,0.0407883,0.0325386,
0.028738,0.0271427,0.0257455,0.0248095,0.023588,0.0229907,0.0223193,0.0219869,0.0222627,0.0222825,0.0221136,0.0223801,0.0220914,0.0220583,0.0217308,0.0226106,0.0231731,0.0241642,0.025148,0.0267719,0.0280973,
0.0413468,0.0424265,0.0432304,0.0448297,0.0453592,0.0465334,0.0523782,0.0523853,0.0529939,0.0529139,0.0531317,0.0527873,0.0528342,0.052682,0.0521958,0.047181,0.0464101,0.0455943,0.0446061,0.0436941,0.0426981,
0.0589054,0.0625263,0.0672467,0.0698472,0.0733864,0.0755974,0.087156,0.0878927,0.0885717,0.089214,0.0891735,0.0890578,0.0886492,0.0884824,0.0879054,0.0742226,0.0717333,0.0694159,0.0658539,0.0621321,0.0581686,
0.034878,0.0357111,0.0376781,0.0398112,0.0426235,0.0448924,0.0696267,0.0703448,0.0708157,0.071221,0.0713018,0.0713559,0.0709385,0.0703414,0.0693191,0.0453885,0.0433257,0.0400307,0.0379328,0.0361092,0.0348185,
0.0410977,0.0428681,0.0444982,0.0461826,0.0471708,0.0483033,0.0576237,0.0583357,0.0588711,0.0594855,0.0593719,0.0593329,0.0587455,0.0585184,0.0579056,0.0490649,0.0473308,0.0463613,0.0448724,0.0434081,0.041359,
0.0411141,0.0455197,0.0492311,0.0520307,0.055752,0.0586632,0.086057,0.0877973,0.0889454,0.0897671,0.0900205,0.0897481,0.0893929,0.0881296,0.086473,0.0600346,0.0564467,0.0531835,0.0500398,0.0465284,0.0429887,
0.0374714,0.0379871,0.0393384,0.0402139,0.0412213,0.042341,0.0497012,0.0499355,0.0509366,0.0508728,0.0510103,0.0507201,0.0505009,0.0499622,0.0494324,0.0414588,0.0402949,0.0395316,0.0389235,0.0378499,0.0371778,
0.044791,0.0472034,0.0492044,0.0514693,0.0540491,0.0565106,0.08107,0.0826219,0.0838294,0.0842594,0.0843465,0.0842827,0.0837134,0.0824651,0.0809895,0.0572248,0.0541838,0.0521567,0.0497288,0.0471519,0.0452512,
0.0476683,0.0496094,0.051255,0.0521378,0.0537153,0.0546429,0.0661118,0.0669677,0.0680002,0.0684499,0.0690656,0.0688503,0.068821,0.0677866,0.0668805,0.0566256,0.0558918,0.054573,0.0529772,0.0508732,0.0489906,
0.0187865,0.0235301,0.0322237,0.0399298,0.0482328,0.0570478,0.0844626,0.0829728,0.081955,0.0813444,0.0808911,0.0811973,0.0815527,0.0825139,0.0838124,0.0554465,0.0468256,0.0385005,0.0312551,0.0244864,0.0184187,
0.0543085,0.0623968,0.0699976,0.075405,0.0810708,0.0849155,0.0958768,0.0968074,0.0972223,0.0974962,0.0974872,0.0971142,0.0962196,0.0950751,0.0941651,0.0816915,0.0778586,0.072602,0.0662429,0.0588508,0.0517145,
0.0369589,0.0387619,0.041168,0.0433506,0.0466824,0.0488391,0.0684125,0.0695194,0.0702581,0.0705201,0.0705294,0.0704353,0.0698028,0.0689513,0.0678567,0.0483255,0.0455478,0.0434211,0.0414506,0.0388033,0.0376578,
0.0299892,0.0293856,0.0286358,0.0283371,0.0280285,0.0280853,0.0298857,0.0301673,0.0301246,0.0303364,0.0303715,0.0305376,0.030269,0.0302956,0.0298255,0.0276413,0.0275373,0.0277215,0.0281871,0.0289465,0.0297046,
0.0140499,0.013166,0.0125168,0.0119444,0.0112723,0.0109666,0.0121897,0.0119442,0.0122698,0.0122048,0.0122572,0.0127911,0.0122453,0.0118717,0.0116033,0.0106216,0.0112186,0.0121999,0.0128485,0.0131731,0.0143846,
0.0378594,0.0429589,0.047881,0.0535065,0.0588971,0.0635566,0.0993989,0.1013323,0.103004,0.1040798,0.1043372,0.1039689,0.102842,0.1013484,0.0991724,0.0635283,0.0583255,0.0531635,0.0482795,0.0430664,0.0378882,
0.0275987,0.0305365,0.0344928,0.0388459,0.0428063,0.047234,0.0750239,0.0762648,0.0770738,0.077747,0.0779277,0.0776397,0.077272,0.0763949,0.0751644,0.0479859,0.0440657,0.0400694,0.0362756,0.0319534,0.0285747,
0.0381781,0.0401244,0.04206,0.0439513,0.0461531,0.048202,0.064839,0.0654721,0.0659138,0.0661504,0.0664963,0.0662133,0.0659572,0.0653808,0.0647362,0.048175,0.0459567,0.0437405,0.0414235,0.039314,0.0370828,
0.0315961,0.0332306,0.0348664,0.0370177,0.0391859,0.0411052,0.0580476,0.0587045,0.0592236,0.0594618,0.0594838,0.0594149,0.0591445,0.058514,0.0580687,0.0418106,0.0395603,0.0374658,0.0354595,0.0336218,0.0319361,
0.064765,0.0703309,0.0755042,0.0795989,0.0828342,0.0851459,0.1000062,0.1018233,0.1040806,0.1050204,0.1052006,0.1050735,0.103594,0.101904,0.0995773,0.0845007,0.0823416,0.078675,0.075064,0.0695484,0.0635189,
0.0448042,0.0485629,0.0516479,0.054181,0.0567677,0.0593066,0.0784208,0.0793482,0.0802352,0.0805043,0.0808232,0.0805202,0.0803638,0.0794991,0.0786627,0.0595709,0.0574249,0.0552792,0.0523335,0.0493972,0.0463456,
0.0506132,0.0537993,0.056771,0.0599224,0.0632112,0.06637,0.0976581,0.0998227,0.1012943,0.1023012,0.1026741,0.1022599,0.1013112,0.0996562,0.097655,0.0656656,0.062365,0.0590944,0.0560421,0.0529659,0.0496142,
0.041839,0.0497881,0.0585442,0.0651291,0.0698629,0.07322,0.0850055,0.0866939,0.0879741,0.0887032,0.0890279,0.0889179,0.0882393,0.086963,0.0855814,0.0746533,0.0712159,0.0664235,0.0597163,0.0514872,0.0425252,
0.0401366,0.0414704,0.0430915,0.0444571,0.0460191,0.0473873,0.0601657,0.0611186,0.0617406,0.0624634,0.0625937,0.0624441,0.0617911,0.0612074,0.060098,0.047189,0.0456381,0.0445437,0.0429567,0.0411785,0.0395869,
0.0469359,0.0472819,0.0475956,0.0473605,0.0473274,0.047352,0.0489452,0.0497676,0.0494826,0.0495829,0.0497858,0.0497902,0.0496093,0.0493361,0.0490907,0.0471632,0.0471443,0.0470226,0.0471986,0.046842,0.0466583,
0.0351143,0.0371215,0.0389772,0.0405375,0.0422776,0.0434152,0.0539665,0.0546131,0.0549822,0.0553818,0.0555422,0.0555465,0.055074,0.0547343,0.0538524,0.0436755,0.0422143,0.0408977,0.0391437,0.037213,0.0352007,
0.0365938,0.038607,0.040251,0.0422761,0.0439598,0.0457074,0.0571695,0.057899,0.0582105,0.0587608,0.0587437,0.0586043,0.058306,0.0578133,0.0571595,0.0455503,0.0437353,0.0418909,0.0400094,0.0383141,0.0366398,
0.0325039,0.0337516,0.034381,0.03503,0.0364095,0.0383525,0.0774708,0.0808565,0.0833873,0.084765,0.0849484,0.0848003,0.0834977,0.0808796,0.0776256,0.0376102,0.0359531,0.0348356,0.0338744,0.0329397,0.0321372,
0.0379613,0.0393385,0.0407628,0.0419472,0.0433931,0.044762,0.0551667,0.055867,0.0563627,0.0565503,0.0565842,0.0567512,0.0562602,0.0557274,0.0551818,0.044896,0.0435404,0.0424433,0.04075,0.0396228,0.0380878,
0.0508199,0.0559012,0.0602925,0.0641014,0.0672497,0.0697791,0.0759064,0.0763975,0.0767701,0.0768317,0.0770373,0.0769854,0.0765415,0.0761792,0.0755524,0.068978,0.0665452,0.0633017,0.0595849,0.055007,0.0500296,
0.056522,0.0602499,0.063079,0.0665986,0.0701362,0.0740455,0.100742,0.1020665,0.1030452,0.1036223,0.1036222,0.1033071,0.1025241,0.1015479,0.100329,0.0730737,0.0693179,0.0658092,0.0623359,0.0587704,0.0560224,
0.0462141,0.0492472,0.05221,0.0553878,0.0586094,0.0619886,0.0932438,0.095229,0.0968045,0.0978021,0.0979846,0.0977589,0.0968946,0.0952933,0.0934504,0.0616948,0.0581564,0.0548029,0.0514904,0.0484862,0.0458628,
0.0473555,0.0529532,0.0576317,0.0615658,0.0646005,0.0678239,0.083655,0.0848657,0.0859584,0.0865703,0.0867893,0.0865082,0.0857515,0.0847166,0.0831802,0.0670457,0.0637547,0.0606311,0.0564881,0.0520793,0.046499,
0.0403075,0.0421359,0.0439894,0.0461128,0.0485778,0.0515676,0.0766359,0.0772657,0.0775293,0.077671,0.0776747,0.0778274,0.0775798,0.0772665,0.0765863,0.0514345,0.0484397,0.045493,0.0437911,0.0417288,0.0401214,
0.0412603,0.0436513,0.0465259,0.0492016,0.0515094,0.0543728,0.0804911,0.0822881,0.0838412,0.084746,0.0849249,0.0848398,0.084072,0.0827118,0.0809646,0.055412,0.0529268,0.0503486,0.0477253,0.0449507,0.0419852,
0.0273371,0.0272567,0.0271353,0.0268866,0.026842,0.0265855,0.0267776,0.0271183,0.027221,0.0272797,0.027179,0.0272705,0.0270741,0.0271024,0.0270886,0.0263349,0.0267522,0.0270196,0.0272567,0.0274963,0.0274155,
0.0471297,0.048583,0.0500816,0.0513189,0.0524071,0.053718,0.0652782,0.0660329,0.0665711,0.0670052,0.0670592,0.06684,0.0663966,0.0656784,0.064861,0.0535167,0.0522821,0.0509262,0.0498088,0.0484215,0.0467429,
0.0819583,0.0869571,0.0911076,0.0941176,0.0961339,0.0980105,0.1228634,0.1255252,0.1276072,0.1289412,0.1294754,0.1289692,0.1276829,0.1257828,0.1229038,0.0985881,0.0964373,0.0937781,0.0905664,0.0866357,0.0812865,
0.0471941,0.0491798,0.051062,0.0526351,0.0537804,0.0551141,0.0695259,0.0705732,0.071142,0.0716633,0.0720118,0.071887,0.0715403,0.0710852,0.070331,0.0562355,0.0550422,0.0533185,0.051712,0.050039,0.047979,
0.0337937,0.0336227,0.0340013,0.0345101,0.0353739,0.0361632,0.0324833,0.031913,0.0319048,0.0319161,0.0321089,0.0320595,0.0318746,0.031962,0.0327117,0.0366576,0.035308,0.0342936,0.0337488,0.0334166,0.0334473,
0.0387939,0.0428009,0.0470775,0.0515218,0.0558305,0.0602632,0.0918519,0.0932568,0.0943311,0.0949972,0.0951895,0.0950995,0.0944744,0.0934325,0.0920746,0.0608236,0.0566078,0.0519458,0.0476276,0.0429428,0.0390365,
0.0437954,0.0458873,0.0478377,0.0498837,0.0517772,0.053197,0.0645897,0.0651345,0.0655255,0.0659743,0.0658766,0.0658094,0.0654507,0.0650573,0.064461,0.0532288,0.0516536,0.0499226,0.0479265,0.0459709,0.0438568,
0.0391169,0.0402581,0.0416019,0.0428972,0.0440608,0.0454587,0.0579481,0.0589418,0.0597278,0.0600406,0.0600557,0.0599025,0.0594538,0.0586538,0.0578304,0.0449141,0.043895,0.0423694,0.0413483,0.0400666,0.0388544,
0.041034,0.0436263,0.0466938,0.050818,0.0546186,0.0591085,0.0984838,0.1003443,0.1017552,0.1024557,0.1027856,0.1026097,0.1018867,0.1005557,0.0987762,0.060357,0.0561501,0.0516662,0.0479985,0.0448157,0.0420839,
0.0225924,0.0251445,0.0287458,0.0332018,0.0391909,0.0450927,0.089833,0.0913528,0.0924563,0.0930533,0.0931007,0.0928112,0.0923278,0.0912219,0.0898784,0.0447912,0.0388536,0.0331019,0.0285763,0.0248226,0.022619,
0.0396233,0.0429633,0.0464376,0.0499438,0.053703,0.0573874,0.0834012,0.0846842,0.085659,0.0864093,0.08661,0.0865342,0.0861406,0.0852887,0.0841352,0.0578386,0.0544687,0.0509735,0.0472484,0.043696,0.0400528,
0.0212836,0.0282115,0.035384,0.0440872,0.0531719,0.0618506,0.0868879,0.0877138,0.0885488,0.0890632,0.0892226,0.0891389,0.088618,0.0879793,0.0871675,0.0640549,0.0551946,0.046107,0.0373344,0.0293973,0.0235709,
0.0529014,0.0538485,0.05502,0.0557599,0.0567434,0.0577478,0.0664616,0.0671758,0.0674021,0.0678941,0.06805,0.0677496,0.0671769,0.0667262,0.0662581,0.0572784,0.0564118,0.0554933,0.0545591,0.0535767,0.0525325,
0.0400348,0.0428511,0.0457133,0.0486361,0.0515997,0.0544667,0.0726257,0.073242,0.0737519,0.0739186,0.0741331,0.07396,0.0737016,0.0733388,0.0725942,0.0541545,0.0513237,0.0484465,0.045571,0.0426279,0.0396734,
0.0499246,0.0519419,0.0536246,0.0555768,0.0575413,0.0599336,0.0859444,0.0876449,0.088849,0.0896643,0.0898644,0.0896073,0.0887152,0.0874945,0.0858593,0.0591309,0.0567929,0.0548347,0.0529875,0.0512691,0.0496169,
0.0415022,0.0430559,0.0442043,0.0473351,0.0509639,0.0550401,0.0908074,0.0914052,0.092088,0.0923338,0.0924557,0.092282,0.0920446,0.0916274,0.090823,0.0558482,0.0520138,0.0481756,0.045453,0.0440171,0.0427477,
0.0396415,0.0429663,0.0463029,0.0493857,0.0525638,0.0554444,0.0745175,0.0754309,0.0760686,0.0766332,0.0767892,0.076524,0.0758723,0.0750861,0.0741914,0.0553803,0.0528306,0.0496352,0.0465504,0.0437674,0.0406106,
0.0478936,0.0514519,0.0544069,0.0569275,0.0592818,0.0616289,0.0779619,0.0792094,0.0802905,0.0810704,0.0811609,0.0810325,0.0801371,0.0790626,0.0777782,0.0616304,0.0593659,0.0568206,0.0540125,0.0507186,0.0471559,
0.0423821,0.044158,0.0458349,0.0475287,0.0492365,0.0508917,0.0610673,0.0616308,0.0618693,0.0620484,0.0621339,0.0619553,0.0617649,0.0613744,0.0608806,0.0503964,0.0486973,0.0470673,0.0453351,0.0435842,0.0419797,
0.0468453,0.0488191,0.0509994,0.0531877,0.055517,0.0586453,0.0813245,0.0822812,0.0829894,0.0833728,0.0836004,0.0833586,0.0832033,0.0824858,0.081719,0.059107,0.0565042,0.0538939,0.0519781,0.0495788,0.0478223,
0.0493262,0.0548326,0.0596325,0.0630938,0.0657215,0.0677254,0.0767019,0.0775621,0.078264,0.0788122,0.078803,0.0785496,0.0780058,0.0775882,0.076768,0.0683707,0.0662889,0.0635892,0.0591779,0.0552353,0.0492043,
0.046985,0.0497004,0.0515464,0.0533298,0.0545271,0.0557367,0.0710721,0.0725024,0.0735998,0.074131,0.0743797,0.074192,0.0735932,0.0727121,0.0713214,0.0561851,0.0548708,0.0536249,0.0525157,0.0501886,0.0472221,
0.0322453,0.0318235,0.0316742,0.0315214,0.0313438,0.0312828,0.0327447,0.0326481,0.0330107,0.0330148,0.0330124,0.0329018,0.0328627,0.032408,0.0325826,0.0309476,0.0309287,0.0311599,0.0311424,0.0314241,0.0316703,
0.0355393,0.0362192,0.0368844,0.0377027,0.0391092,0.0403813,0.0448997,0.0438127,0.0424611,0.0420484,0.0419857,0.0419204,0.0424658,0.0435488,0.0446135,0.0391895,0.0381636,0.0370594,0.0364836,0.0359826,0.0358766,
0.0617807,0.06507,0.0681289,0.0711255,0.0731994,0.0757161,0.0972746,0.0977953,0.0984258,0.0986982,0.0988634,0.0986219,0.0983435,0.0979357,0.0970811,0.0757955,0.0734173,0.0709734,0.0682793,0.0653296,0.0614722,
0.0323455,0.0342923,0.0366619,0.0395657,0.0429119,0.0468745,0.0892268,0.0919939,0.0940156,0.0953959,0.0957993,0.0955346,0.0943376,0.0921237,0.0896299,0.0468312,0.0427401,0.0391424,0.0362398,0.0336458,0.0319835,
0.0520234,0.0557279,0.0588878,0.061773,0.0642231,0.0667997,0.0920057,0.0943911,0.0962925,0.097447,0.0978987,0.0974113,0.0962673,0.0943423,0.0916633,0.067335,0.0650077,0.0621736,0.059268,0.0563215,0.0529074,
0.0472754,0.0485921,0.0499234,0.051051,0.05208,0.0532069,0.0603748,0.0609055,0.0610821,0.0612873,0.061339,0.0613698,0.061236,0.0610037,0.060361,0.0531158,0.0520164,0.0508035,0.0499902,0.0483699,0.047094,
0.0385801,0.0445221,0.0516199,0.0578603,0.0629866,0.0669482,0.0875907,0.0917377,0.0951411,0.0972827,0.0979803,0.0972837,0.0951618,0.0916696,0.0874932,0.0687612,0.064542,0.0593189,0.0532384,0.046683,0.039147,
0.0448127,0.0466746,0.0485068,0.0500559,0.0513909,0.0526444,0.0613606,0.0618213,0.0623451,0.0627811,0.0626605,0.0627407,0.0622553,0.0619484,0.0611051,0.0517692,0.0506191,0.0493452,0.0476504,0.0459898,0.0439337,
0.0387216,0.0402546,0.041755,0.0428001,0.0439391,0.0449188,0.0572908,0.0584685,0.0594709,0.0601832,0.0603874,0.0602333,0.0597227,0.0589976,0.0579297,0.0439953,0.042842,0.0416004,0.0402405,0.0387622,0.0371015,
0.036577,0.0400872,0.0434875,0.0473912,0.0513371,0.0551483,0.0798994,0.0806001,0.0811234,0.0815189,0.0814355,0.0812863,0.0809267,0.0803168,0.0794516,0.0551904,0.0511943,0.0472384,0.0434559,0.0395223,0.036494,
0.0464273,0.0480781,0.0497744,0.0516728,0.0537135,0.0556842,0.0719512,0.0728625,0.0737991,0.0741795,0.074422,0.0743499,0.073993,0.0733838,0.0725937,0.0562735,0.0542869,0.0522564,0.050263,0.0484958,0.0466283,
0.0467597,0.0505905,0.0537881,0.0568993,0.0597112,0.0621919,0.0887765,0.0908178,0.0920213,0.0930094,0.0932963,0.0929567,0.0921282,0.0906245,0.0888085,0.0622099,0.059457,0.0566119,0.0537222,0.0504587,0.046887,
0.0242424,0.0304255,0.036234,0.0411333,0.0460021,0.0497121,0.0689599,0.0702406,0.0713564,0.0719622,0.0722383,0.0721105,0.0716425,0.0708244,0.0696542,0.0512314,0.0478153,0.0426676,0.0372999,0.031512,0.0255153,
0.0294756,0.0347558,0.04078,0.0468866,0.0524498,0.0579006,0.0809731,0.0811542,0.0816046,0.0819748,0.082268,0.082399,0.0824263,0.0825214,0.0826135,0.0599612,0.0546853,0.0486199,0.0425164,0.0361492,0.0302575,
0.0599788,0.0682627,0.0756391,0.0819207,0.0874057,0.0916942,0.0965894,0.0966684,0.097063,0.0969771,0.0972309,0.0970783,0.0968764,0.0965709,0.0965288,0.0921599,0.0877506,0.0820056,0.0754683,0.0682315,0.0597365,
0.0419263,0.0499134,0.0588407,0.0666312,0.0734199,0.0789204,0.1066597,0.1112034,0.1150362,0.1175292,0.1182815,0.1175566,0.1153189,0.1115372,0.1069479,0.0806158,0.0753518,0.0685357,0.0599963,0.05171,0.0425218,
0.0442176,0.0463704,0.0481724,0.0499872,0.0517389,0.0531554,0.066391,0.0673506,0.0677439,0.0681778,0.0684029,0.068117,0.0676459,0.0671438,0.0661952,0.0534913,0.0518279,0.0501622,0.0484181,0.0465608,0.0443108,
0.0410642,0.0439501,0.0471524,0.0504027,0.0536021,0.0572384,0.0876348,0.0895288,0.0909413,0.0917967,0.0921491,0.0918833,0.0910467,0.0897263,0.0878575,0.0573842,0.054087,0.0506459,0.0475004,0.0443301,0.0413314,
0.0454399,0.0491405,0.0532283,0.0571522,0.0616033,0.0660026,0.0986654,0.1000705,0.1011732,0.1017189,0.1020029,0.1019099,0.1012213,0.1002303,0.098939,0.066166,0.0618461,0.0573794,0.0531074,0.0491339,0.045363,
0.0346001,0.034898,0.0352593,0.0354371,0.0355856,0.0356271,0.037303,0.037521,0.0378646,0.0379435,0.0379187,0.0378309,0.0377218,0.0376776,0.0374445,0.0354929,0.0356048,0.0356101,0.0355232,0.0352858,0.0349937,
0.0483593,0.051685,0.0552549,0.0588633,0.0624682,0.0665625,0.1084411,0.1110635,0.1130762,0.1144146,0.1148445,0.1145574,0.1132517,0.111258,0.108719,0.0676502,0.0635122,0.0599793,0.0562964,0.0528132,0.0495758,
0.0312816,0.032523,0.034032,0.0358838,0.0381202,0.0406368,0.0796864,0.0825915,0.0848203,0.0861285,0.0865173,0.0862548,0.0849171,0.0828038,0.0798914,0.0404969,0.0381412,0.0357008,0.0339723,0.0329412,0.0313268,
0.0443069,0.0467221,0.0490762,0.0518006,0.0541765,0.0563619,0.0790066,0.0802703,0.0814252,0.0821715,0.0823971,0.0822165,0.0815297,0.0805153,0.0791112,0.0570049,0.0544822,0.0520107,0.0497611,0.0472059,0.0444656,
0.0441538,0.0475278,0.0500172,0.0524627,0.0542992,0.0561586,0.0687049,0.0698322,0.0706837,0.0712483,0.0715974,0.0713576,0.0707906,0.0700927,0.0690393,0.0568728,0.0551596,0.0531141,0.0507567,0.0479657,0.0446237,
0.0529952,0.055679,0.0585516,0.060801,0.0626863,0.0646256,0.085719,0.0870174,0.0877561,0.0882526,0.0883352,0.0879985,0.0874752,0.0867851,0.0854019,0.0640352,0.0620688,0.0599802,0.0579412,0.0554255,0.0526322,
0.0402911,0.040974,0.041542,0.0418903,0.0421669,0.0423586,0.0446265,0.0448165,0.0448569,0.0451898,0.0452304,0.0453127,0.0450466,0.0449292,0.0446236,0.0426459,0.0424228,0.0422332,0.0420362,0.041445,0.0407524,
0.0398646,0.0412691,0.0425326,0.0439342,0.0454493,0.0469054,0.0593164,0.0601643,0.060679,0.0610297,0.0611215,0.0610184,0.0605689,0.0600382,0.059518,0.0465908,0.0448887,0.0432355,0.042002,0.0405084,0.0391428,
0.0541948,0.0572941,0.059768,0.0617807,0.0637474,0.0658712,0.0974674,0.1005165,0.1028284,0.104172,0.1047241,0.1043141,0.1028494,0.1006904,0.0979585,0.0660605,0.0640242,0.0618981,0.0597665,0.0572182,0.0540124,
0.0440656,0.0471805,0.0512536,0.0553311,0.0598419,0.0642065,0.09844,0.0997668,0.1006749,0.1012003,0.101374,0.1010893,0.1006837,0.0997489,0.0986321,0.0651057,0.0608229,0.0563962,0.0525952,0.0487616,0.0453205,
0.0421957,0.047096,0.0512885,0.0554165,0.0582062,0.0608562,0.0808379,0.0820361,0.0828258,0.0831875,0.0834638,0.0833119,0.0829775,0.0820997,0.0811026,0.0610098,0.0582225,0.0550059,0.0512735,0.0468656,0.0420622,
0.0303233,0.0297131,0.0291362,0.0287197,0.0283868,0.0281377,0.0294825,0.0296511,0.0298141,0.0299138,0.0299297,0.0299564,0.0299796,0.0297059,0.0295723,0.0284848,0.0286625,0.0289826,0.029546,0.0301007,0.0307616,
0.0461166,0.0475874,0.0490043,0.0511225,0.0530644,0.0556708,0.0825693,0.0834155,0.0843254,0.0846745,0.084915,0.0847245,0.0842104,0.0834872,0.0823187,0.055565,0.0530053,0.0507399,0.0489901,0.0472825,0.0454636,
0.0544206,0.0575449,0.0602439,0.0629546,0.0652775,0.0676956,0.0855636,0.0864706,0.0873911,0.0878221,0.0879789,0.0876752,0.0869801,0.0862276,0.084918,0.066968,0.0645292,0.0619837,0.0594346,0.0566033,0.0540134,
0.03457,0.0352839,0.036092,0.0368575,0.0377087,0.0386778,0.0504479,0.051644,0.0524631,0.0529872,0.0531851,0.0530356,0.0524238,0.0515957,0.0504535,0.0383527,0.0374866,0.0365921,0.0359488,0.0350218,0.0343885,
0.0590086,0.0615782,0.0634665,0.0654016,0.0664981,0.06777,0.0796004,0.0806425,0.0813825,0.0818572,0.0820905,0.0819983,0.0815118,0.0806968,0.0799521,0.0663153,0.0649966,0.0635923,0.0619536,0.0596608,0.0573302,
0.0476718,0.0490649,0.0505394,0.0518606,0.0531286,0.0544684,0.0680417,0.069075,0.0697778,0.0702936,0.0703609,0.0701453,0.0697601,0.0689977,0.0679388,0.0541052,0.0526865,0.0513264,0.0502699,0.0486358,0.047207,
0.039242,0.0405309,0.0415003,0.042233,0.0432284,0.0439757,0.0488922,0.0491638,0.0495031,0.0495993,0.0496709,0.0495875,0.049351,0.0491574,0.0488503,0.0438135,0.0429496,0.0421657,0.0413796,0.0404803,0.0392816,
0.0249375,0.0245221,0.0239358,0.0234649,0.023054,0.0225287,0.0217343,0.0217361,0.0218905,0.0219494,0.0218939,0.0219573,0.0214622,0.02172,0.0216048,0.0226369,0.0234004,0.0237776,0.0241152,0.0247113,0.0251653,
0.0418501,0.04238,0.0427522,0.043084,0.0430718,0.0430043,0.0441354,0.0444647,0.0448574,0.0447515,0.0447733,0.0449738,0.0445258,0.0445836,0.0442877,0.0427579,0.0430881,0.0428683,0.0427505,0.0423218,0.0417926,
0.0402513,0.0403723,0.0405432,0.0406249,0.0408824,0.0409043,0.0425603,0.0428656,0.0428888,0.0431894,0.0430433,0.043084,0.0431737,0.0427291,0.0427347,0.0408191,0.040621,0.0405666,0.0405033,0.0403865,0.0399982,
0.047478,0.0518462,0.0560602,0.0593906,0.062507,0.0650509,0.0853923,0.0868335,0.0879607,0.0888303,0.089117,0.0888121,0.0881562,0.0869711,0.0854586,0.0654118,0.0629688,0.0601685,0.0567116,0.0527853,0.0476366,
0.0512667,0.0553362,0.0587819,0.0623891,0.0654009,0.0682696,0.1073427,0.1106125,0.113014,0.1144493,0.1149149,0.1145301,0.1131414,0.1108406,0.1076403,0.0682612,0.0652202,0.0619769,0.0591014,0.0551396,0.0510892,
0.0329961,0.0325528,0.03191,0.0313135,0.0306968,0.0303347,0.0307936,0.0308562,0.031098,0.0313435,0.0312068,0.0309833,0.0310045,0.0307491,0.0307376,0.0303034,0.0309223,0.0312594,0.031887,0.0326258,0.0330633,
0.0454064,0.0481084,0.0501916,0.0521081,0.0537113,0.0552666,0.067459,0.0681634,0.0686501,0.0693014,0.0693595,0.0693126,0.0692019,0.068651,0.0678351,0.0555715,0.0544975,0.0528488,0.0510081,0.0490917,0.0465045,
0.0252583,0.0249,0.024041,0.0238361,0.0232966,0.0230077,0.0209453,0.0212673,0.0215395,0.0213941,0.0214951,0.0217039,0.0213771,0.0220184,0.021107,0.0229737,0.0233018,0.0242402,0.0244792,0.025205,0.0254839,
0.0380444,0.0474853,0.0575962,0.06764,0.0764272,0.0839472,0.0899731,0.0905507,0.0910109,0.0912286,0.0912193,0.0910677,0.0906966,0.0899603,0.0893065,0.0835458,0.0760143,0.067,0.0571372,0.0468232,0.0379483,
0.0318552,0.0347376,0.0375211,0.0410648,0.0448403,0.0491783,0.086885,0.0890265,0.0906024,0.0914723,0.0919514,0.0916514,0.0910735,0.0896019,0.0876641,0.0491099,0.0450246,0.0405368,0.0369697,0.0337916,0.0316589,
0.047723,0.0514153,0.0544265,0.0579181,0.0609075,0.064432,0.0856225,0.0866755,0.0878011,0.0883299,0.0884839,0.0884291,0.0875246,0.0865764,0.0855488,0.0640466,0.0606797,0.0573918,0.0544095,0.050726,0.0476846,
0.0449362,0.0500975,0.0546644,0.0578306,0.0603041,0.0620427,0.0738303,0.0751451,0.0758693,0.0766531,0.0766204,0.0764463,0.0757233,0.0745666,0.0732597,0.0617517,0.0597373,0.0574881,0.0543934,0.0503707,0.0455305,
0.0426573,0.0446666,0.0464434,0.0482578,0.0499305,0.0513939,0.0646891,0.0655467,0.0662891,0.0666542,0.0668594,0.0666755,0.0662081,0.0656692,0.0646647,0.0515355,0.0501208,0.0482252,0.0465545,0.0448496,0.0428753,
0.0371329,0.0389124,0.0404091,0.0420633,0.0437642,0.0455672,0.0608332,0.0620658,0.0629734,0.0633369,0.0636623,0.0635551,0.0630728,0.0623603,0.0612332,0.0457113,0.0439363,0.0425216,0.0405674,0.0392623,0.0373913,
0.0435334,0.0448519,0.0462787,0.0476239,0.0488606,0.0499923,0.0583892,0.0585682,0.0588995,0.0590882,0.059188,0.0590718,0.0590004,0.0586354,0.0581777,0.0503795,0.0490465,0.0479692,0.0465768,0.0451123,0.0436411,
0.0417748,0.0435004,0.0455601,0.0476135,0.0496741,0.051859,0.0650724,0.0654957,0.0660357,0.0658789,0.0660985,0.0660733,0.0658034,0.0655415,0.065331,0.0518671,0.0496795,0.0474761,0.0451914,0.0427851,0.0408296,
0.0479342,0.0508711,0.0539087,0.0566797,0.0596705,0.0629097,0.0876433,0.0889518,0.0897418,0.0902897,0.0905099,0.0900623,0.0894322,0.0881754,0.08683,0.0616542,0.0586284,0.0552539,0.0521109,0.0491705,0.0465129,
0.0483237,0.0512734,0.0539697,0.0561507,0.058426,0.0602644,0.075431,0.0765976,0.0770981,0.0775058,0.0775767,0.0772154,0.0770367,0.0762514,0.0752078,0.0593058,0.0572862,0.0552942,0.0531325,0.0505288,0.0473568,
0.052008,0.0549804,0.057246,0.0600326,0.0629821,0.0655837,0.0880641,0.0898103,0.0906687,0.0916902,0.0917847,0.0915747,0.0909121,0.0896732,0.0880781,0.0656721,0.063386,0.0607104,0.0580774,0.0551828,0.0523921,
0.0542424,0.0587676,0.0614735,0.0638858,0.0657771,0.0677339,0.1056125,0.1092419,0.1120009,0.1135989,0.113941,0.1132734,0.1113664,0.1084844,0.1046748,0.0664641,0.0647564,0.0625078,0.059983,0.057103,0.0528207,
0.0566317,0.0601976,0.0636058,0.0669699,0.0708036,0.074193,0.097311,0.0983094,0.0989628,0.099377,0.0994756,0.0994321,0.0990241,0.0982665,0.0973933,0.0742787,0.0707291,0.0670281,0.0634635,0.0600042,0.0564019,
0.0508485,0.0537072,0.0556671,0.0574159,0.0591715,0.0605399,0.0797246,0.0814622,0.0825989,0.0833584,0.0834559,0.0831878,0.0826092,0.0812901,0.0797683,0.059617,0.0581317,0.0565145,0.0548385,0.0526306,0.0497938,
0.0406922,0.0427735,0.0450467,0.0474151,0.0500516,0.0525915,0.0734843,0.0746194,0.0755513,0.075919,0.0761702,0.0758761,0.0753771,0.0743922,0.0732929,0.0520812,0.0496927,0.0473286,0.0448401,0.0426265,0.0405865,
0.0469654,0.0502651,0.0536254,0.0569601,0.0602017,0.0627902,0.0799533,0.0808019,0.0817261,0.0821705,0.0823043,0.0821531,0.0819141,0.0809822,0.080007,0.0635384,0.0611325,0.0581235,0.0548922,0.0517808,0.0482894,
0.0414504,0.0434635,0.0450918,0.0470213,0.048716,0.0504193,0.061729,0.0623013,0.0632596,0.0635545,0.0636553,0.0636705,0.0632524,0.0625503,0.0618448,0.0501952,0.0488608,0.046738,0.0454634,0.0431213,0.041346,
0.0710776,0.074849,0.0787414,0.0817155,0.0850639,0.0891561,0.1147773,0.1152576,0.115579,0.1156749,0.1156941,0.1157258,0.1153525,0.1150054,0.1145476,0.0874823,0.0837827,0.0803011,0.0766755,0.0731703,0.0688774,
0.0618653,0.0699047,0.077825,0.0834799,0.0885256,0.091882,0.1023221,0.1026045,0.1027373,0.102895,0.1027837,0.1027753,0.1027341,0.1024093,0.1017004,0.0879904,0.0843869,0.0792525,0.0734419,0.0665407,0.0580294,
0.0557023,0.0630123,0.0691105,0.0742863,0.0782479,0.0812733,0.0829836,0.083274,0.0840496,0.0845257,0.0846308,0.0844837,0.0838742,0.0833783,0.0831862,0.0811475,0.0781512,0.0739353,0.0690619,0.0624591,0.0552626,
0.0365963,0.0370191,0.0378037,0.0387125,0.0391908,0.0398988,0.043926,0.0442086,0.0443306,0.044631,0.044661,0.0446515,0.0445393,0.044136,0.0439989,0.0400296,0.0394925,0.0389304,0.038224,0.0374459,0.0371501,
0.0405675,0.0400161,0.0406206,0.0416151,0.0439472,0.0475515,0.0908375,0.091729,0.0919088,0.0918664,0.0917908,0.0918342,0.0918511,0.0916565,0.0909208,0.0474346,0.0441163,0.0417214,0.0406013,0.0406227,0.040887,
0.0541426,0.0606522,0.0673772,0.0715874,0.0747439,0.0767755,0.0936039,0.0956569,0.0970428,0.0976603,0.0978314,0.0977854,0.0973085,0.0960723,0.0941584,0.0770495,0.0752029,0.072129,0.0676228,0.0611063,0.05369,
0.0369157,0.0387215,0.0408989,0.0426679,0.0445694,0.0465239,0.0616663,0.0626649,0.0636195,0.0641146,0.0639402,0.0639403,0.0633261,0.0624923,0.0615622,0.0461089,0.0442186,0.0424136,0.0403298,0.0386136,0.036559,
0.0321104,0.0343478,0.037294,0.0399805,0.0432394,0.0465199,0.0841349,0.0867606,0.0887386,0.0899035,0.0903391,0.0898533,0.0887358,0.0865876,0.0838971,0.0460812,0.0426777,0.0393392,0.0365192,0.0334879,0.0314337,
0.0268821,0.026397,0.0259945,0.0255059,0.0253394,0.0253421,0.0275508,0.0276931,0.0277467,0.0278322,0.0280041,0.0281423,0.0279328,0.0278192,0.0276109,0.0259039,0.0259178,0.0264266,0.0267619,0.027197,0.0277983,
0.0407476,0.0423959,0.0438449,0.0459612,0.0487959,0.0518652,0.0953334,0.0974903,0.0990197,0.0998052,0.0999901,0.0997944,0.0988385,0.0973284,0.095159,0.0520624,0.0491605,0.0464562,0.0442228,0.0424454,0.0410117,
0.0430522,0.0444726,0.0457924,0.0470487,0.0478467,0.0489122,0.0561302,0.0563103,0.0568376,0.0570462,0.0571935,0.0570084,0.0567383,0.0565574,0.0561739,0.0487205,0.0477275,0.04658,0.0455902,0.0443109,0.0432766,
0.0471885,0.0507126,0.0544132,0.0582143,0.0623458,0.0664337,0.1022456,0.1043283,0.1060496,0.1069846,0.1072661,0.1071498,0.1064298,0.1048855,0.1031218,0.0678803,0.0637116,0.0596892,0.0555684,0.0519754,0.048383,
0.0410968,0.050389,0.0599606,0.0680156,0.0743349,0.0789356,0.0893966,0.0902631,0.0906442,0.0912239,0.0912811,0.0911667,0.0907066,0.0900669,0.089031,0.0762188,0.0716522,0.0651628,0.0575732,0.0485253,0.039569,
0.0347664,0.0364343,0.0388018,0.0415335,0.0449457,0.0490837,0.081903,0.0827054,0.0830583,0.0833796,0.0833973,0.0833346,0.0832229,0.0828088,0.0820244,0.0484354,0.0444617,0.0409598,0.03795,0.0357814,0.0343086,
0.0535342,0.0593919,0.0652074,0.0705711,0.0749077,0.0785816,0.0898412,0.0911156,0.0922292,0.0930534,0.0931623,0.0930055,0.0923627,0.0912046,0.0900079,0.07824,0.0746962,0.0701955,0.0650657,0.0591837,0.0531079,
0.0443394,0.0464479,0.0483888,0.050597,0.0528915,0.0561324,0.0868907,0.0885632,0.0899333,0.0905755,0.0909507,0.0906475,0.0898022,0.0886197,0.0869278,0.0562867,0.0533304,0.0506274,0.0484571,0.0461819,0.0439067,
0.0424271,0.0455152,0.0486691,0.0516386,0.0549667,0.0582009,0.0795758,0.0803673,0.0809627,0.0810762,0.0812954,0.0812469,0.0810221,0.0802725,0.0795588,0.0576662,0.0546734,0.0513615,0.048314,0.0447571,0.0421938,
0.0355517,0.0357099,0.0354895,0.0354957,0.0350515,0.0351236,0.0377563,0.0379288,0.0382139,0.0383382,0.0384186,0.0384876,0.0383724,0.0381777,0.0376827,0.0349425,0.0351996,0.0348909,0.0350431,0.035234,0.0352028,
0.0244317,0.0241794,0.0244075,0.0246299,0.0245857,0.0246018,0.0266359,0.026872,0.0269491,0.0273451,0.0272614,0.0272489,0.027237,0.0270198,0.0266451,0.0247261,0.0250688,0.0248938,0.0247967,0.0248967,0.0252135,
0.0521195,0.0543516,0.0558691,0.0579228,0.0597667,0.0615958,0.083847,0.0858615,0.0871215,0.087864,0.0880851,0.0877937,0.0869803,0.0855792,0.0838012,0.0611148,0.0592661,0.0574104,0.0560468,0.0541783,0.0521178,
0.0479656,0.0509042,0.0534996,0.0553422,0.0569472,0.0581573,0.058877,0.0590097,0.0593043,0.0591671,0.0593587,0.0593845,0.0591882,0.0590118,0.0589521,0.0583436,0.0571376,0.0555375,0.0535243,0.0508601,0.0478308,
0.0195303,0.0206394,0.0231738,0.0262076,0.0303019,0.0349787,0.0754336,0.0764308,0.0771135,0.0773245,0.0773021,0.0772455,0.0770725,0.0764145,0.0753565,0.0353467,0.0309043,0.0265988,0.0230851,0.0202054,0.0188663,
0.060062,0.0641903,0.0680955,0.0700033,0.0715755,0.072541,0.1024791,0.1060253,0.1088201,0.1103177,0.1109016,0.1102897,0.1083879,0.1055895,0.1017733,0.0708255,0.0700497,0.0682005,0.0663155,0.0625964,0.0584965,
0.0391761,0.0427661,0.0455418,0.0482902,0.0506598,0.0527164,0.0672914,0.0684384,0.0692783,0.0698253,0.0700509,0.0698863,0.0693053,0.0683526,0.0675448,0.0536218,0.0516196,0.0492304,0.0464722,0.0435506,0.0401644,
0.0474506,0.0499247,0.0524914,0.0549064,0.0570708,0.059007,0.0744627,0.0757984,0.0765755,0.0770131,0.0772285,0.0770232,0.0763885,0.0755792,0.0745272,0.0592928,0.0571122,0.0550414,0.0526872,0.0501547,0.0477531,
0.0501233,0.0529784,0.0555119,0.0581798,0.0600434,0.062402,0.0759452,0.0764813,0.0770196,0.0771773,0.077497,0.0774782,0.0770382,0.0765852,0.0760087,0.0626749,0.0604461,0.0581116,0.055698,0.0530657,0.0503149,
0.0367325,0.0396356,0.0422745,0.0452136,0.0480416,0.0510818,0.0783639,0.0802338,0.081891,0.0825814,0.0830045,0.0826529,0.0817227,0.0801994,0.0783296,0.0507833,0.0478939,0.0453027,0.0424094,0.0394766,0.0367752,
0.0382914,0.0395256,0.0403223,0.0419553,0.0431671,0.0443302,0.0554525,0.0562165,0.0567063,0.0572077,0.0574258,0.0571354,0.0566697,0.0561367,0.0552279,0.0440184,0.04301,0.0417122,0.0403958,0.0392577,0.0379914,
0.0416714,0.0438851,0.0459149,0.0485227,0.0505024,0.0526097,0.0665133,0.0671121,0.0678003,0.0682442,0.0684693,0.0683529,0.0679491,0.0676028,0.0667918,0.0534195,0.0514439,0.049062,0.0465467,0.0444026,0.04177,
0.0446933,0.044468,0.0450846,0.0464039,0.0481248,0.0519341,0.0937549,0.0957017,0.0969257,0.0974441,0.0975755,0.0973633,0.0970259,0.0956997,0.0941414,0.0524486,0.0490813,0.0469067,0.0462128,0.0458166,0.0459932,
0.0428639,0.0433024,0.0439425,0.0441015,0.044756,0.0447891,0.0494144,0.0497339,0.050246,0.0501202,0.0504296,0.0502363,0.0500863,0.0498076,0.0494856,0.0455978,0.0452789,0.0451906,0.0449019,0.0445156,0.0440868,
0.0460915,0.046818,0.0473869,0.0481548,0.0489134,0.0495235,0.0549407,0.0550149,0.055273,0.0553976,0.0555385,0.0553222,0.0553205,0.0548638,0.0543876,0.0491693,0.0485161,0.0478388,0.0472542,0.0462198,0.0457204,
0.0504243,0.0539761,0.0569403,0.0592059,0.0614052,0.0630534,0.0782037,0.0796725,0.0803062,0.0812344,0.0814883,0.0811137,0.0806494,0.0791666,0.0778481,0.0627567,0.0607383,0.0586804,0.0568475,0.0539728,0.0507065,
0.040432,0.0422949,0.0440065,0.0451911,0.0470603,0.0483256,0.0610999,0.0619189,0.0622408,0.0626439,0.062718,0.062797,0.0624391,0.0620339,0.0614146,0.0502858,0.0485979,0.0473582,0.0457585,0.044205,0.042462,
0.052001,0.0561342,0.0599376,0.0627793,0.0656514,0.0676785,0.0802875,0.0809929,0.0814952,0.0819274,0.0823612,0.0821154,0.0815806,0.081028,0.0802283,0.066747,0.0646695,0.0619778,0.0590673,0.0554447,0.0511359,
0.0234425,0.0287761,0.0346925,0.0421484,0.0493064,0.0572528,0.0813187,0.0808285,0.08049,0.0808715,0.0809743,0.0810543,0.0809893,0.0813269,0.0820074,0.0578893,0.0500268,0.0423567,0.0349577,0.0290411,0.0229778,
0.0476736,0.0521858,0.0562218,0.0599893,0.0628439,0.0655178,0.0817672,0.0828958,0.0836363,0.0843883,0.0844641,0.0842643,0.083872,0.0831898,0.0819151,0.064796,0.0620047,0.0588874,0.0549663,0.0506181,0.0460708,
0.0354845,0.0442014,0.0534977,0.0629542,0.0723207,0.0810436,0.1102306,0.1102353,0.1100936,0.1098468,0.1097332,0.1096337,0.1096695,0.1098198,0.1099485,0.0819054,0.0730729,0.0640072,0.0545504,0.0446064,0.0353962,
0.041313,0.0433725,0.0454727,0.0477634,0.049958,0.0521542,0.0734238,0.0749712,0.0759392,0.0765993,0.0767518,0.0766149,0.0759534,0.0749025,0.073549,0.0521936,0.0497785,0.0475728,0.0454007,0.0431746,0.0411729,
0.049075,0.05165,0.0532411,0.0546691,0.0560953,0.0572459,0.0685895,0.0696104,0.0704923,0.0710477,0.0712122,0.0709083,0.0704573,0.0695568,0.0684558,0.0568416,0.0554769,0.0543763,0.0525643,0.0507648,0.0487115,
0.0460314,0.0475182,0.0489438,0.0499582,0.0509975,0.0516956,0.0582,0.0586409,0.0590811,0.0592891,0.0592404,0.0591656,0.0590501,0.0586596,0.0581771,0.0518086,0.0509305,0.0497534,0.0487904,0.0475181,0.045957,
0.0386977,0.0410942,0.0432168,0.0455459,0.0478901,0.0499932,0.0654969,0.0661857,0.0666257,0.0668963,0.0669015,0.0670127,0.0667447,0.0664004,0.0657357,0.0509044,0.0486104,0.0462339,0.0440453,0.0419084,0.0396498,
0.0336529,0.0348086,0.0352999,0.0364929,0.0381898,0.0405056,0.0609563,0.0614996,0.061893,0.0620395,0.0621954,0.0621939,0.0619722,0.0615972,0.0610673,0.0404947,0.03886,0.0372291,0.0358464,0.0349912,0.0342449,
0.0424367,0.0445892,0.0464798,0.0485699,0.0506888,0.0529304,0.0747243,0.0760933,0.0771906,0.0777682,0.0780292,0.0776984,0.0769946,0.0759341,0.0745863,0.052562,0.0504586,0.048421,0.0463355,0.0443993,0.0424457,
0.0498203,0.0514781,0.0530654,0.0546948,0.0563196,0.0577623,0.0714137,0.0723274,0.0730547,0.073794,0.073818,0.0735038,0.0729161,0.0721563,0.0707309,0.056403,0.0550017,0.0535164,0.0519772,0.0502066,0.0478934,
0.0386436,0.0414068,0.0441501,0.0469651,0.0501278,0.0530418,0.0762626,0.0775244,0.0783013,0.0788125,0.0790387,0.0790155,0.0787327,0.0779405,0.0769603,0.0539952,0.0507017,0.0477861,0.0450053,0.0421092,0.0395008,
0.0357402,0.0427635,0.0494914,0.0559285,0.0620883,0.067445,0.0947826,0.0972965,0.0991766,0.1002878,0.1005814,0.1001332,0.0990617,0.0971065,0.0945936,0.0665696,0.0613564,0.0554595,0.0488776,0.0420315,0.0349008,
0.0398751,0.0417383,0.0431671,0.0452464,0.0470463,0.0491327,0.0627323,0.0634425,0.0641821,0.0645154,0.0646741,0.0645285,0.0642695,0.0637028,0.0628829,0.0494493,0.0477747,0.0457454,0.0439202,0.0422611,0.0404705,
0.039478,0.0447348,0.049979,0.0548863,0.0591429,0.0629423,0.0765025,0.0767298,0.0770145,0.0772949,0.0771878,0.0770639,0.076959,0.0765602,0.0761837,0.0631957,0.0594581,0.0551373,0.0501802,0.0454528,0.0399727,
0.0460252,0.049782,0.0537307,0.0572049,0.0612534,0.0644097,0.0874644,0.0880898,0.0888809,0.0893276,0.0894078,0.0892278,0.0888628,0.0884329,0.0874218,0.0654863,0.0620222,0.0585205,0.0545299,0.0511678,0.0464923,
0.0481818,0.0506532,0.0531241,0.0556755,0.0583514,0.0609941,0.0798611,0.0805385,0.0809437,0.0815875,0.0816336,0.0816787,0.0813647,0.0808665,0.0801245,0.0609496,0.0580443,0.0554733,0.0525056,0.0496305,0.0471695,
0.036723,0.045634,0.0540245,0.0616474,0.0679108,0.0730346,0.0887559,0.0900169,0.0911455,0.0918375,0.0920226,0.0918631,0.0914985,0.0904489,0.0892624,0.0718916,0.066804,0.060435,0.0529475,0.0445404,0.0358317,
0.0178714,0.0240494,0.0317098,0.0399309,0.0490482,0.0573392,0.0904402,0.0914736,0.092551,0.0933003,0.0937112,0.0935942,0.0930477,0.0920356,0.0914643,0.058644,0.0497748,0.0407052,0.0322657,0.0238417,0.0178662,
0.043993,0.0461087,0.0478533,0.0489998,0.0497895,0.0506469,0.0622384,0.0628927,0.0635493,0.0639354,0.063927,0.0638957,0.0637241,0.0632146,0.0625124,0.0513396,0.0506576,0.0500055,0.0484587,0.0469747,0.0449965,
0.0422403,0.0439532,0.045259,0.046508,0.0475174,0.0485882,0.0573789,0.0581277,0.0584285,0.0590479,0.0590239,0.0589255,0.0585263,0.0580228,0.0572595,0.0485008,0.0472766,0.0460937,0.0447374,0.0434643,0.0416284,
0.031705,0.0311792,0.030724,0.030375,0.0300892,0.0299455,0.0329995,0.0334644,0.0335235,0.0338734,0.0338666,0.0338246,0.0336031,0.0334024,0.0331153,0.030239,0.0303776,0.0305429,0.0309224,0.0312353,0.0316466,
0.0413194,0.0425722,0.0436834,0.0449332,0.0462045,0.0473272,0.0560547,0.0564746,0.0569155,0.0571153,0.0571128,0.057221,0.057095,0.056581,0.0562596,0.048278,0.0472086,0.0458914,0.0444697,0.043414,0.0421526,
0.0399504,0.0469134,0.0540936,0.0605351,0.0663638,0.0708642,0.0876217,0.0894243,0.0909444,0.0918162,0.0920656,0.0917502,0.0907908,0.0894186,0.0879485,0.0727589,0.0678476,0.0620717,0.0555116,0.0481844,0.0415738,
0.0483702,0.0516675,0.0547027,0.0576165,0.0607826,0.0635742,0.0869644,0.0890625,0.0908434,0.0918638,0.0920867,0.0915881,0.0908189,0.0894828,0.0881632,0.0646231,0.0616657,0.0588059,0.0555664,0.0524886,0.0492427,
0.0415954,0.0436105,0.0448516,0.0466687,0.0484938,0.0507231,0.073391,0.0746991,0.0752287,0.0759014,0.0760247,0.0758273,0.0754128,0.0745259,0.0735923,0.0502363,0.0477954,0.0458927,0.0440186,0.0421712,0.0409648,
0.0332459,0.0400855,0.046028,0.0515756,0.0559692,0.0594543,0.0649704,0.065182,0.0657214,0.065906,0.0661652,0.0659191,0.0659278,0.0652483,0.0650219,0.0593523,0.0557499,0.0511917,0.0457613,0.0397228,0.0329003,
0.0540496,0.0572648,0.0596735,0.0615983,0.0629008,0.0639565,0.0690781,0.0695622,0.0698754,0.0702529,0.0702433,0.0702587,0.0700348,0.0696212,0.0694862,0.0659551,0.0648744,0.0636828,0.0615696,0.059125,0.0556573,
0.0452604,0.0471715,0.0490252,0.0507916,0.0522535,0.0539733,0.0651768,0.0658734,0.0661861,0.0665212,0.0665226,0.0663736,0.066167,0.0657006,0.0651685,0.0541658,0.0528056,0.0510076,0.0491564,0.0474945,0.0455255,
0.0503538,0.0537633,0.0566616,0.0589322,0.060899,0.0622045,0.0666618,0.0671313,0.0675017,0.0677728,0.0680064,0.0680944,0.067734,0.0673911,0.0671365,0.0639175,0.0626499,0.0606007,0.0582968,0.0551682,0.0517145,
0.0415332,0.0468326,0.0509527,0.0546384,0.0576488,0.0604043,0.0730009,0.0738765,0.074594,0.0752028,0.0754011,0.0750615,0.074634,0.0736414,0.0727461,0.0592534,0.0565786,0.0538102,0.0500842,0.0454029,0.040872,
0.0368718,0.0372491,0.0373999,0.0371278,0.0370184,0.036926,0.0368069,0.0370421,0.0371679,0.0371771,0.0371125,0.0372263,0.0370793,0.0368953,0.0368083,0.0366683,0.0368008,0.0370041,0.0370963,0.0369766,0.0364556,
0.0551098,0.0578028,0.0599818,0.0619828,0.0636727,0.0652062,0.0869976,0.0880066,0.0888015,0.0893433,0.089672,0.0893638,0.0890542,0.0881392,0.0869484,0.0648176,0.063245,0.0615134,0.0599509,0.057483,0.0550158,
0.0425917,0.0428842,0.0433739,0.043719,0.0443807,0.044612,0.049001,0.0494225,0.0497456,0.0497832,0.0499773,0.0498561,0.0496195,0.0493782,0.0489606,0.0449902,0.0445272,0.0441121,0.0437149,0.0435586,0.0434888,
0.0403628,0.04227,0.0438177,0.0455546,0.0473474,0.0494009,0.0629671,0.0632623,0.0636737,0.0637653,0.0638479,0.0638537,0.0636528,0.0634469,0.0628445,0.0494042,0.0474225,0.045774,0.0438069,0.0423462,0.0407403,
0.0426016,0.0445093,0.0459116,0.0482386,0.0506531,0.0529407,0.0765712,0.0775916,0.0788003,0.0792887,0.0793332,0.0793711,0.0787995,0.0778303,0.0765878,0.0530754,0.0505824,0.0481296,0.0460862,0.0437014,0.0420983,
0.0326635,0.0344981,0.0362536,0.0380369,0.0399434,0.0417482,0.0573893,0.0584747,0.0593031,0.0597288,0.0598554,0.0598029,0.0594055,0.058605,0.0575808,0.0422194,0.0398649,0.0381218,0.0363127,0.0343888,0.0326011,
0.0418661,0.0424033,0.043178,0.0432387,0.0438969,0.0440679,0.0481292,0.048711,0.0488352,0.0489893,0.0487581,0.0489099,0.0486006,0.0482029,0.0478086,0.0436491,0.0429074,0.0427024,0.0423322,0.041864,0.041133,
0.0460055,0.0495665,0.0538871,0.0575078,0.0620162,0.0663743,0.089754,0.0905709,0.090972,0.0912367,0.0913254,0.0912178,0.0910154,0.0905179,0.0899897,0.0670796,0.0629919,0.0586188,0.0541683,0.050323,0.0462434,
0.042651,0.045455,0.0484637,0.051696,0.0547455,0.0577021,0.0831736,0.084574,0.0857584,0.0863771,0.0866727,0.0863527,0.0857028,0.0845111,0.0832501,0.0574168,0.0543845,0.0513475,0.0484734,0.0456616,0.0427734,
0.0532498,0.0556287,0.0574519,0.0590844,0.0603898,0.0620811,0.0740141,0.0746492,0.0753805,0.0757603,0.075896,0.0757064,0.0753617,0.0747906,0.0739477,0.0623089,0.0608517,0.0593696,0.0575693,0.0557025,0.0535771,
0.0577605,0.0604801,0.0621344,0.0639984,0.0653835,0.0667885,0.0783659,0.0793457,0.0798431,0.0803612,0.0806406,0.0804221,0.079971,0.0790286,0.0782384,0.0656288,0.0643248,0.0631044,0.0611727,0.0594627,0.0568774,
0.0420538,0.0443336,0.046473,0.0501257,0.0542462,0.0587047,0.1027889,0.1044007,0.1054239,0.105904,0.1061709,0.105967,0.1052976,0.1042629,0.1027277,0.0588049,0.0541526,0.0502279,0.0468697,0.0449669,0.0433722,
0.0378267,0.0397202,0.0424335,0.0453881,0.049148,0.052885,0.0872386,0.0887519,0.0897601,0.0903858,0.090664,0.090403,0.0899329,0.088981,0.0876429,0.0542888,0.0505897,0.0469384,0.0438004,0.0415073,0.0392031,
0.0342951,0.0342689,0.0342022,0.0342037,0.0342245,0.0343582,0.0375892,0.0378584,0.0381033,0.0382849,0.0383093,0.0381754,0.0380205,0.0377937,0.0376206,0.0350089,0.0350038,0.0352683,0.0353911,0.0356272,0.035761,
0.0518405,0.0575387,0.0619139,0.065055,0.0668257,0.0679539,0.0775395,0.0779049,0.0778975,0.0781339,0.0779434,0.078063,0.0782659,0.0783444,0.0779303,0.0681867,0.0669133,0.0652015,0.0621043,0.058277,0.0523633,
0.0455348,0.0483206,0.0508593,0.0530867,0.0551871,0.0572448,0.0693854,0.0701222,0.0706471,0.0710348,0.0711973,0.0710626,0.07066,0.0702049,0.0696985,0.0574034,0.055391,0.0534926,0.0512104,0.0486408,0.0460357,
0.0511343,0.0539718,0.056467,0.0589456,0.0613698,0.0637804,0.0812622,0.0821343,0.0829411,0.0833632,0.0836046,0.0833463,0.0828016,0.0820607,0.0810636,0.0629349,0.0606203,0.0582052,0.0556721,0.0531173,0.0503999,
0.0564621,0.062758,0.0682423,0.0721206,0.0746122,0.0765048,0.0911275,0.0931034,0.0944654,0.0952793,0.0953799,0.0952211,0.0944609,0.0931113,0.0909823,0.0773132,0.0755845,0.0725782,0.0685914,0.0632696,0.0565004,
0.0543829,0.0610654,0.0671531,0.0726006,0.0774034,0.0811804,0.1084633,0.1102597,0.111478,0.1123664,0.1126098,0.1124148,0.1117704,0.1104569,0.1089165,0.0830827,0.0789761,0.0744477,0.068845,0.0626846,0.0559671,
0.0436177,0.0458028,0.0485106,0.0513592,0.0545152,0.0581761,0.0879116,0.0890869,0.0900533,0.0905502,0.0906347,0.0905779,0.0899918,0.0889391,0.0874638,0.0570823,0.0536151,0.0505573,0.04735,0.0446356,0.0424875,
0.0485454,0.0516587,0.0539039,0.0561541,0.0581821,0.0602304,0.0847265,0.0863005,0.0876137,0.0882868,0.0885255,0.0883365,0.0875563,0.086309,0.0846639,0.06004,0.0579045,0.0560126,0.05368,0.0511556,0.0481328,
0.0409817,0.0424111,0.0436973,0.0447391,0.0457765,0.0468282,0.0545072,0.0549586,0.0554198,0.0556904,0.0556475,0.0555426,0.0552471,0.054963,0.0544294,0.0464147,0.0452262,0.0442629,0.0430002,0.0417621,0.0403137,
0.0468932,0.0497759,0.0529072,0.056321,0.059921,0.0643094,0.1041044,0.1059643,0.1074075,0.1081452,0.108387,0.1080712,0.1073958,0.1058578,0.1039236,0.0643932,0.0605963,0.0570531,0.0537333,0.0509309,0.0484435,
0.0442026,0.0468447,0.0492503,0.051041,0.0531763,0.0550317,0.0723406,0.073841,0.0747042,0.0753641,0.0755074,0.0754073,0.0747331,0.0738116,0.0726911,0.0550675,0.0532938,0.0511144,0.0491887,0.0471612,0.0442654,
0.0403613,0.0415332,0.0423028,0.0429046,0.0434804,0.0438412,0.0466301,0.0469712,0.0469626,0.0470063,0.0469417,0.0470564,0.047123,0.0468909,0.0466957,0.0445167,0.0441469,0.0437213,0.0428923,0.0420519,0.0409488,
0.0469555,0.0488649,0.0505499,0.0525762,0.0545117,0.0564751,0.0749469,0.0761227,0.0768616,0.0774209,0.0774895,0.0772426,0.0766401,0.0757917,0.0747408,0.0554916,0.0535695,0.0517169,0.049834,0.0479778,0.0462903,
0.0381273,0.0424711,0.0461545,0.049622,0.0527847,0.0550972,0.0659422,0.0667567,0.0676393,0.0681486,0.0684001,0.0680692,0.0674382,0.0666069,0.065587,0.0544495,0.0519676,0.0490832,0.0455328,0.0417319,0.0373756,
0.0527925,0.0561658,0.0590573,0.0617179,0.0641735,0.0661883,0.087552,0.0891064,0.0903653,0.0913452,0.091719,0.0915753,0.0909143,0.089833,0.0884262,0.0668286,0.0644412,0.061779,0.0589413,0.0558225,0.0525024,
0.0440431,0.0449638,0.045683,0.0462173,0.0470531,0.0478084,0.0525248,0.0529052,0.0531592,0.0533599,0.053325,0.0532305,0.0533318,0.0528652,0.0525984,0.0477552,0.0473161,0.0463781,0.0456936,0.0449107,0.0442572,
0.0445535,0.0473672,0.0494737,0.0516671,0.0538711,0.0559961,0.0765359,0.0774151,0.0781827,0.0787358,0.0789373,0.0788208,0.0783382,0.0775213,0.0766083,0.0566517,0.054701,0.0526922,0.0503459,0.0483959,0.0454902,
0.051458,0.0546272,0.0571672,0.0597548,0.0614043,0.0629253,0.0724074,0.0728417,0.0734495,0.0737787,0.0738757,0.0738932,0.0734141,0.0730691,0.0725807,0.0637613,0.0623929,0.0605638,0.0583998,0.0555994,0.0525248,
0.0412184,0.042416,0.0429982,0.0439308,0.0447319,0.0451943,0.0504608,0.0507045,0.0511113,0.0513611,0.0513076,0.0512434,0.0510093,0.0508952,0.0503412,0.0451913,0.0445196,0.0438308,0.043098,0.0421681,0.0410548,
0.0430772,0.0440202,0.0456211,0.0470051,0.0486131,0.0507537,0.0831323,0.0846724,0.0857892,0.0863136,0.086599,0.0862977,0.0856913,0.0845343,0.0830605,0.0504617,0.0482605,0.0464854,0.0452509,0.0443632,0.042579,
0.0390239,0.040146,0.041078,0.0420965,0.043018,0.0441473,0.0501687,0.050585,0.0508441,0.0508797,0.0509314,0.050869,0.050695,0.0503705,0.0500892,0.0437519,0.0426912,0.0415563,0.0401694,0.0394139,0.0381488,
0.0461945,0.0496442,0.0533744,0.0573844,0.0612819,0.0652664,0.0897995,0.090612,0.0913634,0.0918333,0.0919169,0.0917509,0.0912273,0.090603,0.0895719,0.0649769,0.0612367,0.0575064,0.0536828,0.0495855,0.0464818,
0.0623815,0.0691495,0.0750127,0.0804127,0.0850206,0.0885976,0.106767,0.1084291,0.1098707,0.1107628,0.1110803,0.1106807,0.1098792,0.1082604,0.1065203,0.0888602,0.0853462,0.0807504,0.0755321,0.0695156,0.0629775,
0.0475321,0.0484385,0.0493948,0.0500296,0.0505521,0.0510968,0.0570509,0.0575804,0.0579387,0.0579627,0.0581487,0.0582711,0.0578926,0.0575756,0.0571701,0.0512303,0.050742,0.0501274,0.0493658,0.0487301,0.0475677,
0.0336696,0.0359078,0.0384003,0.0411846,0.0443385,0.047213,0.0687422,0.0699911,0.0708716,0.0712691,0.0715631,0.0713528,0.0708523,0.0702144,0.0690077,0.0467473,0.0436529,0.0407874,0.0381017,0.0356792,0.032929,
0.0326963,0.0416553,0.0529446,0.0646506,0.0759773,0.0867169,0.1015274,0.1022442,0.1031446,0.1039204,0.1041089,0.1037029,0.1025081,0.1015921,0.1009487,0.0870927,0.0766271,0.0650378,0.0531036,0.0422485,0.0327419,
0.039397,0.0392538,0.0394181,0.0397511,0.0402038,0.0403162,0.0424786,0.0427882,0.0428137,0.0430351,0.0433072,0.0428347,0.0428319,0.0426412,0.0424333,0.0398371,0.0397575,0.0395416,0.0390397,0.0390046,0.0387149,
0.0520795,0.0556158,0.059173,0.0628978,0.0664562,0.0696143,0.0877893,0.0883968,0.0888468,0.089411,0.0894044,0.0892157,0.0891828,0.088548,0.0880225,0.0699611,0.0666829,0.0631406,0.059839,0.0561238,0.0523968,
0.0582789,0.0610328,0.0633361,0.0660294,0.0683124,0.0712224,0.0941701,0.0948548,0.0954266,0.0956117,0.0954012,0.0954208,0.0952246,0.0947857,0.0939299,0.0709301,0.0679896,0.0649253,0.0630097,0.0605152,0.0578297,
0.0469048,0.0490644,0.051224,0.0533087,0.05581,0.057663,0.0760137,0.077112,0.078016,0.0786168,0.0787132,0.0785568,0.0780357,0.0770245,0.0757484,0.057449,0.0554755,0.0531083,0.0508837,0.0486493,0.0467663,
0.0420903,0.044281,0.0464329,0.0481797,0.0498347,0.0513497,0.0631455,0.0641149,0.0645924,0.0649313,0.0650685,0.0650174,0.0647782,0.0638601,0.0632947,0.0517391,0.0502604,0.0486762,0.0469533,0.0449951,0.0427983,
0.0381139,0.0408718,0.0440309,0.047494,0.051496,0.0561962,0.1040137,0.1070959,0.1094172,0.1108234,0.1111646,0.110631,0.1089481,0.1065069,0.1032784,0.056041,0.0513864,0.0472029,0.0439402,0.040686,0.0378519,
0.0418398,0.0424436,0.0429452,0.043054,0.0432441,0.0432701,0.0453612,0.0458508,0.0461044,0.0462411,0.04635,0.0461293,0.0460375,0.0457455,0.0453886,0.0425072,0.042086,0.042182,0.0417528,0.0415851,0.0408694,
0.0478443,0.0506229,0.0538153,0.0569809,0.0599544,0.0631349,0.0842506,0.0850001,0.085659,0.0860218,0.0861681,0.0861039,0.0857261,0.085352,0.0844217,0.0639342,0.0606927,0.0578651,0.054598,0.0510406,0.0482304,
0.0407224,0.0432344,0.0453526,0.0478056,0.0503131,0.0529051,0.0782572,0.0801532,0.0813263,0.0822241,0.0824608,0.0821581,0.0813504,0.0799614,0.0782441,0.0530085,0.0504597,0.0479323,0.0454819,0.0433861,0.0406356,
0.0509592,0.0560353,0.0600638,0.0633386,0.0649565,0.0666159,0.1021206,0.1057955,0.1084966,0.11026,0.1108174,0.110216,0.1086079,0.1059059,0.1025614,0.0682915,0.0666269,0.0642798,0.0613366,0.0569098,0.0516699,
0.0404019,0.0418436,0.0432374,0.044258,0.0455665,0.0464052,0.0589,0.0601078,0.0609818,0.06161,0.0617093,0.0614836,0.0611638,0.0604503,0.0591748,0.0471782,0.0458249,0.045113,0.0438362,0.0425283,0.041524,
0.0284443,0.0277088,0.0275338,0.0270985,0.0271978,0.0270072,0.0288901,0.0288379,0.0295051,0.0294219,0.0293554,0.0292964,0.029438,0.0290859,0.0290734,0.0270948,0.0272791,0.0275638,0.0276549,0.0280717,0.0284932,
0.0463915,0.0501952,0.0537387,0.0568251,0.0594362,0.0613843,0.0702791,0.0709023,0.0712558,0.0715335,0.0715924,0.0715755,0.0714195,0.0711136,0.0705676,0.0630433,0.0610838,0.0586627,0.0554787,0.0518562,0.0475872,
0.0405132,0.0465833,0.0524846,0.0578562,0.0626051,0.0663737,0.0897688,0.0922104,0.0944096,0.0956856,0.0960182,0.0956996,0.0942988,0.092257,0.0897036,0.0640892,0.0600921,0.0555356,0.050533,0.0447753,0.0390647,
0.0474346,0.0493295,0.0521833,0.0550316,0.0584931,0.0618001,0.1079938,0.1106887,0.1128127,0.1138959,0.1141886,0.1138056,0.1127068,0.1105234,0.107845,0.0615238,0.0577993,0.0541211,0.0515873,0.048663,0.0462086,
0.0352205,0.0376618,0.0396846,0.042299,0.0448925,0.0474845,0.0665635,0.0669315,0.0672678,0.0674782,0.0675832,0.0675189,0.0672426,0.0669833,0.0663737,0.0465614,0.0439396,0.0415495,0.0393774,0.0373256,0.0354823,
0.0380626,0.0369941,0.0358236,0.035651,0.034927,0.0341486,0.0355296,0.0358241,0.0363966,0.0359796,0.0367575,0.0360099,0.0355524,0.0360878,0.0354231,0.0351231,0.0350922,0.0360263,0.0366097,0.0377228,0.0386119,
0.0637104,0.0632984,0.062651,0.0619051,0.0616254,0.0610419,0.0636849,0.0640084,0.0645897,0.0648442,0.0648655,0.064291,0.0645,0.0644798,0.0634376,0.0612366,0.0613375,0.0616663,0.0620686,0.0627837,0.0626707,
0.0596252,0.0594277,0.0596623,0.0588709,0.0590781,0.0593398,0.0616377,0.0615745,0.0625533,0.0619321,0.062618,0.0618785,0.0621902,0.0615627,0.0610206,0.0581519,0.058061,0.0574842,0.0578054,0.0573514,0.0570955,
0.0494852,0.0545904,0.0602872,0.0650086,0.0703048,0.0752358,0.1032749,0.1042803,0.1051378,0.1058839,0.1063899,0.1061059,0.1058644,0.1048823,0.1038935,0.0763208,0.0720555,0.0674139,0.0626331,0.0573407,0.0525922,
0.0357203,0.0357816,0.0358803,0.0356844,0.0362779,0.0358515,0.0381412,0.0383894,0.0383231,0.0384811,0.0386694,0.0386111,0.0384079,0.0384914,0.0381336,0.0359992,0.036271,0.0361848,0.0361094,0.0355927,0.0356489,
0.0524316,0.0553145,0.0590106,0.0621083,0.0653218,0.0684887,0.0911732,0.0927121,0.0937544,0.0942221,0.0940239,0.0936632,0.0927664,0.091955,0.0902913,0.0661475,0.0631597,0.0595717,0.056586,0.0528519,0.0491717,
0.0555831,0.0632915,0.0704586,0.0761522,0.0806377,0.0842771,0.093216,0.0940339,0.0939377,0.0943542,0.0946664,0.0944183,0.0943358,0.0935071,0.0929355,0.082709,0.0788237,0.0740363,0.0682941,0.0613905,0.054021,
0.0516199,0.0550442,0.0577552,0.061108,0.0641046,0.067307,0.0960813,0.0972937,0.0980757,0.0986882,0.0985802,0.0983965,0.0976787,0.0965467,0.0950206,0.065291,0.0625651,0.0592506,0.0567271,0.0537777,0.0510492,
