0.007899008389441946,0.022075840462500346,0.03749646732011179,0.051701837805966745,0.06938303981422235,0.08211574406659335,0.08969422753503588,0.10065948468506229,0.11277062225067755,
0.011919070087052761,0.02948040639941245,0.04649588253663634,0.061200485121194255,0.07881739204890413,0.09087954280963277,0.09780632320285931,0.10697091161560655,0.11810433069506247,
0.008551767940975598,0.022418166207396784,0.03623701044457585,0.04731108645958147,0.05971738116066603,0.06700329285786984,0.07132652430257551,0.0776396177154277,0.08696447081394143,
0.009273820408521647,0.014837180908959727,0.01843439282800152,0.020239576213525026,0.022756537875939318,0.02321961797267151,0.024047474509815366,0.025958257443857494,0.02980505563843568,
0.00870289355780548,0.02279281286353616,0.03711273096754298,0.04926505165539689,0.06483940064730237,0.07526491382675692,0.08111094527051517,0.09008813652553647,0.10112219382001973,
0.010806944105571486,0.027547566860938122,0.04463495009851836,0.05808390920519931,0.07385342264334825,0.08383110012122262,0.08980754487347382,0.09889129835327987,0.11018757005698863,
0.010659784668226346,0.030944921756956987,0.052737004595071135,0.0705708389750155,0.09115382341809954,0.10490717612103678,0.11219463956638959,0.12330526239241384,0.13969832451409428,
0.010439095635947608,0.02484349011594533,0.03850506987214154,0.04888733364593773,0.05975321919740225,0.06674284911392718,0.07091089827715066,0.07735657718354626,0.0866461333002915,
0.010311359417346866,0.02682960567202876,0.044195177112032254,0.05829863406369349,0.07548109356065776,0.08695636357926437,0.09331038965486392,0.10224228541918079,0.11419459426166884,
0.008079194885183084,0.018545833095255922,0.02872553946824178,0.035951087812539854,0.044169383802968094,0.05011930640900893,0.05323785154650454,0.05889091296599278,0.06718782344574481,
0.00992208348685098,0.02608382264513985,0.04289648542452429,0.0569523782259794,0.07301909771942648,0.08334954345212055,0.09041313506152691,0.09779669603976145,0.10956012554977224,
0.010440541193505133,0.027937452000251838,0.04620499656908215,0.06092491922021993,0.07711762694132761,0.08816544078897176,0.09368736657177597,0.10291202252425972,0.11610726524535407,
0.007637459833797458,0.021304130235990704,0.03604433906283745,0.04834040866333974,0.06355289702758789,0.07396758215805115,0.07917328907234802,0.08788043678417344,0.09902689254990729,
0.0059037691964512655,0.01871811489661536,0.031525940618354974,0.04429539288903822,0.06095923661682175,0.07245348920098559,0.08043757177411953,0.08986626008556066,0.10350802796580004,
0.010225823352881254,0.025992913518209707,0.04190349342492816,0.05482997688764224,0.06951297362343213,0.07800575444445192,0.08314434061463323,0.08949125496454963,0.09639290512312765,
0.011099382049325576,0.027193953497070936,0.04313608180421366,0.0567354254576757,0.07375628294828206,0.08596849145898065,0.09283452655858761,0.10177482946644412,0.11261048224370517,
0.009198614041688867,0.023778845033354284,0.03817777124294827,0.051325497678855775,0.06745309579541196,0.07905795836945752,0.08605113059007152,0.09463912410444132,0.1062325918619511,
0.006647204552196032,0.020499741443495093,0.03590665612932365,0.050025525252479525,0.0679407199036257,0.07991206118849781,0.08642856427869992,0.09579889546417851,0.10799320763266158,
0.012654264674949975,0.029483700058183668,0.04644687354339903,0.060414179323407674,0.07795407591155096,0.08910159887358661,0.09837608297061456,0.10763410129558436,0.12136332700783119,
0.011405576720846376,0.0228400822214921,0.03359907980450214,0.04175722838629617,0.05226286785533291,0.06080534943254793,0.06607905101689288,0.07509545436290052,0.09157564266020012,
0.008179547281957938,0.02213791297852062,0.03659019942909681,0.04926071226641712,0.06470168935861505,0.0746061746838416,0.08162250831667882,0.08936780996187267,0.09992543435258679,
0.009986644054179015,0.026770381848595957,0.04291428196667902,0.056778779682290795,0.07247769414507467,0.08254467044679802,0.08831091015314306,0.09582577272458435,0.10589218109148982,
0.007852294767922043,0.013248976885599381,0.017069406192620668,0.019036099683133564,0.020343545352986988,0.021547516854965046,0.023220639687984355,0.025170267367389712,0.025922729662425897,
0.006961181133193137,0.01907450880005059,0.03092068639772047,0.041221329378959504,0.052781857443678575,0.060242437552982565,0.06369895071014868,0.06951790387842033,0.07780962376150206,
0.010831817264493311,0.02766398966031178,0.04461735675461573,0.05752184297384424,0.07264543421955613,0.08198765723931983,0.08709108957275123,0.09402259977146817,0.10311510350155241,
0.008306576464040196,0.021880144525258053,0.03688827121373051,0.04919769172905477,0.06494308269207112,0.07547999329105194,0.0822565746996054,0.09035274994559038,0.10266765285729738,
0.012990329733051122,0.029103629614216715,0.046566067686205026,0.060473010416131075,0.08017780486078413,0.09511997978822982,0.1048737649841715,0.11624366465034276,0.12937724386397295,
0.006550934856128052,0.019034383369024317,0.03213931279095262,0.04408300906741016,0.059821504372194155,0.07198323212218495,0.07770669505516813,0.08603181140541673,0.09714341757483885,
0.010528462207035403,0.028461266735098394,0.04684896380029357,0.06240462619648681,0.08069281545769534,0.09243394864405435,0.09961073428299198,0.10847881465527705,0.12105803392306254,
0.009810243543238562,0.026348293888552154,0.04139935861986677,0.05478320736046357,0.07044796106279268,0.08139806396492409,0.08589523592243009,0.0948908850362062,0.10570493847431629,
0.01000102390698418,0.026739139738508114,0.0444460727734253,0.05823640047548118,0.07439386458285652,0.08422704310194962,0.08945232597559916,0.09701303099061571,0.10554499242570954,
0.008352302301334656,0.022703394934507733,0.03708799512926845,0.0489973185527269,0.06209304088531494,0.07073324385415349,0.07563460526331946,0.08154758851221788,0.0902453798178209,
0.011294500856845144,0.02757416842774003,0.044170704561791424,0.05767435373108582,0.07414856528969073,0.08639945885654204,0.09295360232438908,0.10316475018710651,0.11519950382451877,
0.010351405143806476,0.019336929586352594,0.026303117268932343,0.030800362256852686,0.035779304035760254,0.040130280048466534,0.04242835497762086,0.04680868021641773,0.05322426749113848,
0.008157202281942826,0.024017106210098657,0.039871435834590845,0.05475197981044447,0.0736086983756694,0.08705066834384029,0.09514729923705016,0.10595190101615343,0.12123186414178076,
0.007741777384605268,0.023668087354574624,0.0408281542527117,0.055948910632558344,0.07424286322867685,0.0862975152998011,0.09349053873521446,0.10222650318608459,0.11430604366067772,
0.009484825562929398,0.023931113485619725,0.0385080804883623,0.049435759339758974,0.062260558794170875,0.0710679006091792,0.07606631850074307,0.08349130198844198,0.09494752111426823,
0.010487174371722955,0.02842138476028462,0.04773668206965329,0.06397081972855995,0.0830035977271289,0.09544969765646165,0.10155029511308857,0.10972008133379225,0.1192525220176458,
0.01032245294190889,0.02807600272980881,0.046997174386674966,0.06261510692639399,0.08038504232552256,0.0916014225633462,0.09745725550643293,0.10387538390260258,0.11193910919893864,
0.008160073907491176,0.022099680440194728,0.03659348451021224,0.049130034214287646,0.06429006521046345,0.07408583170790985,0.07948239764682245,0.08729747490108053,0.09605748838482434,
0.012375026159686447,0.034496935706724415,0.0582932596103847,0.0777819011877021,0.10119458437287658,0.11596018940693088,0.12482655305908516,0.1356811702818206,0.1510534828433148,
0.010124013505318528,0.02393757363113185,0.03720248741379172,0.04667984733136289,0.05758614298596847,0.06460932611886538,0.06925644991384067,0.07697873850262392,0.08767210511595558,
0.013532525222299242,0.02998329610113881,0.04618787235355458,0.05951014614380123,0.07561221874922386,0.08538950854414656,0.09142901523312398,0.09916479352571028,0.10807833707718485,
0.009533902965605828,0.024186743340542258,0.03868876958893654,0.0504456225161948,0.06342671330024285,0.0728327220539749,0.07836321181544205,0.08641749013699845,0.09895725847070837,
0.008513988236114038,0.02297403340018182,0.037981783569982025,0.04995839511039141,0.06335378690175662,0.0717498353740371,0.07652286009935128,0.08310907814425698,0.09450501895358002,
0.010995872437527884,0.03173116365987529,0.05416669164845527,0.07313945776840575,0.09591633277003271,0.11092823101265564,0.1199175086352772,0.13039924806983863,0.14506825794895664,
0.010056590294231123,0.02394869492549391,0.036866429010650285,0.0465786882684845,0.0575187430465735,0.0649895555945623,0.0695138459590521,0.0743509890117578,0.08400510081917999,
0.013013502687554994,0.03573115948822147,0.05943221801948827,0.0778216314745384,0.09766879487633767,0.10942472123550162,0.1149619063009215,0.12289012088481145,0.13280690322317856,
0.010701639522082156,0.023989659904278104,0.036489314541275776,0.04564982950333185,0.05610615967132563,0.06279439858243928,0.06668820408875666,0.07347445548440673,0.08338404324049246,
0.010224250625364558,0.026278990868651157,0.042324835807940574,0.056231865294593376,0.07293176485781068,0.08507996864158959,0.09094757607443253,0.10066639278989928,0.11202545220174913,
0.013491056257337092,0.030029900564003533,0.04623304702664918,0.05779268047237423,0.07337888186019795,0.08302520390894073,0.08954430065614913,0.09685499314659657,0.10760524697456296,
0.008217143813419649,0.022692123999911638,0.037186134476174915,0.04943609405783056,0.06356273714820036,0.07294860420340332,0.0779275934133274,0.08458034321882991,0.09364172614660568,
0.012158692785836965,0.03004822289392358,0.047723242358772865,0.0624647254304136,0.08047517525564356,0.09177802346881343,0.09850345197060652,0.10739426327826622,0.11812798708276284,
0.007667174055078629,0.021882052830296355,0.03644084654200395,0.049701994307013476,0.06612620431127311,0.07689448134006403,0.08471566907703913,0.09334875983402512,0.1047804756455193,
0.011744461860550096,0.03182143550222793,0.05266832079884416,0.07010335158733659,0.09019181029125337,0.1034245146329358,0.11044488383322276,0.11915085413060268,0.12958949537255993,
0.011863306820037311,0.024518860038463593,0.03874680724323012,0.04835903458312976,0.060126874061190265,0.06772441912993374,0.07172421639999987,0.07747978716383112,0.08587831710984516,
0.009588363204837351,0.01680924564309156,0.02321235434006156,0.02651661951726354,0.03246106366057745,0.03813674073479633,0.039644747424341896,0.04622908812968972,0.05484599080211076,
0.008527353460167562,0.01585533975321907,0.02183105140660935,0.026357822962466124,0.031087002338804123,0.03456488255846558,0.0379183109431831,0.041133952950983294,0.04824505855100814,
0.01116970140252338,0.02648261089453257,0.04167615234583501,0.053046484308361244,0.06654412309369383,0.07576027920376129,0.08116403619890634,0.08982755742124132,0.1015628285030321,
0.009159043266375731,0.024825201809088593,0.04185452068663279,0.05746571928539616,0.07679106114369642,0.09226129473222318,0.1010746092562158,0.11269228374472237,0.13106348099384857,
0.007955068406235064,0.020521745585034664,0.034265780394890505,0.04614097638771713,0.06167424985160342,0.07288529353406778,0.0785227393581998,0.08926048975005761,0.10247305710406238,
0.007508169759007733,0.024080078139890625,0.041726408382305354,0.05778799251994295,0.0795492675150518,0.09557358937584222,0.10578505728431702,0.11980976986950909,0.13788203860179504,
0.010100907696713594,0.027116485906549175,0.04379983656801427,0.05822423545705827,0.07609248919921736,0.08847852136095549,0.095588107802767,0.10512231713169293,0.11724742613357364,
0.010807945701217576,0.029803552945157876,0.0496005063443584,0.06576233275391637,0.0836512125648668,0.0947439793471236,0.10011603259677616,0.10641736563119673,0.11447316719525408,
0.009371526890934121,0.025840937314116196,0.0436362738537107,0.05856391242891567,0.07631660110186207,0.08745987796946667,0.09382489054848815,0.10146932909294844,0.11203386726231186,
0.010245923540115453,0.02700589897350657,0.04486647214569387,0.0591473667182889,0.07550139494823947,0.08610475101822067,0.09156429826349285,0.09981746418649155,0.11251148787738947,
0.007777416011774696,0.02147012982923883,0.035582821098942494,0.04714490718200625,0.06094036713042988,0.06936467110032864,0.07467366090206708,0.07961354544383338,0.08607420591119584,
0.01006834776897783,0.025484406382909438,0.040805176251659143,0.05341759419889476,0.06871605237509802,0.07962193677933886,0.0855607787486219,0.09487613241826227,0.10595394698762434,
0.010295595216546218,0.023782425814525596,0.03770462216610626,0.048462669694615705,0.06086325820847244,0.06993327791967195,0.07539702846020035,0.08187348671592495,0.09213576682749189,
0.01456410953463642,0.036344724132009495,0.05805813675938414,0.07656647340167512,0.09887958968757542,0.114676565684586,0.12287369697237681,0.13525903848689902,0.14928392768133705,
0.015617416551602169,0.04677176213235944,0.07954051966869212,0.10771464213400006,0.14341650072642692,0.16858192395928576,0.18329997985858934,0.20288478620764042,0.22725342925322944,
0.010199700586031694,0.027841089114957234,0.04732600039172222,0.0636097135437801,0.08289530440696956,0.09696773764377953,0.10563135249046059,0.118020128016997,0.13639731210171566,
0.008099161728012203,0.018295429214114426,0.02737196710187947,0.03392846878279045,0.040654345731929185,0.045667747418897876,0.048086939325108,0.052711718864713625,0.05910567026314368,
0.01007002587445707,0.02852240808840142,0.04846097161990413,0.06469805779217426,0.08486292747822682,0.09859019781174075,0.10630351390358923,0.11731504537242497,0.13406084889762176,
0.010017610952372052,0.02717801537043336,0.04378838458260001,0.058453413915832135,0.07628249643458312,0.08876674805336131,0.09638229256680046,0.10647289097983569,0.11823159874197899,
0.009602452719700255,0.024858921609726314,0.03981496566640786,0.05170288241158294,0.06499420944732483,0.07311239030019423,0.07844522265119984,0.08520314262566957,0.0941191899951164,
0.012399207903801864,0.03294014597756765,0.05257987284278622,0.06859820564337939,0.08783227597219875,0.10151628221693197,0.10787716528041952,0.11783113937623567,0.1307690249629893,
0.01032180150822362,0.02905689638559662,0.0480921947794526,0.06371209750092623,0.08146597761650368,0.09306043302381646,0.09902105276023275,0.1066389722278889,0.11718718975396315,
0.007279119107847945,0.021167420847446633,0.03611035008690211,0.049933093775487714,0.06688810465094434,0.07913341086104463,0.08529202896719507,0.09465909840826414,0.1062661175988952,
0.00937998216813643,0.02635130751770998,0.0448045830018659,0.06086237306153659,0.08109918279224781,0.09597898908843305,0.10426752903178316,0.11644441591278655,0.13127739375182437,
0.009904888686762115,0.01814556762025283,0.02446096960209437,0.028136373105874284,0.03292860758711256,0.03568768096823351,0.037908522452315574,0.041663128808568144,0.04382207941556843,
0.009948048365187583,0.0286208331529808,0.048928087847655545,0.06655502396275727,0.088970106903891,0.10452501662568808,0.11426011487400288,0.12572150635483403,0.14303080598760473,
0.011625372620130433,0.02900309353320965,0.04609684063565354,0.06030989950114602,0.07670266226638202,0.08797011832977474,0.09421061999935175,0.10216510771117625,0.11287513519536257,
0.011602627635483568,0.03218719913222966,0.053706764119933276,0.07109981731156884,0.09046995679635002,0.10242618467284878,0.10895850073491481,0.11725926301885718,0.12709978041873718,
0.010602686006706413,0.02602007710401498,0.0419411870048925,0.053795689786189156,0.06683862861503728,0.07549825075161753,0.08060605578285603,0.08760463981008534,0.09695511233366642,
0.011501183689712402,0.029570160803889408,0.047715606794930567,0.06187898202413493,0.07828125623834035,0.0896647316112473,0.09601549299308339,0.10572358374226289,0.12094448105572884,
0.009948065382441416,0.02790896034330585,0.04667323718460776,0.06271079324856192,0.08063138112668693,0.09163240285388048,0.09764415401290163,0.10617064336300781,0.11825340405346006,
0.00853502725262001,0.024852796718324164,0.042153166609399606,0.05751876417096373,0.07835880674093669,0.09135820013703828,0.10106205960720227,0.11233418895559848,0.12613631182379184,
0.009202577933601243,0.025041292672952097,0.04019102892998616,0.05366572821375029,0.06944397682025899,0.07982813772408619,0.08580166193493101,0.09322731132711105,0.10248110851816769,
0.00922775940081711,0.02425431410184501,0.039739944012326535,0.05198230743186274,0.06601146232971901,0.07478004485325938,0.0803638735007672,0.08782463759981887,0.09929190353408916,
0.012643084319102682,0.032574910607928165,0.05220450829976117,0.06864519465121495,0.088602375397155,0.10168866923891624,0.10920265965420953,0.11906052474249171,0.13050282690898388,
0.012449328776209658,0.03022516192943481,0.048096406266611956,0.06304385847397471,0.08115662512444642,0.09296419722917118,0.10090733995981374,0.10966312769490409,0.12088312326108885,
0.008409505184552002,0.023604357042942906,0.040086047324866765,0.05355696338979531,0.06963094921882249,0.0799476411135886,0.08699363093663216,0.09599861351570989,0.11013681483509784,
0.009806675228396202,0.023658610949616896,0.03685191510495441,0.04607641458481913,0.05729537737151551,0.06528213192166604,0.06998978282566444,0.07814469356060456,0.09015148731585142,
0.010540266900688077,0.028360592538679622,0.04636080518967322,0.06123441457201769,0.07894482529310848,0.09027186949824716,0.09672708781611655,0.10679019814242002,0.11958107622470833,
0.008782105192964509,0.023566807527843653,0.03967773050990866,0.05361135102600265,0.06995914771907712,0.08186907194125757,0.08857530852459933,0.0991552000916774,0.11314585407466765,
0.009046654747843377,0.025416190301957006,0.04219517011112639,0.05742244614250768,0.0765572480897187,0.09088465584499757,0.09818528123672544,0.10939093982716719,0.12361365915130351,
0.011873885074422226,0.030833573035148987,0.04998482048207995,0.06475653725164594,0.08123273883591692,0.09115114023426502,0.096617745251123,0.10286404825664941,0.11189036912739074,
0.011054029806237495,0.02771313949444758,0.04409891093889712,0.056641628520753544,0.07112928290576125,0.08031376625918284,0.08576140520453213,0.09400375836438363,0.10396741799247537,
0.009589416552391405,0.022765609979468214,0.03580191677110868,0.045488762724654415,0.05625632991995124,0.06431646961183783,0.06835167262888221,0.07476572449705098,0.08360146380057,
0.0106783842528251,0.02766875606201352,0.04433514117890522,0.05876453098953448,0.074898907460663,0.08477137507839917,0.09087169479704567,0.09689761153750945,0.10436658197402447,
0.010016624895006014,0.027903712451959276,0.04561380597617003,0.06218216774156519,0.08298270353058501,0.0984371386396739,0.10798476233710909,0.11946986587386747,0.13301522494566187,
0.009436126720411189,0.020815079844322456,0.032110535376950196,0.04114824097485217,0.051792412075377735,0.058964957831644356,0.06398794488998229,0.07229180575447303,0.08722343723918963,
0.00883333767379727,0.02492616447913794,0.04199169629697608,0.05695521581127754,0.07654188308515504,0.08888419382557461,0.09751720449486813,0.10726237146447902,0.11969075449595094,
0.010054115123526613,0.020260720289506706,0.029325228716840148,0.03546030653332143,0.0420324148858042,0.047623883049104115,0.050428787095764406,0.054143867353880916,0.05902320529268764,
0.009643712732493983,0.023690455301159468,0.03617467984619879,0.046409275170058,0.05759097741357885,0.0650377712319683,0.07015834940747707,0.074372131515444,0.08114325644059957,
0.014781457659785552,0.03863467153331958,0.061190717736354414,0.07988618268265674,0.10146445774482517,0.11642293675943433,0.12468576309643165,0.13545386189905664,0.14912706785084498,
0.011433883115515618,0.03632528052363354,0.06266775290075785,0.0867825317023878,0.11964131564042577,0.14397169881442737,0.15858828134041827,0.17665631787812708,0.19913059890453688,
0.009126814861006997,0.01997613609716081,0.03062540640774417,0.037785306307132095,0.045992037073889186,0.052928394687339946,0.05728017333004862,0.06541843027194832,0.0785862377551725,
0.012029325014400795,0.03113214659518523,0.050267374794237235,0.06572345269311052,0.08431124536780478,0.09658029309449113,0.10309336678732549,0.11207768380042661,0.12331421327811914,
0.011665838532966303,0.029095315079532145,0.0478824595605384,0.061628992529334736,0.07941064339002968,0.091370610759455,0.09948314626386606,0.1089904641724999,0.12212804901182618,
0.009866804816986879,0.016345342459823647,0.022187154911883306,0.024506417037234173,0.027518713607272136,0.028793874501357272,0.03131729310819554,0.03305058127100006,0.03834167172124922,
0.010653004498807357,0.028173440156800695,0.04527309322270135,0.059981185592605145,0.07801046724927209,0.09014226616204114,0.0975431780908364,0.10670727039485085,0.12079635634294318,
0.010853436010983233,0.028815515801710084,0.04712455569640383,0.06168415295733243,0.07829466641728006,0.0891401450565079,0.09526974556136321,0.1042827748548898,0.11450926245080176,
0.01148844400544692,0.032471421113759856,0.05348236846795373,0.07136740793365798,0.0927873858709554,0.10697132693436723,0.11572854481301383,0.1267517556931638,0.1428133708284438,
0.01032231129306171,0.029143866778806548,0.05033961533196066,0.0688697911505151,0.09384490949822304,0.11236851144299469,0.12221688114664754,0.13559422479377348,0.15213543605647575,
0.011405677342775289,0.03197439018866088,0.05408116700968674,0.07289247717798711,0.09539667629856946,0.11143737898010288,0.12030273365682603,0.1320921391050454,0.1491633333058857,
0.008378588003741772,0.022639921236663533,0.03727645676567049,0.04982577154899079,0.06525216631907148,0.07520185268200137,0.08106762038772602,0.08978094171195139,0.1006650157713301,
0.011544455009258494,0.028140705495480034,0.044598530064869496,0.057100665878343795,0.07237087869489066,0.08326095377671354,0.09027964617854356,0.10038655331627828,0.11316012656631001,
0.011249378748879534,0.026536554618894648,0.04214788640436937,0.054929541915592926,0.0715808281169703,0.08433398473600628,0.09155858853934241,0.10189966304379607,0.11961877143443854,
0.006403587087336392,0.0183100473654163,0.029337096068787823,0.039603227266035795,0.051407452309235685,0.05969553641386824,0.0638465567459141,0.07065171192709281,0.07902792715469607,
0.010816399683973852,0.023679760443218675,0.035570649346447734,0.0432577430405767,0.05231728458331588,0.05807369145585042,0.06213202443283893,0.06675115492908713,0.07461255187011513,
0.012540693430668522,0.0339775020215547,0.055910749870710236,0.07288143068121959,0.09159871201043691,0.10362269963751382,0.11100694328312079,0.1203890862956777,0.13501443943925995,
0.010957001789913016,0.0247663029411556,0.037822244504166845,0.04808508253987961,0.0603840069422634,0.06781829401414295,0.07308170239225234,0.07981306384533428,0.09255556608510394,
0.00921497793004958,0.02659356079283356,0.04460824995150011,0.0606751992408343,0.08160585173526762,0.09598209261102925,0.1037328692642417,0.11634918697994062,0.13169025357887365,
0.011698827425858803,0.030047935548723547,0.04799261058586316,0.06314916508658126,0.08135371351672133,0.09335720301520585,0.10015235398188815,0.11093918733094846,0.12542592034514402,
0.008565360367158716,0.023127410926775834,0.03706092816763939,0.049797175494810476,0.06552669846747604,0.07572283767620734,0.08152095691835215,0.0898033631392703,0.09891346334409333,
0.012285747400128683,0.03110795500012019,0.049948623086914175,0.06504708793149992,0.08376968087451703,0.09530724967807454,0.10260037228939525,0.11156667624123758,0.12272155959050057,
0.01075833565070364,0.028169825245134398,0.046753952362049565,0.06177131841846962,0.07921857999261218,0.09006722947231595,0.09610238913049406,0.10362514419427722,0.11519493075325245,
0.012469714075724189,0.02946757670525239,0.046310957657398226,0.058382117275690364,0.07271171204675772,0.08302134699102749,0.08971096884259039,0.1008520603975948,0.11650476986982432,
0.008128048705428935,0.02383458533026951,0.0419781486555162,0.05765657979395631,0.07798732926964198,0.09138439513437212,0.09986059270878761,0.11080800633686864,0.12314389373840362,
0.009214527979225283,0.02244807611335073,0.03568441221654516,0.04664828318147191,0.05969269855904827,0.06895909863044934,0.07436473576587949,0.08130125238802405,0.09183069864712222,
0.009593682252841266,0.02548458239101677,0.041590131064917046,0.05387644452552375,0.06833200832446985,0.07696210987598717,0.08214314733654861,0.0903510384779958,0.1028942244102808,
0.009429752743120823,0.024737298801313017,0.03975525492162392,0.052211532407868605,0.06717753548238027,0.07751754340526508,0.08404269842870349,0.09257918655623325,0.10328445067224636,
0.00955531083935038,0.02188068059618266,0.03349898913900206,0.04257666828137541,0.05273369189351224,0.0595278715387338,0.06332051500589227,0.06749582559899035,0.07366678520631263,
0.010111783001624191,0.025475492266456613,0.040502403048655274,0.05251609624027189,0.0655436712193786,0.07352916293679541,0.07830681215491067,0.08486270105307801,0.09456907885342068,
0.012905823554033734,0.03382309968095843,0.05519427395132937,0.07322457138146118,0.09534396702124502,0.11042314654112323,0.11859056929909129,0.13011378303917634,0.14478816115367008,
0.010463867460008058,0.028596657521526996,0.04788180439540045,0.0647916386589233,0.08550741349842617,0.09914371493241708,0.10693408587834002,0.1164944325924851,0.12759829025992753,
0.013551392683158062,0.0347260215074706,0.05601591678756083,0.07410572783095047,0.09511739973965956,0.1087566685675269,0.1167452126577153,0.1268737064699752,0.14003273667432647,
0.009781053610506622,0.02478438534599298,0.04034168596827877,0.052424863257588016,0.06642888619309398,0.07602995682185672,0.0820325791641843,0.08919838528261964,0.10003699931384866,
0.012316361156555102,0.030939874150191945,0.049433614860284074,0.0631068943770841,0.07794655492818321,0.08735824331269565,0.09128907854385028,0.09785870406549312,0.10386873671232572,
0.009775083169899395,0.018431944106892532,0.025202905339229576,0.02994641795609235,0.03462341598165643,0.03686839593876944,0.0392881765010977,0.041990516010332095,0.04792480513633777,
0.0075770978148685655,0.02087481620161787,0.03468155307314357,0.04706674809562693,0.06237025741763963,0.07305171924892656,0.07876431713938464,0.08720853029556411,0.09820989797334366,
0.0067558084916037415,0.01842243436036178,0.030878706644344195,0.04218451776129269,0.05706537710882475,0.06784848119264698,0.07380374678547129,0.081156566845138,0.09257547083106842,
0.007191102638608236,0.020621306056477325,0.033607129773643225,0.045898165162924144,0.06087660213943203,0.0711875527504411,0.07730583657950076,0.08616235417228703,0.09626079745462837,
0.008931052115009353,0.02661184909995356,0.04673766182473302,0.06492708198930691,0.08862845516051261,0.10530262233069124,0.11449514199164786,0.12553692534967822,0.14015435875045096,
0.011450287658835798,0.025912818167623326,0.04051766692565018,0.051771760174101907,0.06623318327283652,0.07742037272839036,0.08378068494930525,0.09490101172578787,0.10815465542998838,
0.011191407409358638,0.02899225722828162,0.04709622812805926,0.06195049353300247,0.07984604956791681,0.091768950168902,0.09888555937095656,0.10813663054685865,0.12165733600137511,
0.008962433511615936,0.02799512681883775,0.048673073120314485,0.0674104773328705,0.09308213580667102,0.11126029905548764,0.12158301892258783,0.1361575228403819,0.15513151205692555,
0.008670648699815844,0.024002611782040884,0.040807370174966676,0.055097771378798045,0.07164896102006926,0.08242570357322085,0.08761995293356567,0.09453410657309633,0.10313190614542708,
0.00894791565767749,0.018990832705201466,0.029225226965535863,0.03743986042185379,0.04823377112331722,0.05562443028865996,0.060573501561750724,0.06834669200615283,0.07734792793348878,
0.011940959081526172,0.031198272796772432,0.049795175823022064,0.06583843766776212,0.08415765298693045,0.09649621177140584,0.103245809786553,0.11200888100644175,0.12242741811516375,
0.011294538850049012,0.02821964479569253,0.04481671308080681,0.05896978309951712,0.0755727048230883,0.08647493626396303,0.09262158853770848,0.1006436387897694,0.10988581299385909,
0.008476022484572212,0.022863713765364238,0.03842947960380815,0.05167718573847325,0.06745741276613332,0.07776016449132245,0.08333834293234973,0.0907022049559332,0.09950604365252434,
0.010101207856133249,0.026147875992481095,0.04286042523490255,0.05537494179699317,0.06966815777585708,0.07872148855888099,0.08427709621470766,0.09221339309634773,0.10422828059474898,
0.010740022465168161,0.023216873448133456,0.03469798149416015,0.042839324354900524,0.05196409350041855,0.05861981677340467,0.06218034885170255,0.06824293153366144,0.07683559154696053,
0.008379382580632058,0.02142589842016943,0.03460503613243783,0.04543579726464299,0.05911068510897916,0.06821838239280863,0.07317427127563132,0.08052949694793915,0.08791915042294703,
0.011460505363220875,0.03011775419907007,0.04745342391614625,0.06344523911799245,0.08252540401587362,0.09607949372924128,0.10305034476337642,0.11427419941175049,0.12761764191505648,
0.00993011511759798,0.0292786556346137,0.05050466052857327,0.06769196389017113,0.08751725782618008,0.09995914450620275,0.10623407447825119,0.11498738536294664,0.12670657320813916,
0.012527146976042762,0.033520508815894176,0.05536147560421068,0.07303739877056076,0.09334922295978906,0.10641041448393435,0.11358318067364144,0.12298617277828103,0.13621158639288578,
0.008435803620759465,0.02613821811277184,0.04609177553221499,0.06445056112183578,0.08901378147777257,0.10667272889449042,0.1161085253761782,0.1278277224469649,0.14124482471624725,
0.010599122542111592,0.028559766288077146,0.047083837566286,0.06376724905133362,0.08390738466918451,0.09807776649963425,0.10639360254808249,0.1168871457958764,0.12984811513922578,
0.012145707225494391,0.03210301175792186,0.052191893978020425,0.06786598829285115,0.08481300370763632,0.09534411134102254,0.10158852312805759,0.10989348920345646,0.12227435730742953,
0.008086755982926184,0.022345536832602247,0.03707206401537179,0.04985084675836928,0.06551161890711762,0.07580192574511524,0.08155615438508783,0.08986088133248772,0.10210688012168495,
0.006695003145383962,0.010658259844048088,0.013296158105464235,0.014490278853435496,0.016543286633702952,0.01780278079533582,0.018449837198137628,0.01936427813767021,0.02067344608277111,
0.011199192453546692,0.029611346905316967,0.04795428694444103,0.06363883984606855,0.08287993125561405,0.0955507685181491,0.1035406189201188,0.11415711579313216,0.1278578076471119,
0.009641585366550352,0.018397852464212505,0.02649056078867847,0.03148108459467424,0.03697173119911544,0.04063690914022997,0.04358759466711919,0.04730032694652281,0.05306275629772455,
0.008687849789776911,0.024288487635725615,0.04149932845663951,0.056189595005154226,0.07314394071085407,0.08350330036936525,0.08947099597956937,0.09607415365692709,0.10424694185350934,
0.011004032264274148,0.02877615615368137,0.04661894615343779,0.060373761334552974,0.07558900699914067,0.08574888868313915,0.09073112519372367,0.09834264083455752,0.10754588297115232,
0.010698070474939073,0.030005905974263527,0.05072073948906414,0.0676857116151133,0.08766851361323863,0.10091217999376294,0.10765823621975265,0.11759024055365154,0.1300439579848204,
0.012886781206340441,0.034149165793937446,0.054216004779726136,0.07103171412949999,0.0927890497018501,0.1075438690382491,0.11660234221889045,0.12833483528763526,0.14432805134560892,
0.009614446606807126,0.0275285730145655,0.046811488444461334,0.06295944155389853,0.08204741644555667,0.09447180839342018,0.10119806220330642,0.11048370485384312,0.12324793514767453,
0.009925250177006045,0.026121439865869622,0.043294593220242296,0.05720476757507866,0.07345161105670225,0.08306731245391304,0.08843938881799472,0.09524783620007311,0.10475217104095043,
0.007624747719274051,0.013358984030117527,0.016771698052632903,0.01884549765171356,0.020435178265438222,0.023161187279931248,0.024172972932922296,0.025798617408293947,0.02706922472311391,
0.01166215537556017,0.025938386685567427,0.038241116985382934,0.04731758494573422,0.05800446786068237,0.06476066271761914,0.06978958266552483,0.0776904162341483,0.09015932522150487,
0.009996508435219955,0.027841185099799052,0.04650020899382665,0.063364354636622,0.08476523199627924,0.09975285967590594,0.10795828778870248,0.12058395325795411,0.13590269431071042,
0.00788147411675203,0.023807672352809735,0.04092899847398769,0.057097411317878134,0.0779194272539661,0.09264525337190063,0.1021249660928499,0.11272576528797278,0.12780294625647795,
0.009706929471960606,0.02384452849145751,0.038075422251505814,0.04856703939188734,0.060353784779333765,0.06822069293276309,0.07282936864080453,0.07844590655130729,0.08685596274122075,
0.010569870510208388,0.027801253270459906,0.04423630684261407,0.058540796946439384,0.07481907070554002,0.08491800270446624,0.09129941268282256,0.0993723871010772,0.10917414003427156,
0.010164120637984215,0.023375997643075422,0.035880224774742855,0.0449283598072424,0.05441933545292439,0.06105744210351133,0.06476711708025638,0.07119912268172081,0.0794783479052013,
0.010915918864700799,0.02918672524622024,0.048779353385932644,0.06594196188465482,0.08720935746409374,0.10310696560477518,0.11210258477900391,0.12591731193868624,0.1431163347788029,
0.00882276641222856,0.023627479733514534,0.03792080887813353,0.05060975710451983,0.06569410536227531,0.07560626183632907,0.08136866635821317,0.08919251605937108,0.0991801987928291,
0.010013628678969157,0.02538415833513757,0.041377045870747836,0.05496257959224152,0.07077222214066767,0.081377030624279,0.08723271901192747,0.09417824500305214,0.10272378395238792,
0.010166763026787567,0.026854778471826872,0.04262342016717519,0.056442876652404474,0.07386272636279399,0.08549909358139272,0.09117240762434518,0.10007204754884802,0.11170247411347975,
0.010023491658023385,0.025518683082856146,0.041384025022582184,0.053348239619367875,0.0676655173379795,0.07737466636001122,0.08367539521541184,0.09251877988815667,0.10514568796953747,
0.010031492528817436,0.01844509540416374,0.025887364503747217,0.030144107386859357,0.03562291715241482,0.039372743802789316,0.04253991616128685,0.046204170485986205,0.0523596707945276,
0.005604431924207358,0.008821355393423326,0.010380230520770488,0.01141610109394016,0.012441526304574234,0.012610740646711516,0.011631755472745161,0.013333324767512708,0.01323270885000309,
0.010532212824165789,0.02880408243126461,0.04688137642544335,0.06315835822572793,0.08430540486970436,0.0984507729511122,0.10692948488566112,0.11885935828108628,0.13329786751158926,
0.009417857009625942,0.025518945416797233,0.04210375508079604,0.055513603689882715,0.07085529103473208,0.08078523009020022,0.08568204899750854,0.09287679594698868,0.1025998946545773,
0.011343629540766889,0.028587843049538843,0.04563922082480689,0.05868880332751481,0.07324821658094292,0.08324879997246239,0.0889827233873015,0.09798085455416974,0.11090960202472264,
0.00967079657253328,0.024253100180073338,0.03918081331309081,0.050422370548875696,0.06303444776014776,0.07199310164863004,0.0772932716250189,0.08582029223757774,0.09883634261230753,
0.010446520312999108,0.028099931195463966,0.045696723497365706,0.06172314777636789,0.0814212171473799,0.09575050914415538,0.10344047068294168,0.1144980072916001,0.1287498167949084,
0.009139921985234225,0.02480812264851585,0.0408058791434236,0.05450292560971449,0.07114401355668323,0.08236738733507398,0.08878704391658628,0.09748445837180562,0.10961746625579612,
0.011764829798041233,0.03241328488627546,0.05334793900154594,0.07061033302364758,0.09093794925117188,0.10418568910075134,0.11171475982597433,0.12259633266877308,0.13690185866686758,
0.011417629913178285,0.027872110894007786,0.04454629295345752,0.05865120726130921,0.0754855876223882,0.08621731228051041,0.09205589534958845,0.09915986693049239,0.10723568069938942,
0.007066871392331347,0.020825409865305074,0.03656183559915062,0.05012050064698427,0.06768706575919127,0.07928617112491532,0.08614939453940655,0.09485509053445887,0.1072085113516434,
0.012601393299623181,0.024598220410518748,0.03565545147254732,0.04313990353558756,0.050944899567796915,0.05587462934004238,0.05934844921963741,0.06379729037911323,0.06883147880448566,
0.00894751958466354,0.0231088464876219,0.0372186914591575,0.04818070485768247,0.06023957274100767,0.06722579936973234,0.07107725517098337,0.0764626753130222,0.08411125959055836,
0.007953612045833874,0.021508706198168342,0.03599640333792274,0.04814577080944801,0.0623232716077271,0.0722838952399524,0.07726061009789867,0.08594671307820045,0.09798564162671719,
0.008169696340203592,0.023838504450439214,0.040384085034474174,0.05469993722512837,0.07190089034139467,0.08329099650132232,0.08984840936100598,0.0979181002954424,0.10712611777050797,
0.009766833755281873,0.02321355726723786,0.03593958167176912,0.045498089687122184,0.055606795645807984,0.0626454836620618,0.06634067009325749,0.07307819506612023,0.08156763395312482,
0.010227530791351068,0.027561032351756092,0.04566587325627642,0.06047675413770662,0.07746902943207888,0.08868639763256277,0.09481464653197945,0.1032204831070157,0.11530188613063756,
0.011534386448878244,0.03150003750246747,0.051858777392668504,0.06990093737929838,0.09280380804046258,0.10859091333742533,0.11877447200141261,0.13191051875548712,0.1496821150051311,
0.013020918774010837,0.03334904691275759,0.053140257993570306,0.06827620263552335,0.08579715424212447,0.09704456522685696,0.10424496769852387,0.11386270412752807,0.12739753230518527,
0.007511468975201326,0.021658106640072613,0.03606337019209805,0.04963775050835596,0.06639546679852883,0.07880806172887886,0.08611900042210156,0.0962400663359376,0.10850284764730013,
0.010133778332982882,0.026750049293111654,0.04319927588317013,0.05720402722909416,0.07313008299965382,0.08332468428810137,0.08918944076737033,0.09695367116173166,0.1072179935778227,
0.01143562229067345,0.029428830598463126,0.04698139799975802,0.06107072494547218,0.07703306733139179,0.08716200931706186,0.09313231730845216,0.10112635755456405,0.11242762291629667,
0.009511585577591075,0.017030089291148357,0.022902388273079288,0.02637760166948798,0.030249399357392622,0.03341670449896864,0.034793717193615424,0.03732461008401859,0.04079974812005299,
0.010393381884121365,0.026438478592570314,0.04214800269986101,0.05384693615578518,0.0669517442791903,0.07575320544722564,0.08145286399367502,0.08922649940792249,0.10153987281083236,
0.013960648470124836,0.03677088957192786,0.058337973667946595,0.07677352731021747,0.09929668439884089,0.11482813126978926,0.12399747160634171,0.13662065817509986,0.1521566682299678,
0.011186451703073535,0.028370513671660626,0.0453525036988537,0.05820048924684328,0.07378926097093555,0.08413159396417118,0.09107301181552438,0.10094359810755542,0.11635627176945466,
0.008273371496283113,0.016219153410009537,0.023739372398992122,0.02941305409549357,0.037250359467919596,0.04358080635498491,0.04821790346885118,0.0559560860819328,0.06837871472852847,
0.011168011518956238,0.031951427464491575,0.054111170968326565,0.07382884032687673,0.09828961518328441,0.11545022400752906,0.12580583430674344,0.14002148557011276,0.15936431795115966,
0.01110507479049265,0.027113946209189724,0.04249475384342799,0.053764126702301775,0.06633171042915911,0.07535185437631864,0.07950416615526869,0.08670789365842103,0.09732375428607302,
0.008380494206254023,0.022075539966995107,0.036435924638540604,0.04818352761088817,0.06203748070146756,0.07211694729035388,0.07817450213538091,0.08616161115503482,0.09866983590513782,
0.01140681609328957,0.03021056689961172,0.049859247087149276,0.06600043096162077,0.08572589478245296,0.09906814376831397,0.10685238103416232,0.11772991011568035,0.1321717630955944,
0.010339415015328412,0.027725757797822045,0.045132091619376424,0.060046686424705335,0.07764304007950251,0.08935545397653555,0.09636154720195843,0.10482894015525578,0.1168225910340513,
0.011635217615821026,0.03029349913744485,0.048728547189133116,0.06318609088297877,0.0794899604402527,0.0901357158402262,0.09557531934848747,0.10331143183379891,0.11221288921745892,
0.010572686051533614,0.027455649319832603,0.044812083677574374,0.0597978534011402,0.07757874943313468,0.08923188265086789,0.09551641032228418,0.10320953679258728,0.11272468884685923,
0.010118300015468316,0.024659404055371217,0.0391099105974229,0.05080788557144021,0.06555321010163204,0.07556468887954144,0.08262383904671278,0.09139686318356499,0.1037102465098343,
0.01017113081660376,0.027314020499310306,0.04508179192305109,0.05888085410003364,0.07398858401288466,0.08289349443583306,0.0877019022245914,0.09433008024076302,0.1043715796333231,
0.012635820600208321,0.034174341545312376,0.056295047008354936,0.07310788305937345,0.0910268493470407,0.1013204036328756,0.10696693581290947,0.11456754765836523,0.12608790225972563,
0.010323551872487789,0.02735532463030431,0.043945593637970966,0.05831205475400292,0.0756709027954533,0.08726091758528266,0.09417464063936501,0.10275055143635858,0.11377947290442567,
0.010140575388569094,0.026297125612228946,0.04330721428386203,0.057175537207096276,0.07470263990109462,0.08722477622924886,0.09543525384835404,0.1071112845158904,0.12383595949408475,
0.009690320842827612,0.02570844085215488,0.04216045204202668,0.055677792537883644,0.07149866807840724,0.08210573899346238,0.08818067591059077,0.0955977196594194,0.10640565989545428,
0.010680894821177121,0.02620574379861327,0.04183931484387039,0.053367193873196814,0.06724244322764367,0.07698878876782976,0.08342646633350237,0.09399372816483588,0.10947244342727587,
0.01091519493823803,0.028910985149272077,0.04686523175782221,0.06138951844189919,0.0784401105837769,0.08937461432634572,0.09665416307341591,0.10677100190537177,0.12137150474827266,
0.006585919456556148,0.019999524621392956,0.03389186663427514,0.046539475273045736,0.0626810448179511,0.07452912668272138,0.08160356297381495,0.0906239914361603,0.102986165604695,
0.007005175375428348,0.020488257342105142,0.03456938827800624,0.047166626276531926,0.06367258100059377,0.07529295006460923,0.08204185868410707,0.09133822139443745,0.10285277441558197,
0.009964584345952585,0.018849876837988305,0.02632473516680375,0.03107090270168021,0.03683510856634721,0.04169421896101015,0.04395423806896243,0.04915532827925357,0.05534437538261502,
0.009375848461200776,0.020734053892910588,0.030959381999032868,0.03812904376526577,0.04574575294764413,0.05073534841135033,0.0539411465130441,0.05849983022547224,0.06420235640718819,
0.012535244163685908,0.032720773385503554,0.05247999599948434,0.06824683390084031,0.08641301055848544,0.09825908120255747,0.10537963972899184,0.11460762985598785,0.1266109538697007,
0.010775301732419695,0.027808269966411576,0.04475245317444396,0.05896277402417919,0.07489656278337077,0.08515822366967984,0.0904226128314249,0.09692129715382937,0.10453774837699217,
0.01078323990178307,0.031655919142321194,0.054340567586763165,0.07345914973815715,0.09612131434546957,0.11085421669948688,0.11952930277236724,0.13101612720455005,0.14647115791898363,
0.011103353660685775,0.02585509191758906,0.0408132105380245,0.052663918284770406,0.06658245171324012,0.07733318614868487,0.08362906826318321,0.09319290608772227,0.10558721447130887,
0.010882771302141974,0.02829825165995023,0.04630414692936314,0.06183164384256833,0.08064522112786099,0.0929575716607584,0.09986629591220729,0.1082301093288958,0.11855223627070906,
0.012558976714029774,0.02951560406969354,0.046023314907040806,0.05811966248906989,0.07203143160664421,0.0817423507962066,0.08816760589205887,0.09600878878026248,0.1079422333716771,
0.007649246797810053,0.0198535367114849,0.03227381109190897,0.04227295686312726,0.05312810092816472,0.06030744778480413,0.06426433112757661,0.07010407806049249,0.07788190900517308,
0.010571756309341327,0.029101312731288683,0.04873876275006172,0.06471322056614907,0.0826591409041858,0.09405943967533369,0.10049954958723854,0.10986812460734532,0.12395099564050253,
0.00957122837488272,0.025949547362873002,0.04311894582284646,0.05721477107139224,0.073306999529832,0.08390938471968426,0.08941227646571191,0.09722826796230223,0.10883386219315952,
0.009558298929248367,0.028120769073715367,0.04835747934902666,0.06593050037763644,0.08697443067736038,0.10066318570017403,0.10869662324760064,0.11826507146055246,0.13068456595856404,
0.0074755839550227346,0.02128968109592924,0.035979191517830904,0.04893033920129387,0.06491119003301196,0.07538316159758764,0.08214200036319498,0.0901455847511998,0.10067983475339337,
0.008969969045669107,0.024850412574821856,0.04107947236557489,0.05505422252812993,0.07195459041539064,0.08276373271321803,0.08850081717571917,0.09650261182468495,0.10542707670764659,
0.012231404165957778,0.03251865034020503,0.05334551664468275,0.07038622848887133,0.0905321511488491,0.1039827335520846,0.1119324887576206,0.12298618846028823,0.13826023155745656,
0.014315826998324468,0.03497173726989524,0.0554826257922391,0.07255060536031079,0.09226824856270678,0.1051056509145052,0.11211184814417044,0.12091665924449746,0.1310269718173763,
0.010985770676251951,0.02724905073082576,0.04268780154325151,0.05479916877984965,0.06855645204068721,0.07745604932787886,0.08278043139784329,0.09033482263415504,0.10096094793214794,
0.013318413362766778,0.03529302299254228,0.05738631194273001,0.07510217229888214,0.09534608598798364,0.10846305285621556,0.1162839601927945,0.12746647764810226,0.14262462610936763,
0.01097165790263174,0.030437637953890713,0.05059792858983006,0.0678973225084501,0.08847708435533225,0.10187609653629187,0.10987417475040193,0.12018840299005863,0.13367144372922288,
0.010831104513558122,0.021438478325442222,0.030862423802353826,0.03699336895706472,0.04339201381022109,0.04838737160397137,0.05072565801028373,0.05340411012389382,0.05981489868765392,
0.014045922470483292,0.03577307846980738,0.057051499455804226,0.07463025208415389,0.09495065739813315,0.10859166399928818,0.11589121899615376,0.1261724845387493,0.13973099680099185,
0.00963837155779834,0.02694433610310468,0.045100438505265426,0.06079915766311749,0.07955599745290655,0.09191022672357861,0.09911751345317185,0.10786442406019951,0.1192714554385826,
0.009377738790923086,0.02651237581108391,0.044705048934244755,0.059575207235848526,0.07614693036802586,0.08626901481828848,0.09175631996060575,0.09917999488175272,0.1102399559727528,
0.009601047277930888,0.025800097265951037,0.042869280841494474,0.05636598265417254,0.07175141197309474,0.08181401481941247,0.08731756941639192,0.09572028131049254,0.10818179543885588,
0.009685051557878353,0.026405423060858225,0.043440262370459906,0.05788942001157812,0.07645703449854575,0.08892586852027559,0.0963286911611988,0.10612432665622631,0.1190301503807989,
0.010540456105394606,0.02188182230056647,0.0318031598562574,0.037863287003189805,0.043787117825248224,0.04711000699846577,0.0488561376264194,0.051586289394632515,0.05221725501397319,
0.012017505553865602,0.027462855818065828,0.04236700334303757,0.05302451327013747,0.06590028437638475,0.07536587520475678,0.08061951505888325,0.08855979416094006,0.09785613540533006,
0.010960003612616136,0.03044664093734621,0.05085618728004169,0.06825474967652122,0.08931455069524777,0.10415084922242913,0.1125711991697181,0.12467033996162068,0.14069880420446787,
0.012225288811230826,0.032623648209922466,0.054127435171818485,0.07160004067249433,0.09210905287713436,0.10517238641900173,0.1123255046083604,0.12233538886296486,0.1359750060282324,
0.009110348356775816,0.026145850751029518,0.044886809495771736,0.06122615442499988,0.08041426798958584,0.09308700946651767,0.09967351752284266,0.1078053922184594,0.11716128635801465,
0.009771468729952385,0.017155361973605465,0.022642628833281792,0.026047368496655496,0.03012588562681829,0.03281104634072297,0.03458981973085321,0.037155291514637374,0.039761466888419035,
0.011715076469038204,0.03107399673338641,0.050271443731467275,0.06595270412661047,0.08463396632939534,0.09676498985990242,0.10437962534035697,0.11451190592026375,0.12892907524511885,
0.010724579934536523,0.028879317057640467,0.04794564561882558,0.0639088055218883,0.08311994227406543,0.09610452577878312,0.10334095893814058,0.11347984141799211,0.1267228794163334,
0.009969695260477043,0.02454177400066693,0.039100519493009835,0.05037194400487851,0.06360441897760492,0.07324064044997733,0.07913430332761177,0.08801080770533065,0.10076816338633057,
0.010465305336428048,0.028814273590045108,0.047538569968067004,0.06404547230102141,0.08477598039524292,0.09894545837269347,0.10715860884510743,0.11818858178601399,0.13318145102658263,
0.010060552621698365,0.0269947313847598,0.04506273190226117,0.05925585480590442,0.07623669421590266,0.08774390439697266,0.09547323027425167,0.10636795395927505,0.12324887060713399,
0.010901375212447878,0.02399440565001063,0.03598083052106313,0.04425417675710616,0.05309920219642259,0.05910575022751811,0.06404299301244266,0.06896383734605797,0.07808698108519607,
0.009021219787966382,0.015047397857550047,0.019268678451221707,0.02154071873119565,0.02419118924039241,0.02656203501347917,0.026911722755969866,0.02946382355441209,0.03176128429731072,
0.011431721826275897,0.024031481962330316,0.035170746450698516,0.04247430947680896,0.050463649123076965,0.05603491783336688,0.05925057534397901,0.06411965683897194,0.07091213576772186,
0.010557505297452006,0.02121577435090752,0.030690018106183048,0.037214222287386405,0.04481598394467035,0.050377525589753405,0.053214110261466115,0.057416951007449306,0.06449013927045033,
0.010645764992110543,0.026936055046219144,0.04314000428186595,0.05662788511425404,0.07200259798815838,0.08210694049151708,0.08735428166517273,0.09459687801163981,0.10471181700372742,
0.014800454442921216,0.03406200270681683,0.05238703969634938,0.06750210771701153,0.08474063438805271,0.0961416823001415,0.10222031559409799,0.1107720159131524,0.12088758376486197,
0.009830357126459091,0.017416932485660144,0.023352506396643404,0.02743197584869154,0.031249085771806198,0.03409762250092021,0.03694779806296933,0.03998981358185212,0.044830529213040655,
0.010334013221152502,0.026010889514110107,0.04120571471795662,0.05373136564138474,0.0685310633698356,0.07811794799584962,0.08430867819290819,0.09210404282799764,0.10294625292367492,
0.006916633601722791,0.013656137055760633,0.019916302839185912,0.02602104576001746,0.034554363075002925,0.041060295478612986,0.045869206349512144,0.05264731195353943,0.060765096486678605,
0.011086923368928388,0.029783572061782716,0.04927700399563692,0.06530178577879664,0.08438914795962697,0.0966669324743738,0.1039605602977871,0.11470109062431065,0.12849957198201883,
0.010769423639070744,0.028900475931817434,0.04793423966554396,0.06359032460511581,0.08120283761740572,0.091892727382103,0.09766070999469999,0.10492262980953984,0.11426719893978186,
0.008509710616423144,0.025356658737088283,0.04278170771399497,0.0589696147953802,0.0789272100838442,0.09301077721575118,0.10112285676207805,0.1124387517291569,0.1267507639452354,
0.007711324888038065,0.020992766789527554,0.03501063066010797,0.04750592888716319,0.06311203204129656,0.07374562631605565,0.07992813014618118,0.0880276090310859,0.09830702679912276,
0.010146591525675314,0.025107321481743595,0.03978855447650172,0.05078145234491597,0.06345645326022098,0.07220792867629236,0.07738704468667545,0.08373275724593433,0.09411857968446209,
0.008634032806676024,0.02329357077029745,0.03852647239713926,0.05038939533955742,0.0634366115554794,0.0712836863575546,0.07580494580633566,0.08228314241137238,0.09124473921048101,
0.009226704675829367,0.024317998634145004,0.04032707165740862,0.053162454409028274,0.06866473441908254,0.0788375029184877,0.08536237933158476,0.0950161648482665,0.10952901612898355,
0.011841608345129854,0.027903612606627014,0.043481120137093085,0.05477875771218525,0.06772895292886487,0.07673269305626994,0.08176775246489981,0.08886153642599126,0.10038100393013984,
0.011641091700590548,0.031571803424076804,0.05252234095730475,0.06953469481254132,0.08990100753056397,0.10332959792621592,0.11150248167650172,0.12236667908133936,0.13796570622669432,
0.010304732129986558,0.026703736675915052,0.04326580106419344,0.056667072913420824,0.07228364756632252,0.08241072803058137,0.08819427990229535,0.09617731317526819,0.10684556548434317,
0.011322091955792736,0.02960449248497654,0.04831561004337707,0.06380286332123053,0.08260587517072479,0.09512913075361239,0.10295723267565421,0.11281464418611999,0.12671288571858266,
0.013405164265023913,0.03498136145616464,0.056740882998874045,0.07463868759496214,0.09571064386540942,0.10981497166608657,0.11761499894658534,0.12785564348850106,0.13956726424124613,
0.011614436419310247,0.029713494594144133,0.04752986141428595,0.06206214510445741,0.07882085233646349,0.09054433560062122,0.09686902671089584,0.10643475360143766,0.11995620358048156,
0.010393147484383261,0.02792800838674682,0.04604004419050688,0.06092578084715861,0.07810963751071051,0.08911175116828933,0.09577854759819716,0.10455793440187726,0.118248433802781,
0.010528426363977937,0.02791671665880193,0.04578828000722085,0.05967286299323517,0.07583835539745473,0.08656002296277529,0.09338147998300181,0.10355780574232645,0.11915198829759889,
0.010263170824976756,0.028466020036460954,0.04787687527317653,0.06444550019766436,0.08449661374848469,0.09824075848035498,0.10534465311108583,0.11628551736860142,0.13102324253817674,
0.007648851621307075,0.02012337222543347,0.03276798438333039,0.04300741208398777,0.05576009114935943,0.0638564890984821,0.06818716388506602,0.07521270679059233,0.08451660343391905,
0.013341447612713175,0.03412328250099873,0.05443096125388488,0.07150192520482791,0.09237112783405414,0.10651072532901684,0.11578752201847949,0.12751124756097804,0.1424207539300709,
0.010614651207895913,0.028848810936454215,0.04669392852108004,0.06233027471529751,0.08139570149633527,0.09457188963466087,0.10199379331060171,0.11270459475786897,0.1265957785962232,
0.008532517764598459,0.025867752773102125,0.04521033297681141,0.06284830065601767,0.0861386926404799,0.10281746780892446,0.11216051241404072,0.12449049053022511,0.13998135261160013,
0.010603302265581344,0.021489132550022716,0.031062520445562795,0.03772673698728289,0.04502739091346248,0.05021571422598808,0.05308401805499458,0.058042585592822465,0.06485677459455108,
0.0097251002976806,0.026392077801895755,0.04350088923204726,0.058497990633043166,0.07671714220429326,0.08884213882128093,0.09595746952646068,0.10500723640974026,0.11615636826543964,
0.011322262860796527,0.027592717316347624,0.043538631500407335,0.05719279054740397,0.07391652705198484,0.08524905986633313,0.09159041989990502,0.10052107062425478,0.11184484255293047,
0.008737661191234652,0.021723901535094847,0.03432743994999024,0.043559820390603785,0.05416771250519871,0.06105861405355073,0.06519967307702272,0.07110816421266551,0.07967263113914848,
0.010594514533022638,0.029422527650219802,0.04950583606914644,0.06619231461675541,0.08528470597806513,0.09731745502051198,0.1036500459607697,0.1115288315396027,0.12204948179738209,
0.008587028827836301,0.016620409575524367,0.02356571879775611,0.028589820561496265,0.03529377732773936,0.040925827484428114,0.04491189325189204,0.05243051266558916,0.06306690831745297,
0.012704232122123162,0.03379828586062693,0.05551759877575195,0.07360939143161363,0.09422932809023153,0.10763560756875981,0.1142632330170769,0.12339826760577657,0.13449671627019913,
0.010102313082510136,0.022813594440944305,0.03472317386640889,0.0434479688241029,0.05301927707833248,0.05945193566152918,0.0630572472354517,0.06847072180299928,0.0764912080083744,
0.012685926881643895,0.035089801583423806,0.058139534230309896,0.07742163992294986,0.09977457790184492,0.11495623391808606,0.12349740898141917,0.13627872267511904,0.15407014672370417,
0.009827700912811387,0.025978186478935125,0.042097259179780896,0.05628554925634563,0.07382003264458527,0.08532832524682539,0.09208810069344114,0.10123233972943195,0.11250046367985077,
0.010061226477676261,0.027714034646099214,0.04704941276813008,0.06328997426680036,0.08225069945202047,0.09418897431934792,0.10059662120260063,0.10871132765523128,0.11958308001389996,
0.012261802888115627,0.03229327959545156,0.052409107225293815,0.06849664455183731,0.0878669303626292,0.1007145893027954,0.10839769015590309,0.11909912335214663,0.134047105440228,
0.010821938803461805,0.02845971739610764,0.04618277835720614,0.06048154305045948,0.07643065393230222,0.08641644591610967,0.09140898274506912,0.09864177704398573,0.10842593749951256,
0.010499125604689376,0.02770403846358879,0.04487138870379677,0.05883091372288444,0.07498511313034441,0.08489073826059017,0.09125696387945342,0.09880613723032275,0.10852900686876435,
0.010681759943067335,0.02027397107112762,0.02835963487322511,0.03378625009240999,0.03951610432560472,0.043087217631389105,0.0461918387545321,0.050245823998345596,0.05542871049604333,
0.008821278596379536,0.014828076607527932,0.019521134013789167,0.022626666216525624,0.026763642392823514,0.030527628663782773,0.032980190131180996,0.036068028067973046,0.040783275744603345,
0.008399766346933134,0.025582039174426342,0.04398189902932891,0.061044222223234364,0.0832276472689376,0.09924487814923207,0.10864801639355419,0.12216980693287498,0.13993278902442094,
0.009062644795214223,0.022247217155523812,0.03477276779939967,0.044437086986669455,0.054855725022726766,0.06169938267800389,0.06582723912562823,0.07177071019805237,0.07983794751010014,
0.008769854625037371,0.023658355029541573,0.03941959672165933,0.05308637207377065,0.06928853628688016,0.0799864332823472,0.08615253589797335,0.09407190175577548,0.1039822396794275,
0.011494327744895373,0.030694460921307176,0.05008438667974783,0.06679640789739907,0.08740953632293018,0.10193018027381136,0.11009579276933586,0.12126611181513142,0.13500105130388826,
0.008557682346320311,0.023009811235326666,0.03845103872435441,0.051648063511597855,0.06724126628832168,0.07713651510973384,0.08332748549757894,0.09122704215106597,0.10179187055125152,
0.009873839156798238,0.02748702597346079,0.04734321339148975,0.0654871508718119,0.08976902133695346,0.1072936102071499,0.11859584118663324,0.1315992540644866,0.14762623474391035,
0.01078220872839013,0.027976283865989156,0.04592700668540037,0.06049219629637659,0.07778746869665733,0.0896191160631759,0.0967837963737569,0.1074994892138755,0.12336048860636922,
0.009084000522768592,0.02678502434219434,0.04608880048196547,0.06333531108504074,0.08496855011902266,0.09905850075256946,0.1072616989989944,0.11696052297679427,0.1295847249160075,
0.01025251515351182,0.02439498285613284,0.038036933931701655,0.04795594161029189,0.05926075340996751,0.0668339695158763,0.07169828374549914,0.07823417381827542,0.0879711222449536,
0.009990812253204376,0.025092210917613027,0.040294543735215155,0.05190437326936193,0.06572352612535136,0.07490690807014919,0.08046345327019691,0.08852510084572845,0.09995135250357726,
0.01027704010966674,0.026756747457045954,0.043586164161691754,0.05792609942910983,0.07564772068978871,0.08753917422751516,0.09505284832138254,0.10439392882443471,0.11592280174503718,
0.008967669998964907,0.021006508122259994,0.032677463217712914,0.04109833892647539,0.05086428829079991,0.05717556874510888,0.0615756485903756,0.06707308798327066,0.07604436307970142,
0.010155555639289998,0.02446440505464798,0.03962978994494472,0.05189415764898671,0.06712114789423877,0.07774863097058747,0.08403001725533218,0.0935792648939436,0.10798901144581204,
0.00899380028413082,0.023975506227182992,0.039026536898359276,0.05226873246313006,0.0689550475522721,0.07993805153519913,0.08678023202755844,0.09502523602789954,0.10603202431977976,
0.009233637329218163,0.02374153403085917,0.038252386751736325,0.04979580426756234,0.062493407681116,0.07067252202364747,0.07592362345204016,0.08171149997201385,0.08889310185201142,
0.009558373941366717,0.024822588752398834,0.03984016187993962,0.05294651880092489,0.06819062677242765,0.07824717923450253,0.08415624683176183,0.09223888263822065,0.10281939679851021,
0.009788751525543874,0.025887015327125024,0.04226218556377071,0.0558047971289894,0.07148202090723287,0.0815037752396077,0.08709443163496634,0.09392814308780081,0.10314558219096652,
0.011589125753080865,0.029737544764524115,0.04776005273545477,0.061793988446582904,0.07755472622024982,0.08750186291185709,0.09295998189892185,0.10135798543797268,0.11168843196077231,
0.014435909230109189,0.03412934931842206,0.053018902644011046,0.06862520940285015,0.08624143927828283,0.09758217828846799,0.10400729470924146,0.11199639463381193,0.12215535517760394,
0.009229621515714366,0.025162192569259653,0.04173460994020929,0.05469696410654023,0.06947385899311175,0.07886025164976117,0.08428093340938274,0.0922806629928192,0.10468215088115355,
0.007163775194440206,0.02088579644057297,0.03530990949398325,0.048596221513003315,0.06547386095428273,0.07742603461058904,0.08468031400597593,0.09452456629521912,0.10656538319340603,
0.010037456126136251,0.025331766184272925,0.0407736398798739,0.05249661508110929,0.06590667108754107,0.07528670281434514,0.08179390069741839,0.0908698999631893,0.10636636804779542,
0.010584193913703062,0.02785098564314479,0.04548963525659816,0.05809586533659518,0.07173991442517431,0.07974102607740019,0.08397903150089901,0.08940138786037011,0.09643217609665236,
0.006104032121186247,0.017932926764101995,0.029485451274787463,0.04018469133588207,0.05371778795152464,0.06340964002863647,0.06871848169433956,0.07609189301079224,0.08511786877488187,
0.011126631124858602,0.029545313021639652,0.04850084642061137,0.06265182631935551,0.07858536473606571,0.08860211134703758,0.0946208994623715,0.10359716160920812,0.11727589927664159,
0.009945978616021478,0.025649586777074868,0.041186209126663244,0.05424329332697491,0.07064512261400197,0.08211493285237159,0.08819121782672763,0.09730622957852826,0.1100129668994327,
0.010567351683102877,0.030218959703378626,0.05143516946460138,0.06906983162022225,0.09040105077671294,0.10482567517334963,0.11384899946981164,0.1263956227155773,0.14518253689367533,
0.011354897341281542,0.030092070758723707,0.04979592411629792,0.06662846261658309,0.08644793178011809,0.09936308966510296,0.10635941611130335,0.11537421371398317,0.12548593638456013,
0.010004065038002278,0.024995913375645322,0.039843796275870404,0.05143119554688815,0.06485648070500945,0.07410571683262636,0.07947620647357569,0.08736517008543537,0.0989667439698583,
0.009181705794958974,0.025307522931035973,0.04215296172374591,0.05645961595467296,0.07303252034778027,0.08391847173776805,0.08980413120621113,0.09783519587312871,0.10922294790753499,
0.010935243333736671,0.028222570579412347,0.04530541569509046,0.059477462505772266,0.07615925021412417,0.08680494926696473,0.09305223144966632,0.10103210091540396,0.1105470034421953,
0.010777401716803367,0.029247527958182185,0.04853067675694401,0.06446140027435894,0.08266895868875676,0.09471563720397431,0.101982967509729,0.11168203289227883,0.12653068204126203,
0.010689926681331202,0.02814136611403934,0.045602978819440115,0.06035087000339476,0.07779843065763578,0.08884274330643285,0.0958826226792585,0.10461245435595468,0.11548303573232814,
0.010473461499675044,0.02649342272978396,0.04228535091925859,0.055900810973383876,0.07153754507807795,0.08168633171468541,0.08754261234768401,0.09565621519127065,0.10491452669235937,
0.007772001842864918,0.02050242298885595,0.03401019753261794,0.04536540763647482,0.05899284198542664,0.06808141282309825,0.0732095380793164,0.08054957960987824,0.0914382007844594,
0.006722223260898246,0.019175032178314875,0.03267481633290894,0.0445833907821075,0.06018148414030492,0.07175212860435695,0.07841759028939951,0.08726874124600349,0.09983617299757704,
0.009501664886703665,0.018388054112386983,0.02570569053270626,0.030230262662577178,0.036065211418642606,0.040289269975618984,0.04305333298141906,0.04688704228012582,0.05272165252288361,
0.010550659125888815,0.02427558307294255,0.037511532913120135,0.04757529240988029,0.059948231348527024,0.06962976746674872,0.07435711215621776,0.08255299576650028,0.09504813320717174,
0.010066208808689804,0.029514925416716704,0.05019883528585929,0.06881201903740701,0.09200010180370877,0.10781487660512674,0.11724906003336118,0.12880841193857867,0.14322379751508071,
0.010532277159132035,0.027206342667894547,0.04311151282355022,0.05629992177346792,0.07142075163197949,0.08050797603969032,0.08634907849277375,0.09316781720313079,0.10080471055528022,
0.008715378925531187,0.023788340401385086,0.03936553922091623,0.053117259145981956,0.06919558753355709,0.08023632335406632,0.08686949207508468,0.09598646615228781,0.10789518974052123,
0.007690712217489183,0.02048053341729974,0.03349211074256273,0.04418988768792767,0.056185338838394785,0.06385553174353464,0.06806552720324176,0.07361460116650609,0.08106740846223555,
0.010883009604654789,0.026404503983546785,0.04137771596060682,0.05290891721243035,0.06618157808718896,0.07498187693489873,0.0798512952206706,0.08669900843531762,0.09690131542081587,
0.011227903225882368,0.027079627557645782,0.0428198821933297,0.054633758334045775,0.06818357071348469,0.07796787833611604,0.08395580010014443,0.09277937450741426,0.10562564032953152,
0.011233086635334483,0.02765363827276782,0.04396755642877,0.05700765596004359,0.07219496143654379,0.08215281324252122,0.08811243095889182,0.09649759349241659,0.10794048277354429,
0.00872983686230138,0.023587353095252315,0.038713123585810645,0.051836921204671385,0.06713410937521454,0.07733268381703516,0.08365128260046677,0.09085883295785156,0.1005011115193308,
0.009129396345476394,0.02006399661797429,0.030303082944447442,0.03732525017693278,0.04666622233908941,0.053993533048899436,0.059461920506503785,0.06785793447050417,0.07989183838231292,
0.010411776376783493,0.02808898760424946,0.04629253728065658,0.06177186788316835,0.08117869038222193,0.09431926900660449,0.1027013595605265,0.11331793336051253,0.12848427350017053,
0.010340543763869045,0.02207892656867829,0.03248558316370368,0.03969204387237382,0.04736218484700676,0.0525653675412608,0.0555370003503099,0.06114000480925466,0.06860475523379608,
0.010541929007358307,0.026127796169556995,0.041946848220862754,0.05384252941762872,0.0673095224489884,0.07650326649861627,0.08265091483231915,0.09048669170810084,0.10360814991790558,
0.007541324812793516,0.022265002527436885,0.03794198659872379,0.05263055304017833,0.07184274527425495,0.08616771795786907,0.09417176174610939,0.10628971817941484,0.12013837298214007,
0.0066870178313425165,0.019436963959080258,0.033581766156780754,0.04602716740081528,0.06158784666913065,0.07171694113828421,0.07771518688976198,0.08544893761767593,0.09626391341986701,
0.010080050819332175,0.02217551259964254,0.03501956259341205,0.04487613071477093,0.056799171734999335,0.0647298947178041,0.0709230924143873,0.07783156529184367,0.0911172077721464,
0.011353047889571878,0.0292737875669881,0.04688853287217912,0.06099304926963943,0.07736116472334721,0.08824017208806843,0.09397469497716344,0.10243919522354868,0.11359766233242304,
0.01076364239453657,0.02772311087874441,0.04452389008517761,0.057846609835277604,0.07327480337370142,0.08324176966196206,0.08910870326624512,0.0970508529901971,0.1075441985384286,
0.010638521783479515,0.027511532302127644,0.04470509651298178,0.059090719150204286,0.07764596643600932,0.09128133620250235,0.09922813264657285,0.11078575746630413,0.1267594164701257,
0.01049580460067689,0.028129631231093005,0.0463553007365077,0.0616260893861944,0.08122239888364122,0.09527227742021409,0.1041667529983208,0.11631655350612362,0.13416934702636138,
0.013453913848903062,0.03302556972415532,0.05218560258565042,0.06784358404328254,0.08625366791930997,0.09788032535837161,0.10483821323247355,0.11303900281131149,0.12348222188353473,
0.010978296931986714,0.02930342176307212,0.048252935405326124,0.06301797895695094,0.08023119632874696,0.09128006237834745,0.09740816376714313,0.10649121807182035,0.11907195766515484,
0.009844458702873829,0.019701434855106087,0.027855698181433932,0.03347014575802288,0.040187920177772854,0.045306329300249165,0.04856022895941634,0.05381488982496549,0.06105163112239435,
0.007947916609736193,0.021675004028007473,0.035531962263987416,0.047469210898373165,0.062498429615390205,0.07283047799627386,0.07957499002817726,0.08779633374940785,0.09836865173786676,
0.01013789181655935,0.027576227040175795,0.04599011384862267,0.06072295087449884,0.07858401970480769,0.09037190692655979,0.09686426490899072,0.10608529072133158,0.11766081119190491,
0.011125324369504874,0.029881746069194467,0.04922203181572534,0.06411547606187883,0.08038887974622722,0.08998879085187955,0.09574697248864447,0.1035622340658869,0.11488731177503544,
0.009844495087373952,0.027422615519918498,0.04548605857057469,0.061428156651840954,0.08187211908190237,0.0959823102573943,0.10440787353102951,0.11555744137679465,0.1302029629039572,
0.01312643976328481,0.03429693287015383,0.05532038004553982,0.07257511299628829,0.09215880036053051,0.10457983416337387,0.11191961173075528,0.12064713094520108,0.1322243812556572,
0.010038458232706663,0.027606422420677273,0.045879366956492966,0.061851551371553494,0.08211569804161946,0.09590687846240761,0.10421076184529102,0.11580962776835337,0.13141308378442776,
0.01036245319174905,0.026606646344426374,0.04258818207561434,0.05576576133100453,0.07107431119513177,0.08059261767292593,0.0855680159047733,0.09236427618758328,0.1002826039429191,
0.009071333397922874,0.023909887983882615,0.039353263769686495,0.05156865996474186,0.0662451883023555,0.07634731547091367,0.08307370748434323,0.0931683410679544,0.10933100591970298,
0.012995499248595279,0.032981096839624476,0.052875998789674035,0.06959708992581119,0.08932125317205447,0.10212622569951789,0.1090679128957677,0.11853737304865081,0.12970594465939805,
0.009694290149981188,0.02490981791175024,0.040870062062217306,0.05394137602592103,0.07013664173780791,0.0806411784884649,0.08727700033891463,0.09583138506975895,0.10624143565848591,
0.009847093382440162,0.02212433250182329,0.033184973364971435,0.0409336981537438,0.049586494849399136,0.05515911370145866,0.059347399027498006,0.06530203139094061,0.07466397408688506,
0.010848741513330193,0.026733845025910127,0.04307242116520252,0.05622618982560762,0.07301639563193522,0.0859209386408678,0.0935624772572652,0.10432156430733609,0.11998899108067433,
0.008074299238109333,0.022615416575073446,0.03874726108386279,0.05220545667054276,0.06795945195275098,0.07802098938045707,0.08357449119609948,0.09099729537962949,0.1019964669275928,
0.010198575561709562,0.026615037272495833,0.04249935608772696,0.055793861211578505,0.07106797388412504,0.08134848136727547,0.08673488649843843,0.09449256647781935,0.10435812107469611,
0.01109475942112908,0.02559822894226414,0.039974037781914516,0.05044642267709957,0.06283548617139625,0.0724721087975214,0.07835274894329769,0.08759025459023559,0.10023482141161474,
0.010079816615600196,0.02787351161808527,0.046848298536117425,0.06244434245754904,0.08052498456245558,0.09185143960479862,0.09797860050098466,0.10640070852201715,0.11814051362983856,
0.010767671155564418,0.026886705521214662,0.04270850872993277,0.05528565105578136,0.0689615984756044,0.07888732366928161,0.08445085563520195,0.09224319760935124,0.10348034909197422,
0.009133723178341314,0.020732891440115645,0.03144033235114495,0.03949681399439769,0.04851617768639949,0.05421482636962632,0.05745146500119343,0.06254986343072474,0.07088050263817487,
0.010035591149808896,0.027506430316122352,0.045829907413629335,0.06098546228374435,0.07826790457517385,0.08925409213695594,0.095225399614917,0.1034150276967328,0.11470603024979227,
0.01030627922476663,0.021764088213895468,0.03200586214703625,0.03932413236817233,0.047595200343012095,0.05371431533144692,0.0576029436409692,0.06345638516987986,0.07220271090937298,
0.011932873272115795,0.032528128323901895,0.05354970139741879,0.07004211271956974,0.08893193552243754,0.10073056429479137,0.10741967935397283,0.11654011351310344,0.13006639231723688,
0.012461043793420092,0.03246918169912228,0.05282263664353519,0.07015575412344258,0.0913444226119987,0.10570008775538646,0.11357538024588364,0.12519550676653432,0.14027669278694882,
0.010289313737555936,0.024634758759095727,0.0393601669411654,0.05085633014097532,0.06485152645661774,0.07478014037926424,0.08097289443564425,0.08865733189937125,0.10025098705785745,
0.007895782503869173,0.02116115494709037,0.034261649300727476,0.04605713795964203,0.06055407924086729,0.07053478460275298,0.07607514920941442,0.08432748162319481,0.0944335284668275,
0.012034823455776323,0.029945117766753286,0.04744942908581433,0.06281740232777241,0.08078257498913421,0.0932255408618836,0.09997943779522701,0.10892421295322768,0.12003424631797113,
0.009593631724268373,0.02018443509542721,0.030475273108728555,0.03727885010021196,0.04482138305674495,0.049205683113067174,0.05200201123343416,0.05546335643009863,0.06250638489375991,
0.012031186771652711,0.032312630049820504,0.05316840116013263,0.0703115315571768,0.09025738481304504,0.10382959441658075,0.11199539246584556,0.12287224239303639,0.1393280693031852,
0.010117846886441738,0.027281413240271685,0.04503077007964167,0.06104868465758229,0.08093382443632223,0.09572417056422429,0.10389489126572964,0.11518435586114345,0.12956268789578118,
0.010991011297400148,0.028328394815368106,0.04625710734951895,0.060157469046551636,0.07729436637577435,0.0894760941877589,0.0971107929246646,0.10811889087253583,0.12435892843833955,
0.009237718487943924,0.023386297851398705,0.037158735002614074,0.047656668613178785,0.05938996347787832,0.06714857092335383,0.07111721062139507,0.07731754831730352,0.08615476769520963,
0.013657816136415434,0.037075507878616236,0.0609996871883278,0.08056539449221352,0.10264338051981417,0.11633997543001826,0.12334894577022476,0.1325812387622707,0.1440690611104439,
0.009459360548101923,0.020992784627398266,0.031228727275259157,0.03764179372407672,0.044183627533008196,0.048673796901892843,0.05137630914949006,0.055751711501997495,0.0625145405433253,
0.01217622151620472,0.030990924246642227,0.04976822202670484,0.06465709344394807,0.08185113562921653,0.09358083181365259,0.09957141115117696,0.10964216146109276,0.12152890431354373,
0.010078869165056605,0.02856821389453216,0.048392464139095634,0.06520445068102644,0.08442672393534939,0.09664307533351274,0.103472581903727,0.11273477620023534,0.12611449323967958,
0.013520683795817792,0.03413626154940452,0.05454534494567835,0.07156544543915498,0.09119873969267188,0.10371055437236612,0.11077184292804505,0.1196679582573321,0.13060733959882037,
0.007299453314232989,0.02100899379435903,0.03580149987412473,0.04958059860417134,0.06706227644688896,0.0794006727459672,0.08703660667905787,0.0962453892481545,0.1090955814997694,
0.008996288665690909,0.01711233973991223,0.0238786420226055,0.027365271232158213,0.030790446245889686,0.03269020854344706,0.03394697634412466,0.03396896111421401,0.031622770401948684,
0.00878622332983327,0.02421490236371946,0.0410686895968049,0.05495985317169871,0.07058446667877226,0.08068132797548516,0.08592606079220397,0.09291920515418775,0.10443030755886076,
0.01117307338672029,0.029867753940293545,0.04899485956334168,0.06431391546910536,0.08232022250965408,0.09404518333483619,0.10004686687460776,0.10821154997632931,0.11853469233827595,
0.012646691593389962,0.03481057554126353,0.05747298975629828,0.07670599636049846,0.09961988654841972,0.1152472787135679,0.12356439666685669,0.13489106689897745,0.14942457212910273,
0.008817851594512318,0.02439799597017531,0.04132167414818868,0.05544128390842395,0.07235158761926677,0.08399666848645627,0.0901252067706813,0.09959587777644205,0.1133416696699757,
0.010546160146671126,0.019801800903895554,0.027454310093588702,0.03222499718149507,0.03749210222725451,0.0404521856931588,0.043795836483755395,0.04666477977262918,0.053217318062966944,
0.01243742512569017,0.027113119858684816,0.04184241666504472,0.053741354270586676,0.06711876504995319,0.07770670113601758,0.08204804417778527,0.08908527273911987,0.09852654153402021,
0.012486938675206066,0.02723610476883739,0.04132253852722151,0.05245927268601049,0.06524813924559168,0.07238201686353186,0.0768423257086485,0.0839664284049544,0.09193512423497019,
0.013212873291498405,0.03446021590593247,0.05540586858741055,0.07229203240532364,0.09184827224222632,0.10545528406011903,0.11277788677624659,0.12305028267264244,0.13674600534268572,
0.010876295205226405,0.02108952654849776,0.03073400565935237,0.03733145479399313,0.044983125423024496,0.050090618467814686,0.05437143120945462,0.0614745120190915,0.06920367915627165,
0.010434060458227652,0.028748329376524846,0.047423594741349724,0.06346452301580187,0.08227843839588125,0.09508852301374703,0.10239089141232668,0.11254986897769993,0.12627296225699067,
0.011044830298918187,0.030017419005470287,0.04877289943365489,0.06430180042050118,0.08234560835777333,0.09405067190472018,0.10104183721903467,0.10892978448379026,0.11961028294793204,
0.011831567271289804,0.030513213755980935,0.04959164516569548,0.06473616674018619,0.08219867636061014,0.09363559934075079,0.10031557018978131,0.10915149421081659,0.11954397215514437,
