0.0033577152179425636,0.009772727385693942,0.017422379218164818,0.022482378135076475,0.031722523052697245,0.0366747356898241,0.03911083201617098,0.04413309278521354,0.04892104750193437,
0.005450137371390081,0.014611198882654235,0.022364382838504167,0.030170866688155294,0.03824791615097329,0.04407430535476965,0.04690520467450245,0.05097770783065502,0.05641136912389389,
0.004585104646602076,0.01247506505816003,0.020628125762881415,0.026640087504928568,0.03344950888629531,0.038955426625277415,0.0404001311029643,0.04339127388150387,0.049006853446936866,
0.006076180585394276,0.00966196902409472,0.012682728662659395,0.013667364335474453,0.015237468685383525,0.017813226398476042,0.01888722763483586,0.017862089723152622,0.022614970633847997,
0.004357996538698003,0.011010437699338972,0.018198750331284926,0.02373951273616792,0.030723834947111225,0.03622282263943765,0.039306137457055794,0.04298179345564026,0.04934267794593334,
0.0043730959603595155,0.012826268361688218,0.021564691186863078,0.027765320552330722,0.03455405257690496,0.038903183399836734,0.041812054422428975,0.04581103096924142,0.0507908178112468,
0.005084699182008571,0.014261933904863524,0.024069373872838935,0.031901371568641146,0.04108666272043536,0.04696033822369295,0.04981592623533188,0.05401268232219358,0.05998312237036974,
0.005279801929017204,0.013219197428163514,0.020798153670926384,0.025844028860053127,0.031054509897114384,0.035408836313708544,0.037597465212417296,0.04068545580124567,0.04646072131339056,
0.004878081004664329,0.0126998426680139,0.02195774784328089,0.02843139693380949,0.03600540427087927,0.041611159248671155,0.043934484451748364,0.04827306312907194,0.05327742545320197,
0.005073846914976282,0.011112923297247673,0.0172550716090997,0.021409110121031635,0.02737506383258084,0.0304197235125865,0.032087886990276517,0.03547054536462023,0.040137403374115366,
0.0037803338179821975,0.011087619718047996,0.018174181750717246,0.023905602091524387,0.03033265198099017,0.03412158659568853,0.036434168755971705,0.03869274555226009,0.044028822981163195,
0.003589442185940652,0.011766057168880248,0.020068875537158422,0.02643834067883066,0.03375196466537818,0.03767964930337103,0.04022628796404472,0.043659552641786,0.04765876708502621,
0.0026309101849731923,0.00932410264124678,0.016735473967006486,0.022197189690627995,0.028850128084020606,0.034339638799877406,0.03664618349821968,0.039819462811290444,0.045229410931912406,
0.0025405010758350636,0.009052887075555462,0.015570328545990976,0.020693204492084123,0.03017197764222083,0.033822450041507184,0.03870127521872408,0.0417946845949952,0.04604132190399706,
0.0042002385892570765,0.012092583225671751,0.019161793556094067,0.02508653856973098,0.03235615267956453,0.03633824689592946,0.036915060158684496,0.04064018805174224,0.04283624392509023,
0.00487832983242134,0.011960638419861993,0.020337198436615436,0.026769983328259597,0.03324101113196145,0.03852871246201334,0.04066141543432637,0.0448689065721959,0.049839892018177075,
0.0034191834674600183,0.012225268716699971,0.019456774117579376,0.02594734429623124,0.03413534812315384,0.04047855803138312,0.04372287334294355,0.04889298555387504,0.05162771215183159,
0.0034340762549219723,0.009633656857340286,0.017235580471020695,0.024528715673510126,0.032362200385671225,0.03780597171485072,0.04112878897428131,0.04499967144660764,0.050150840555559247,
0.005875449337302478,0.012773413116845066,0.02016773505646643,0.026342544701695638,0.03467358440217929,0.041535508524771045,0.042768327208286216,0.046634805518929595,0.05122066205300793,
0.006634715391236058,0.015471833455486743,0.02296729855376575,0.0302751283910976,0.039268577988422926,0.0480023692689782,0.05151359759404514,0.0574316334766879,0.06906622063542177,
0.004226381358472861,0.010835445078398023,0.017389852520305348,0.023808969430919175,0.031362362693757126,0.03579377224900077,0.03910739481633031,0.043293125032152636,0.04910385840232886,
0.004928814631248259,0.013402826709739803,0.02200544225049531,0.028189645519913608,0.03576355830179968,0.04132946395066002,0.04405127342426179,0.047475613342904836,0.05111833153098554,
0.005230494971246172,0.00969844853197682,0.012023405767348172,0.013259168135716324,0.015298143827570256,0.01647387648703135,0.01828969643940095,0.018214855667839282,0.025120335520878983,
0.0037507002911989036,0.009796245974251879,0.016310844383037988,0.022252958705904245,0.028949367477343255,0.033061583959034246,0.03532702843505869,0.037159759286862236,0.04089135392066679,
0.005060765963808554,0.01311081536454707,0.021430776772650824,0.02789715556288522,0.03443448875270304,0.03883590178605973,0.04156474847241705,0.04499988883115203,0.04804934556324066,
0.003926935370110583,0.01127750614714214,0.019439687327723047,0.026040713132887378,0.03394377296802371,0.04001448933134168,0.04246721831235583,0.04618088534464876,0.05240188565088339,
0.00638696050775785,0.012812964228284365,0.019790759869556557,0.026624813027687575,0.03353596306521007,0.038247638096145606,0.042886265005212636,0.045018294165341366,0.048321690908016,
0.003628518139472984,0.009577544530340208,0.016354875020329163,0.022187620046975155,0.03000376592145388,0.035053403862309596,0.036297915838527484,0.042162450778820484,0.04883674084487578,
0.005880480517850308,0.015593021397092038,0.02579444257201076,0.034585702359539935,0.04405307592486101,0.05081111961668588,0.05473089989206131,0.059260456082513034,0.06524725019453072,
0.00584090509912938,0.015063344032974381,0.02429109548778782,0.03247246252234625,0.04085961503680274,0.0466599653580459,0.049716883452359174,0.0542159839199387,0.061208923581634135,
0.005006935163975385,0.013269313642321203,0.02153852819351142,0.028557941691794025,0.03626494556481424,0.04060578393807422,0.043214849798659916,0.04627410828757734,0.04995673258793257,
0.004062491205669595,0.011054878836351867,0.018464821663194412,0.024653477398035372,0.03151726471610993,0.03645735244758909,0.03741584573484259,0.0410799654945979,0.04476212495930466,
0.00681827862221544,0.015697259174426093,0.024842051745741056,0.032668017614563956,0.0417614418890771,0.049263862340182506,0.05167251181944411,0.05869068820344437,0.06510145577849183,
0.005604344486615508,0.010020773300839517,0.013781094668974671,0.016436994953096282,0.01975714104710303,0.02121902987342615,0.021750628512058015,0.023613056890800187,0.028903424484024443,
0.003783771349401507,0.010554858108197389,0.018183817977169957,0.024794158567084026,0.03299767868106084,0.03830186053458641,0.04102641605265317,0.04698914462573773,0.05170614649590362,
0.003961661122165175,0.011811651889228949,0.020122104522950594,0.02776657833492961,0.036261930401180184,0.04214584210970246,0.04513897545151899,0.04905930095494591,0.053949340882994086,
0.0058655696848090395,0.014383078755852062,0.023138389418095064,0.029941181616151665,0.03697017066845238,0.0418700293612328,0.04462324996936992,0.04790690622399918,0.054029559683504154,
0.005129635522840814,0.013022843924166938,0.021316361379754033,0.028936439101116856,0.03735500269722086,0.04264178165958137,0.046110480930454625,0.049450196367390425,0.05381952706299446,
0.004572697554036143,0.012536001658505136,0.02101610763910454,0.02803922873459232,0.035913169113968045,0.040617093804620474,0.04316674078137251,0.04611582257422243,0.04981738135480688,
0.003621556072877156,0.010394049914450462,0.017336226019335495,0.023125256228715328,0.030058116731048135,0.03427570863339358,0.036991164173226294,0.03981144730954171,0.043454913121325156,
0.004588878865392991,0.013412991129506413,0.022380757307257183,0.03038562395781064,0.03901540009874188,0.0441394557299046,0.047455692112785254,0.05140961096566477,0.05660459696116589,
0.005168743933759803,0.012727184776396337,0.02004076801399347,0.025175179759113746,0.03091281850938815,0.03505028007650839,0.03764396074770088,0.04241781268175712,0.04679065877766723,
0.005903435067181389,0.013752748411881783,0.021403223066253748,0.027144670922441418,0.03442507401185118,0.039474541766076,0.041875724595892325,0.04495169416973701,0.048920297033462144,
0.004537227965982381,0.012202525078232428,0.019464820218530444,0.02541843167098215,0.03188929810325394,0.03669035152063999,0.038413734137153106,0.04172475658423852,0.047416182676031496,
0.004067867985906701,0.011595378780659646,0.019321896528096245,0.025984162625743306,0.0328637354264938,0.037129860954621605,0.03889815666296155,0.04177137884879183,0.0477078165417826,
0.004773155590326282,0.013466664634721093,0.022573689693373235,0.03013067695725831,0.03918471905602122,0.04473118190744577,0.048450077448192935,0.05174591636033182,0.05874267813136728,
0.005831954332844337,0.014264299975362462,0.02186703541293413,0.028190347021618562,0.03480206088874299,0.03898114645336864,0.04089655122967789,0.043949842694233056,0.04918646139956318,
0.006030839156973199,0.0174487976568812,0.029174584539961582,0.03797197166948902,0.047479052492401294,0.05310213892612708,0.05532831678768569,0.05876328092581811,0.06199654157187503,
0.005922817814956677,0.013108900351693663,0.020347712152543284,0.025626861724292536,0.03164825304703279,0.03683785828347495,0.037879394167233724,0.04276712486086565,0.045161424968843615,
0.005289379393751131,0.01481342328717372,0.024433486475579164,0.03259648619967972,0.041660709584338006,0.04930378342076302,0.05212539588268563,0.05724550941865805,0.0635007263481144,
0.006341857991324602,0.01612122488327794,0.024618194433905897,0.030914495422565743,0.03851121810768964,0.0440344346933424,0.045254857022994074,0.050538665747936265,0.05481017041365071,
0.004165158858995051,0.011223839507602019,0.01876838593480665,0.025317553819122797,0.03192123297603728,0.03627429267060877,0.03811669383551912,0.04256491061703786,0.04562766596607617,
0.005499656969681021,0.014317121755279662,0.02358322667576059,0.03055336612340985,0.03899091595545495,0.04432900081471708,0.048348882545976725,0.05206956874142095,0.05654085502419233,
0.0028751178152390346,0.009732236254792189,0.01631337146759818,0.022499284981573494,0.030768028172587572,0.034949633063476815,0.03779347662810096,0.042558427025083855,0.047776990332944656,
0.00562969846076805,0.01333745085643175,0.021269303914619814,0.02841822161556486,0.03611166700773484,0.04031602100033548,0.04469859480511173,0.04819043827944292,0.05170197844997571,
0.005153303616803823,0.012383270753294219,0.01905062723568351,0.024533368267086523,0.03027717771568939,0.036934828825892656,0.035625458209418204,0.042407226278414284,0.04593725141865427,
0.004486677645367839,0.008788642951664748,0.012369353549220231,0.014310929706941155,0.017338139366255587,0.01997029303484074,0.021488631540307807,0.02392500557065682,0.028495504010891785,
0.005671525295558373,0.010624041421775308,0.014569015553085549,0.01766975351825428,0.02154753431551934,0.022652338038098865,0.02744633673338992,0.029660207910633327,0.03221315808570607,
0.005760224277416659,0.014180490217343942,0.021891102895059616,0.027720981837795276,0.03519563237840949,0.04009107172718335,0.04291227892502819,0.047535084666045654,0.05423168258680427,
0.004630637929262466,0.012554576653418373,0.02171516210773129,0.02983376918924296,0.0394917384004529,0.0479995278990462,0.05093044672299931,0.0585763024042456,0.06637819501664945,
0.004528606264578902,0.01100296397589294,0.018374912434426023,0.02457945103708499,0.03311806788258747,0.03863350705900404,0.04127979793463726,0.04557570157615843,0.050944302531493915,
0.0030151639835821757,0.009031096517667826,0.016332729835101513,0.02343790379553847,0.03269124519404681,0.0379830054933577,0.04218677126945856,0.048520049677122305,0.05698659457598228,
0.00436259891576759,0.01223991187138663,0.0187466416565717,0.024852647476016097,0.03231307440264202,0.03752101345056253,0.03955173428306404,0.04312227274602205,0.04712340460771118,
0.004870856433797811,0.01325317863512647,0.02236656978383898,0.030099254084989573,0.038424187875685474,0.04293309934882083,0.04575817544855879,0.048723372557984465,0.05203735383487106,
0.004512318994663587,0.012964335413963982,0.02156608271455683,0.029182624040251362,0.03810611940202689,0.044066426757906535,0.04691819725527127,0.050482469108022204,0.05522474884577568,
0.004534675424286684,0.01313366265776443,0.021609535999099677,0.02895647137997435,0.03685166628934383,0.04090401509458032,0.044303118511128475,0.047627236189349,0.05259833603284675,
0.0036670737970736314,0.010739030758132767,0.018053618413435307,0.024089780685308357,0.030939458056969807,0.034667248276774705,0.037242074562314306,0.040025756663225366,0.043433568766232555,
0.005208710872675435,0.013224549090606219,0.021125671438547586,0.027303340241750625,0.03535612160528268,0.04022594980255144,0.04203301526413233,0.046636086218791735,0.05200327415542059,
0.0068305450619144895,0.01514871424448697,0.02558594175255227,0.031943905885757344,0.0414082102921725,0.04643146012678452,0.048988793795093646,0.052669221963770455,0.056784504434137066,
0.006252201345133968,0.016233978269029913,0.025945161823057422,0.03345834674804155,0.043094000757203134,0.05001155022003384,0.05404732611681534,0.057521091453015726,0.06379667627417702,
0.006334955217182832,0.020471186596184965,0.034658201278642636,0.04702819484370036,0.06116143348078616,0.07171122363118922,0.07838589852517124,0.08524675011244125,0.0944963931980398,
0.004549321752025499,0.01319772024444484,0.0226741452187875,0.030698101072130165,0.03969883788809052,0.04634062572153488,0.048779634900548284,0.054145369071004985,0.061514380297529765,
0.004846016259664165,0.010939237457024173,0.017118954973506465,0.020503799487246562,0.02578771129430399,0.0281571213861902,0.02996427059939057,0.03219191399978366,0.037959716365007404,
0.005686464424725817,0.016471419731779468,0.02783277202582311,0.0370466444767852,0.047790614982944526,0.05509641634786976,0.059997260390895715,0.06601338716242915,0.07409309315631785,
0.004742356549609833,0.014206943217470038,0.02362460324680415,0.030430280765590973,0.03984248241813319,0.04644631048977104,0.04996552193249824,0.054554446638828434,0.06072395785139099,
0.00527614151428307,0.013682019178479223,0.022074060606260736,0.028679606328273714,0.03610625132130658,0.04014493160743088,0.042681474914194856,0.04629826389158362,0.05101464839933719,
0.0054309375100445815,0.013519479252057579,0.021651494032559032,0.027914937174193803,0.035516410398871816,0.040087251049343506,0.042323389630962736,0.04663589250136742,0.05129162394331078,
0.004969881769681584,0.013890680348035535,0.02270403227863141,0.029335932931386106,0.0371036608741835,0.042225548200813805,0.04499536144034083,0.04809634127758793,0.05331365748349686,
0.003190852927180946,0.009105484489116368,0.01653250927551175,0.021603103294091108,0.028211923454756208,0.03423438135187012,0.03641738468303917,0.039927245021471394,0.04437405647833451,
0.003413774974886238,0.01163378272376451,0.019273449966216362,0.024637212865938965,0.03358526108636316,0.039270557944318864,0.0417014735863108,0.04758625741718139,0.05434347014393502,
0.0059483890111233055,0.010954395313706965,0.014573988211964548,0.01660310668633228,0.0196643492998101,0.021268161605894093,0.0228941043247989,0.023657793783136014,0.0265600939820674,
0.004638016575233188,0.014158496634435172,0.02490911021599531,0.03433655368100564,0.04673753997209457,0.054628568601222796,0.059189286100616134,0.06616072882296904,0.07349129809564027,
0.004616726754218543,0.012512149634537915,0.020248190081615023,0.026496837747117304,0.033914102136386896,0.037997232226321065,0.04164657772225096,0.04379095230810151,0.04893276190082338,
0.0049826377404410885,0.014146710877836253,0.023167039232468028,0.030614578104056614,0.039441972836129255,0.04383669585351231,0.04625965217408367,0.04968501622111829,0.054290033428180916,
0.004790389012862299,0.013616775348914851,0.021326007580024908,0.0277543614250723,0.034779980574888715,0.038290700271013105,0.04095673098502871,0.044858587750009456,0.050149532234691166,
0.005288718178959037,0.013968951462912512,0.022216994236672113,0.029447905696243563,0.03731673583781347,0.04291018386828107,0.04587002165052097,0.05052428428021591,0.05694416801596037,
0.0046627069176290985,0.013038502306207884,0.02280607054095687,0.030538716532622023,0.038692213174714676,0.04313258977724683,0.045921601529776236,0.04945806023193985,0.05435965739036423,
0.004530653266529093,0.01310907256190733,0.022211793988600553,0.0305596345905333,0.04146826471343677,0.04868912946160768,0.05223828052543106,0.057942442187684,0.06577567899231086,
0.004334079879464907,0.012049515187532066,0.01987881318622464,0.02606872223447308,0.03339275295008532,0.03812374440532111,0.03991104013310998,0.043926426571007295,0.04743090105196964,
0.004805862332444505,0.013286199826369695,0.02200145052368427,0.028838578297478212,0.036164750304653104,0.041434347222761,0.04378247640952362,0.047767855504452526,0.053986462399673876,
0.00620532485769918,0.017372398634793788,0.027564077144302947,0.03637752142632466,0.04517574959415754,0.05199931030578501,0.05691255219975768,0.06037387218136336,0.06605227888003122,
0.005118430408472813,0.013724415381427919,0.02180735865860374,0.029378760005218222,0.03765920454937438,0.04343926605344415,0.045640672362274405,0.04968450991834276,0.054296689496585816,
0.0043287624253053264,0.012411430703939895,0.02138352759796248,0.028367939653485413,0.036182122726346515,0.04090124400592177,0.04380489636262524,0.04869812205098966,0.055059744934221104,
0.005556556902952364,0.013355764617362,0.019895374648578625,0.025799515348229777,0.03127087665636186,0.03606339452165062,0.03819485615369334,0.042085866176968294,0.04733422772411667,
0.005024768190154273,0.012982433617254043,0.022267198561741173,0.029148144661311524,0.03758637655719406,0.043314877364372346,0.04445154048065335,0.04981769019362207,0.056635973284268414,
0.004471184962694803,0.01428443466165989,0.02474758213626162,0.03260207794273534,0.04291309629572248,0.047753902501759225,0.05249448747786677,0.05865830043650847,0.06480495648969212,
0.003627658227250394,0.011546579841787823,0.01968962939030092,0.02576085404743396,0.033604505080963,0.039021383089918475,0.04205001676064169,0.04639317700682916,0.053204573307894694,
0.004475900078427104,0.012848982479807937,0.020692280262120416,0.027168739468193356,0.03378541558027525,0.03728663557589589,0.04000779674127087,0.0423251829209912,0.04537287361676047,
0.005499047674076662,0.014427336037214496,0.023222493482345733,0.03012254030817529,0.03728786358833919,0.04225626897233664,0.045559513225875876,0.04991787843091728,0.05501367281243753,
0.005913050459359032,0.01385907175253077,0.02159837406640938,0.028183418370300094,0.03455676960019998,0.03782613149417863,0.04156799075711454,0.046011528102315284,0.05129293341720494,
0.0044743387237397925,0.012492741572651268,0.02054738584633389,0.026874501228179023,0.03427450041776321,0.03890948456849914,0.04134050915235116,0.044123978232415435,0.04707854683718996,
0.004968413327832794,0.01259186472510432,0.021642308278001867,0.02880201266641524,0.03817923841481625,0.0445872219735133,0.04719249650163866,0.053135352750009184,0.05866822923034359,
0.005264152536532041,0.011708414681857975,0.01727174715169685,0.021966005671064763,0.02872590065326228,0.03105953880578527,0.033541146693355436,0.03620022747060702,0.041593031216738234,
0.004700908304727748,0.013073088075016946,0.02148890883040977,0.029373884309102465,0.038788275792017275,0.04489413164984121,0.04884797235816923,0.054220100349661814,0.059839108621582315,
0.005798563937883143,0.011719795886574751,0.01761742624898335,0.020847823492348126,0.02565272728790178,0.029519708108937857,0.030155501249735935,0.03232041223130951,0.03324198407442112,
0.004292765149608699,0.00992426015114428,0.016005323272543327,0.02021134583405871,0.025883832074028754,0.029372082145167212,0.030907469791339195,0.032645959966073106,0.03434699769228805,
0.006139000772573766,0.017109746228532428,0.027300199652414325,0.03597940933675937,0.04517798905002967,0.05137183326664804,0.05459829959812787,0.058861770374266396,0.06239023065848495,
0.004427536700760876,0.01558988026509306,0.0274174596716777,0.03703962266171324,0.05042564283851527,0.05815902620450663,0.06126518504099984,0.06763462156841803,0.07904326962651419,
0.0044828067586586435,0.01038211752420148,0.015818016660032356,0.019731691454083492,0.02339527666688649,0.02697381471555751,0.03020592828071032,0.034581257875471345,0.03900819934806282,
0.0062366526020310445,0.017770480116228143,0.029284956109815182,0.039279293093099195,0.05073868429354162,0.057768789884082565,0.06269437002786397,0.06775651650223788,0.07540852757760728,
0.005517412378415555,0.013622438623515943,0.021877260820416498,0.028178827075233007,0.0362606591590453,0.040208599089623084,0.04354750342160135,0.04854365928828974,0.05372637222019499,
0.005711111892365068,0.010013939477407755,0.013133976580155205,0.014807614353068878,0.016663119415871314,0.017724713177250186,0.017018241463872655,0.01814807533086701,0.022749424082419218,
0.0048682126378506935,0.012007279450154994,0.019122310828700535,0.02576555089118064,0.03279134639569087,0.03765868894755903,0.040512850695733287,0.04387732279544148,0.0488633059048819,
0.005232692618709704,0.013862382769978714,0.022951304294465135,0.03008234758955643,0.03753309299673679,0.04255630940826615,0.045076390552448935,0.04821192636836532,0.05282974100984552,
0.005765572251750649,0.01582826642086363,0.02594983032117508,0.03503390376266947,0.04433348428434058,0.05173283254272207,0.05674687474197628,0.06068106536338961,0.06774708004979903,
0.005289515252844323,0.01610581344647066,0.027520242362734117,0.038009472321937944,0.05072402431577406,0.059604282579072645,0.06407680316807238,0.07159428047661441,0.07918941026589145,
0.006013708870103018,0.01686757053258722,0.02854084782505861,0.03831214941347789,0.049293404759201555,0.05760510085447027,0.06088647201731223,0.06769595058535187,0.07507947781190093,
0.004434118077075501,0.01171907867431605,0.019081692182702944,0.025895308940413385,0.033720987342074286,0.039119817301387305,0.040970036999141465,0.04536525395053671,0.05107134520956898,
0.005848446744090568,0.01586569393846146,0.02668208040984674,0.035326688111240914,0.04515111836966491,0.05301409291998089,0.05717392190234765,0.06403566171045791,0.07291681215186117,
0.005862859659366924,0.01317598788308161,0.021155428323819864,0.02736497247935921,0.03432366601955266,0.03970737624218022,0.04297092180940212,0.04661025228681378,0.05537505542805254,
0.0026906314449128108,0.0094669455078053,0.014697986942790087,0.02019456037631629,0.02586504307923916,0.030082670797791918,0.03272325054584412,0.0357653329107696,0.0396669082744585,
0.00556160346774309,0.013062065050546969,0.019881940594885877,0.02416022606481846,0.029051846363802834,0.03211066502199202,0.03464541649367823,0.037656605193012,0.04023798014629752,
0.006761610177639231,0.017642417563763366,0.029096507348564508,0.03736281507089955,0.047073362432887796,0.052899968448479474,0.05641280586051673,0.0608511838435207,0.0681221183880708,
0.005044487169719829,0.011654861099169028,0.017390269863575395,0.022461625923650776,0.026430813955954587,0.030149985306885473,0.03261585217246977,0.03635748562661422,0.04018648472295889,
0.005183222441468717,0.013895866690132217,0.02314554409164307,0.03133261264275621,0.041056888845526704,0.048245342475115964,0.05232646254720379,0.057660432688069765,0.06480679355145011,
0.005912265103579531,0.01663519852639187,0.027492396951273635,0.03560130411059641,0.045535410534189906,0.05165212051411228,0.05499893090372555,0.06086146033193177,0.06744886479323867,
0.0037642951230731658,0.01129800981520462,0.019125382672469188,0.025379387166659308,0.032143965712923904,0.03643785175202747,0.03977746235385587,0.04438890086826225,0.04763458250747644,
0.005634949264704063,0.015456194194724517,0.02451393652257863,0.033221813460318106,0.04243101649333902,0.04848604885807476,0.052135683955311755,0.05574978272264424,0.060790569928996493,
0.00396123309935519,0.011871575773438224,0.01987310906769902,0.026172944218138518,0.03356725712816155,0.03831355082960957,0.04064433330614991,0.04339889428993549,0.047670814875418986,
0.00635890877266087,0.015160981829780576,0.023609814171592008,0.02937118792355164,0.03632166767429606,0.04185127716618831,0.044985561798627914,0.049919482803817715,0.056460164284219204,
0.0042114074756951485,0.012202050347637374,0.021561611300397143,0.029511763412151042,0.0397380691541316,0.04637302094660384,0.05011332614735125,0.05538451776068969,0.060118209995204897,
0.005597283902311321,0.012375284828872022,0.01995584596130717,0.026553574330644047,0.03350198504566975,0.03952606987301864,0.04121237950202578,0.04551192135558743,0.05075514018392266,
0.004042837128988711,0.012099136736212813,0.02014962195126279,0.026567681735568737,0.032876822833666074,0.03658833335167382,0.03872920897240789,0.04227596091049523,0.04685298763156536,
0.005252470119364223,0.013095572858932605,0.02033205546738581,0.027339017228457236,0.0348764055220132,0.04003480805373049,0.04412440796193944,0.04738493322163627,0.05297472835043553,
0.004022147804529502,0.009925646385902586,0.014802935472687509,0.01973484592999744,0.023213238745801477,0.027252231140265728,0.0292215117199186,0.030579786392459302,0.032809187033501434,
0.005347351736605636,0.013994460304947475,0.02226514325107599,0.029163234171331025,0.03632604434629383,0.04103802139837071,0.04362030853479798,0.046287328990015246,0.050908968404921325,
0.006737448400194115,0.01754530768099491,0.028418009567941178,0.03789606277892731,0.04884613087067371,0.05664017364991381,0.06070373480375534,0.06645568608794448,0.07253571167249108,
0.004163391495205142,0.011580321411226556,0.019552974489322587,0.025961674685245933,0.03404773588283789,0.03920670312442232,0.04171807777611774,0.04509106375237233,0.04952015582214359,
0.006105165662660045,0.015647512319023938,0.024798440233838374,0.03303181034906271,0.04156785918539492,0.04773879785325738,0.05078650243198845,0.05484523618780158,0.05977971765222679,
0.00611756514208306,0.014719964864511223,0.024031738535761262,0.0314503986983649,0.03957251427171981,0.04480869483295002,0.04831180478616433,0.0535355785602653,0.058471449482787784,
0.00541029876369708,0.014042404785347093,0.02247000275873015,0.029250337109670916,0.03660571028054172,0.0416016877419376,0.04418809985709089,0.04817286222345244,0.05330073364510972,
0.005763001641308113,0.010628107906736921,0.015376623937489946,0.017513959117497986,0.02077593763855437,0.022281090145850092,0.02274047380667579,0.025828521662735197,0.028344087556796623,
0.004346057590896094,0.012248155322520582,0.020468601292333306,0.027420838274154823,0.03567338492491399,0.0413435759189425,0.044902772355926344,0.04860135961419706,0.054071454510670254,
0.0036350464355117402,0.009482256653325291,0.015674588305464098,0.021137741894038952,0.027676250851860006,0.0331494263704229,0.0367404195371237,0.0394032113414719,0.04538302259411724,
0.0036181061156596007,0.009466990723897287,0.015912231759887773,0.021035809586589335,0.027850626899088567,0.032640423575216966,0.03490035543919117,0.03951486405070325,0.04282502711410043,
0.004403692665007029,0.013790564295939943,0.023922907862893954,0.03247456162991514,0.04347740439904221,0.05102669066299845,0.05555899029812927,0.06047111334559474,0.0666687303828386,
0.005214573480891324,0.012664115486283732,0.01951864142320823,0.024645548676978764,0.03089088892462638,0.03545715420454205,0.039079158428459146,0.04220380099736992,0.047871883015330706,
0.004821059401423572,0.013535351203351888,0.021884129084932334,0.029211223600570605,0.03763061933367396,0.042744769394411436,0.04555288730697319,0.04873219152062433,0.05466381868327181,
0.004148785058292907,0.01238731949935733,0.02134995720525371,0.029034930570913865,0.03920179798356304,0.04664009288809749,0.051604957972923866,0.05731499541518203,0.06541204561354397,
0.004039872658792934,0.011403067710780469,0.019390662179998096,0.02614343833999158,0.034130114542272307,0.03883513345270328,0.041841193460821664,0.04470618132024769,0.047967230423618584,
0.01015157476886548,0.027442999766374477,0.0467617992299374,0.06420868301910744,0.08586695354634205,0.10002315176234011,0.10780098539276936,0.11869045496482372,0.1290688807736081,
0.0057201222074463095,0.015253305357843519,0.024348066733389944,0.032194745819933486,0.04064362704435304,0.0462753870103234,0.04941524795779624,0.0536551885411991,0.05809302045020951,
0.005439177066970111,0.013775247836489311,0.021722102975216675,0.028283744681734484,0.03612752555685892,0.04087401252413364,0.04379935438817711,0.047617539386517915,0.051976469389280855,
0.003591471195728411,0.010239677665339186,0.017615476647400343,0.023957286359896114,0.031079194171006977,0.035594475832769305,0.03800813937011725,0.04059492535410385,0.04458994745021513,
0.00480167864466397,0.012854193389132516,0.021364284632393152,0.027813020698888895,0.03512066578047437,0.040324259350420555,0.04268830689384645,0.04648270784193808,0.05269187660186821,
0.00531039703113869,0.012487938040570981,0.018643932828867643,0.023680904883605743,0.02851217181468029,0.03236779455662762,0.03446552021896704,0.037360446421443656,0.04350611257518837,
0.005077048040164089,0.012705000570259773,0.020378269003791593,0.027400988652561322,0.036352319441659064,0.04220682668981162,0.04461891334316309,0.050019554276439185,0.05628861870133229,
0.004824202299832514,0.012540417910974455,0.020269025112976135,0.02677356795568244,0.034681972692691417,0.04014616102746599,0.042996086096254583,0.048151085889661,0.05281280698971313,
0.005619995860033312,0.016994523017356714,0.029444533577287487,0.039629763980351555,0.05125598198674645,0.05845525973803992,0.06190599875329416,0.0663230943892571,0.07226504015651126,
0.006002075189699567,0.016874100047024474,0.028082797580904078,0.037016919214075246,0.047296469193461914,0.053492545104215826,0.056894718813831645,0.060793103598118875,0.06674103649679038,
0.004795725764611542,0.014819693728440388,0.026111521591918117,0.036214120377984,0.04932359277262142,0.05831593963600255,0.06298204734569776,0.0707173187946276,0.07811651103516706,
0.004120507779068407,0.01295436383164046,0.0213784823049833,0.029056633204118682,0.037823104518351185,0.04417235403564685,0.04727480094964627,0.05133311730781198,0.05728319352562959,
0.006045719813041644,0.016710017036905913,0.02756649324139702,0.03557586991625874,0.044217042061653146,0.04894074317296777,0.05191191329099785,0.05554159252741362,0.06084241412929639,
0.003286730173384847,0.009878095437234159,0.01689083918063306,0.022930981159356302,0.02989604012214736,0.03425323864027076,0.03735939377916035,0.04056006501491914,0.04511494449549145,
0.004987456838614449,0.008011904953573621,0.009380915072224591,0.01104680736835333,0.012568250765441647,0.013429505056630946,0.015066732792861194,0.015361663345151176,0.015438808107869463,
0.006376518370571681,0.01579387481849429,0.02585954353652165,0.03425388594806072,0.04436808254986242,0.050690545432931035,0.05461969371333626,0.05949112777212528,0.06726177658101895,
0.005259691927689304,0.010610173704182147,0.015373665396455545,0.018943508700516636,0.02190163259649127,0.024579683954839802,0.026170061068226277,0.02835582197271958,0.028946689563468082,
0.0042812450460087146,0.01217618008367304,0.020034411404214476,0.027117697254124575,0.03489864770243579,0.039693174996204415,0.04256960936869175,0.04632026607105004,0.04964717326883146,
0.0052390212674768045,0.012553874236679871,0.020623332656279258,0.026817140098433393,0.033637321629647075,0.037306528063249626,0.04003083411180366,0.042821653329395415,0.04815386537723784,
0.004577112363683828,0.013181073711323892,0.02210766050853752,0.029928610982827838,0.038476473743394475,0.04373596867925973,0.04568497347200466,0.050503608415581276,0.05463892079329897,
0.0070980991156561046,0.016552530229849954,0.02616061691491259,0.034757486355468936,0.045919526452992625,0.05217200315273911,0.05615259150174757,0.0599506600626484,0.06894955017863026,
0.005122559111157224,0.014890757394486096,0.0247071397741354,0.03320699018728329,0.04271024975646177,0.049170937130337,0.05220131070424157,0.05713137436948567,0.06393197934487248,
0.004355715547742083,0.01274763741018784,0.020868845810810804,0.027994348749702365,0.036241080495508886,0.04084821621959195,0.04313171844883951,0.046739495091688656,0.04982146778221001,
0.004897459818577225,0.008037378303447737,0.009932409479214086,0.011788542087767594,0.014183290022206077,0.015357303258711123,0.01659960923123126,0.01785676243297155,0.021123199094920678,
0.0046890919615585,0.010839092224307517,0.016145502615085405,0.01944206957837202,0.024155909193352088,0.026803590968797444,0.027387702506082707,0.030629070618755458,0.03405889999892602,
0.005764174473041746,0.014821298859886776,0.024668871715585624,0.03277527334694861,0.043818788388228384,0.05118548374885159,0.05530288758610048,0.060742165116249996,0.06859386986634329,
0.0038144404271057693,0.012424951985016464,0.02175251804531834,0.03028519912409267,0.04047543895488136,0.04795777491334902,0.05216668038254428,0.057638238316024985,0.06644724243639277,
0.005057218786749587,0.012591471726093982,0.020827777967034732,0.02593201917620572,0.03293111623200718,0.03722392737770596,0.037371523512135185,0.042130204428015385,0.04629797325115794,
0.005444680360244001,0.01283170537094029,0.021003008829436703,0.026850563744275604,0.03438431974741538,0.03937276561696424,0.04145592826131692,0.045161020936702385,0.049256466882339506,
0.004910703351910843,0.011767241774769953,0.018283963339678053,0.022956994786104107,0.02769225593055946,0.03115252310562883,0.03363509824835884,0.03602590250728716,0.041645035193623295,
0.006510093163270175,0.017772978015770376,0.02994394845077841,0.04020948339483231,0.052081980556303496,0.0606570918263527,0.06499643503919131,0.0715996851540045,0.08195675784871202,
0.003988076074093064,0.010581058910045363,0.017651231968936396,0.023318680020803638,0.030297987463667377,0.03460033341304474,0.03686635090688345,0.03995183245740504,0.04514582519259176,
0.004436309365241283,0.011461307877272942,0.018846412019165454,0.02435677293722753,0.031306863062843936,0.036146442189771484,0.03835064771571827,0.041397417428382675,0.044838652685093454,
0.005283279504603812,0.013563278535916991,0.021794588990368548,0.02853222668950191,0.03673853955421297,0.04252403262854271,0.04554694883255754,0.04962095376395799,0.05405172945552431,
0.00583314750499377,0.015318657010698462,0.02491211728263905,0.03262357897245271,0.04139174258205576,0.04769753794060886,0.050909747164021024,0.0557926173827911,0.06383472974837956,
0.005698726695599899,0.010240675829006668,0.014043829839772917,0.016266776767683212,0.019495739558533124,0.0211682313220002,0.02274616706792001,0.02586469970306618,0.026886753609833693,
0.004304690033347753,0.0065679854978218846,0.008296636687544205,0.0088060980089921,0.010022744303317505,0.010726693619733212,0.011680562264312156,0.012661366773932791,0.013749572307928152,
0.004609508937652111,0.012759903463333291,0.02115610844081807,0.027413387674888778,0.03706732665765997,0.042880496940089725,0.046479669851824904,0.05023084542181965,0.056369099521506705,
0.004240924605604212,0.01183834481388182,0.01978981344415903,0.025916141636231203,0.03292770215820973,0.037157634372280035,0.03968135450542387,0.04297100635372106,0.04668305560747925,
0.006575483894591835,0.01674467966794996,0.02650896724853703,0.034310685376297084,0.042423698147180056,0.04790242234061843,0.050595129793128614,0.05573427339945139,0.06199638398827713,
0.0051914634189421565,0.013580680861441392,0.02225118482882113,0.028761911648274314,0.03562185425900743,0.04066196924722701,0.04362655801552941,0.047553618353719435,0.05466396533340142,
0.004382612043918473,0.012559307727796572,0.020876162996189777,0.028819097759119835,0.03627027793721013,0.04346594556903463,0.04624476996909592,0.05127244175184697,0.05551060155730612,
0.004564710555270247,0.012665246209147149,0.02101415698190047,0.02799880207675894,0.03640551646853532,0.04179226523229275,0.045493912335458374,0.048823567515263705,0.05502747766730007,
0.005067842508743588,0.014580480680483456,0.024341911980401622,0.03209666764233044,0.04121953616863027,0.04723377628639308,0.050255795013207295,0.05464644373588357,0.06014677016962338,
0.004884332410225747,0.013138730108911662,0.021216351420564553,0.02772962791946213,0.03562778033316692,0.04040801796122551,0.04269076150194837,0.0457810721624071,0.04934789846095839,
0.00396411657687083,0.011860756008171694,0.02099544170898488,0.028991322109445324,0.03867547294821339,0.04452670427076059,0.04839059966253601,0.0518450352039797,0.0576438187675156,
0.006437790992181777,0.012102382386134388,0.018041828905263464,0.021781824083518548,0.025647616160917732,0.027949535990686464,0.02976685280871342,0.03257278082010639,0.035224421188736144,
0.004710405729910316,0.01179751813153782,0.01960790528895973,0.02553344548810297,0.03224865862965278,0.03587268217824925,0.03869225916601538,0.04130155210960882,0.04629274041159085,
0.003887626843828374,0.011391744746312922,0.018543074554068437,0.02526224846513614,0.03237167630212435,0.037075206224951966,0.03989951766421604,0.04337122306005715,0.04935257886429847,
0.004203796666109803,0.012139175487107766,0.020956656576258014,0.027919164263564337,0.03641625950644045,0.042525346633333065,0.045611356086230785,0.049320241591254706,0.05388147846778591,
0.00520409482798613,0.012712738304412973,0.01980380109755965,0.024898193745955147,0.031058116383436134,0.03447538440846408,0.03687561013808593,0.03993656725663988,0.0435689074695179,
0.005350809380364093,0.014990821194874675,0.025316104748052567,0.033469358238938395,0.04200508884822617,0.04734075003658537,0.0500459012705784,0.05475655769504714,0.060152692600156106,
0.0052119977963764755,0.014593938561320739,0.024519728696378713,0.0332443515169576,0.04390857891537624,0.05146488304289758,0.055603157749801874,0.06205339434455397,0.0684269636527271,
0.005737431282431204,0.015067921746321657,0.024199538822611107,0.030958312383516862,0.03898332742723943,0.043619368693449526,0.04670740380364337,0.05132208078265928,0.05685513780367215,
0.00338031687960128,0.011608889881253488,0.019417045879453188,0.026895351462854197,0.03464812728578745,0.04187985708435526,0.044633528236356634,0.05128760133022535,0.056105640398243374,
0.0047886829904551925,0.012326961672259877,0.020225967575504277,0.026455993623626824,0.03368279475419512,0.038474373005313735,0.04146602128714385,0.0442191652756092,0.04831944841745619,
0.005185515041235557,0.014209589025265165,0.022939134165523612,0.029802839330704718,0.037306371911796,0.041535868101151174,0.04489925273463505,0.048392675053983154,0.052912656451069566,
0.005121639313156718,0.009005403311303312,0.012584851145866022,0.014200259250321926,0.016678203062160172,0.018532071761968184,0.018776277510357264,0.021123714520592085,0.021316483160703316,
0.0046067512586026186,0.011920504066898239,0.019057505737353164,0.02461244253564146,0.030179986974233998,0.034149212908523026,0.03642122345964006,0.04017810309107429,0.04504799798831145,
0.006931719731111093,0.01796345082832818,0.029300213582403752,0.03800474603359439,0.049277415766575856,0.05645453144002778,0.06074182818546764,0.0656912973558457,0.07386152314214554,
0.0051282908994746005,0.013428757714977268,0.02194524148500326,0.028511963902099428,0.03617458081925354,0.041908680925897675,0.044812147578949676,0.04916312448793436,0.056450045749937644,
0.011110168398716362,0.02352709066270191,0.03553402799688058,0.043941195302319325,0.05283944734428206,0.058379110077970496,0.06118650874822499,0.06509172230355549,0.06709970015632587,
0.004824103712166004,0.01423431976036915,0.02388598431962947,0.03204952750274337,0.042554211889500995,0.04958844697139579,0.05389588283943151,0.05970918188484126,0.06818654229496454,
0.005226458190306773,0.012901964444558803,0.02074216970008558,0.026099657543551074,0.032437823152418166,0.03617165546010081,0.03851925253122423,0.04218326003283886,0.04626157056257085,
0.004199960692461412,0.01094528198771131,0.01840130316493077,0.024039616385417243,0.030952877355124676,0.03500474285769662,0.03816314300155718,0.041768345919300155,0.04792972026238357,
0.005431735800486998,0.014817437622980765,0.024310791804330115,0.03238973482309237,0.042278462603751246,0.048787890450122794,0.052527601841336334,0.05760467393869041,0.06321749134905573,
0.004701675362474571,0.012537405510883335,0.020580977112151247,0.027533504787618443,0.03546429026810526,0.04066751899755949,0.04340978345194382,0.04695692325125182,0.052068443131900295,
0.005739510000117557,0.01534362389995692,0.0245398887630543,0.031838706061548365,0.04009739327752449,0.045657312781880705,0.04862753135163925,0.05241731270835174,0.05791951022603984,
0.004694109609004955,0.013070326329998936,0.021732725269570423,0.028621850481203786,0.03696186582448479,0.04222253250432584,0.04526408345184795,0.048412661497763666,0.05253671043636065,
0.006458420442052794,0.01503675987156705,0.024270609768082888,0.031250311820927405,0.03962561485651192,0.0449268874930162,0.04932988966138465,0.05387275447251628,0.06043330549963451,
0.00554799017324677,0.015138392926389516,0.024856820909290266,0.032496937014069846,0.0408180073356155,0.04542544485523721,0.04824179978738891,0.05177059083062555,0.05663222657055862,
0.006066001545450849,0.015893671850389857,0.02584896560156662,0.03359690242272518,0.041896771465895565,0.04686087139334058,0.04894265939056285,0.051999954433994404,0.05698373641793555,
0.0048927566746425075,0.013543221625208697,0.021919724430849157,0.0290246294129024,0.03716151357225606,0.042498461567791565,0.045808033121026874,0.0491870487650189,0.05467013846894105,
0.005376843482531326,0.01391479158007864,0.022823980935049042,0.02982929609114807,0.03901203570496268,0.04468460543403494,0.04860167639096249,0.05435921148604183,0.06138942007583403,
0.004465531630285514,0.011919181281272138,0.01959525595080352,0.025997537932102854,0.03292187815747548,0.037579825370496846,0.039784122929255594,0.04332286034451026,0.04673356748442751,
0.005295050175231755,0.012923350547603102,0.020284290193191876,0.02589857200409023,0.032370739729537884,0.03701023983569096,0.03935196720591175,0.04375627329351721,0.05010462176483079,
0.004589726116762101,0.012821465306661327,0.020668828152396554,0.027380398086208815,0.03482480465000882,0.039496805789923456,0.04267830075890297,0.04615982605540887,0.052683012706201154,
0.0029807089292523776,0.009807395546068574,0.018063489463567613,0.02304610984919971,0.03181074084046166,0.03774705562243719,0.04100888078372444,0.04521324084431476,0.05174398091516048,
0.004464677028715099,0.010701240912042689,0.017275798517493342,0.025171571934852956,0.033245284320093244,0.03854307555614114,0.04234458048233328,0.04629649495026822,0.052723964816457504,
0.005487198013965034,0.010249944059098286,0.014541493539162138,0.016681613574036906,0.01979593242647049,0.02214841620993813,0.023341063416278555,0.02626988432375784,0.029689159478329518,
0.005664321866972962,0.011880943477006115,0.01824361991910539,0.022468564312834876,0.026768601878168333,0.02998139751869055,0.032266933330126396,0.03469045277663741,0.03903218947918354,
0.006191881174326929,0.01577057094871592,0.025409975504446177,0.03251553844720378,0.041047858016394975,0.04630244359439011,0.049565339871555224,0.05287093226906121,0.05880389361579463,
0.005271746976773684,0.013608876855805663,0.021878868541115343,0.02884313032880567,0.03664662639701311,0.04152214303246935,0.044579557910333335,0.04723606201252858,0.05097275397098709,
0.004146287606649241,0.013247308022783295,0.023208706948402418,0.030974977109984234,0.04008709337236926,0.04578114553096698,0.04934129779587746,0.053165907438929266,0.05933778805456379,
0.0060431208243842275,0.014059797973369198,0.02189504641424241,0.028260174319596813,0.03578373439784866,0.04141717835721379,0.045374514692186736,0.050206773611239874,0.0560008790157207,
0.004976172198955574,0.014335818629287086,0.023863271461743094,0.0318484454136686,0.0411221068039124,0.0469880230702385,0.050501293480660764,0.054722341451183126,0.05884802112446776,
0.006674065154483473,0.015198334466330449,0.02421133537560262,0.03063693261142961,0.03750027377974706,0.043186958600452734,0.045492023193604986,0.050846684504413125,0.05743180268623956,
0.004223821195403916,0.011074299431428817,0.01826324901584604,0.023708827304369216,0.029849675929414822,0.03400821204006078,0.035882665948681475,0.039352867365950145,0.04304160261085985,
0.004537947551575839,0.012883471764673148,0.021910308555053347,0.029286042950630836,0.0368587951959256,0.04149078151370499,0.044854831817332595,0.04814329974401233,0.0538156799998746,
0.00501182403146867,0.013215046407709893,0.021719426536841845,0.028597262376732484,0.036204093154729285,0.041500259868432206,0.044020833339292,0.047397234282152444,0.05201475953937165,
0.004196855082372402,0.012759539672179791,0.021920431654030716,0.029447445433899908,0.038655330574987164,0.045078177255523225,0.04835676775079573,0.05223379058416897,0.0570393605977176,
0.0038347241109674304,0.010475838784192011,0.018603452740787063,0.024824055057214075,0.03251029142982101,0.037703640112806025,0.04107275660809783,0.045134452345689725,0.04948150992132155,
0.0043235627073221075,0.012379627979321729,0.020515364832582227,0.027812318394760574,0.035993691737552194,0.041281310269248764,0.04362127068434142,0.04754837535990012,0.05166553432036205,
0.006017195768314423,0.015544597503190998,0.025175422514661157,0.03279786256633036,0.04183800680906968,0.04760483161497299,0.051020244242911184,0.055729833933098855,0.062051745735276276,
0.00683887514733021,0.016936797418495294,0.027143951203183466,0.03530658980891089,0.04453361211508521,0.050344879947722306,0.05345655970703601,0.057268356310338865,0.06160422128923071,
0.005948269830895025,0.015251798175714034,0.02428440027029617,0.031058412474173257,0.03883323374598288,0.043829301492925785,0.04645052552439388,0.05115113604820738,0.055836900013125836,
0.006343901874611094,0.0165672210217598,0.026848000332586455,0.0352035119012052,0.04418794951469766,0.050424513715746036,0.053484793485688534,0.05881750321189797,0.06562865354184756,
0.005124076935611784,0.014966543893805579,0.024886124978335377,0.033505707711424346,0.04354509194304858,0.0497692319728644,0.05320184582574158,0.057624472784914914,0.06422538575628628,
0.005324542999955824,0.011145619042987727,0.01625172682213909,0.019615703581181046,0.023540579236501283,0.02731777550646591,0.02771072247249136,0.030278484173032066,0.03226237221798603,
0.005402322004297071,0.014113411798717855,0.022977683970939463,0.029961086637858236,0.03780491162267022,0.04333163710971404,0.04537559224200925,0.04942294577517099,0.0542011433769627,
0.004170374767409156,0.01143314738135885,0.019100170967445818,0.02555137174563362,0.0333059323895445,0.03797960953820301,0.040757828996161656,0.04416829807607345,0.048848145292586694,
0.004371898348119848,0.011856212833138384,0.019695577999147885,0.026126147938376754,0.03381701514215327,0.037705808497204264,0.04027658322397795,0.04323536922297539,0.047903088137723496,
0.004233784106834174,0.011498811451413717,0.019198339967936743,0.025637633221554604,0.03246854591287593,0.036810622953676646,0.03913808667079265,0.04241955312620902,0.047501521925072225,
0.004399930326276765,0.012465683382523846,0.021018622147575633,0.02783801732993944,0.03675869797601828,0.042127551894835004,0.04522315979445205,0.04999259925992279,0.0552367722411813,
0.005369585184969922,0.011114546006460205,0.016066429037976174,0.01949747913440915,0.02317652062525872,0.02527842520290396,0.025878436777074538,0.02846748243111718,0.0310794481263672,
0.006142111064057745,0.01398002733702303,0.02170564902501361,0.027123951716338596,0.03387828968636341,0.03847467273899765,0.04016429329534157,0.04456414735670274,0.04829828654879744,
0.005033742238104974,0.014257967744779549,0.02352078397889734,0.03184535332744952,0.041164564002624256,0.047000896846515566,0.05040037144005975,0.055876831007391145,0.06206500180147145,
0.005603369718559027,0.014864354454446966,0.0245589780744737,0.032185387104719215,0.04128263848516047,0.047203129842643826,0.05001281407052243,0.05353571068411851,0.05931056702665878,
0.004415900663173208,0.012666337270360884,0.021543646030268867,0.02930964150418621,0.03807447631069227,0.04370221419688115,0.04717423217540082,0.05063186147100478,0.054769617077448075,
0.006298769779239719,0.011073160623966906,0.014610945851582182,0.01681832131666505,0.019072381983243444,0.02105434443935003,0.022272808292767194,0.023274784362880677,0.024381708402157847,
0.006111064144506026,0.01628263263418599,0.026362087062606964,0.034571127305296184,0.043943364649891334,0.050158320774968686,0.053559853283477885,0.05818901365801652,0.06475410451194824,
0.005739573863375136,0.01545302860438642,0.025308363716524472,0.03389066117183462,0.04338756861225215,0.049964908147236295,0.05382865945446609,0.058002719289766226,0.06431429073855742,
0.007999882398372599,0.02028857009940026,0.03257248690464451,0.04152858663028736,0.05173666947853662,0.057792488673937,0.06113752535416868,0.06540701209285271,0.07096571208512265,
0.0055646956033549265,0.014557440820292257,0.024770570731300793,0.03292532028945385,0.042902834032883905,0.0498890888537308,0.05380369149656075,0.05864768725672676,0.06529922109467544,
0.005063790144903113,0.013817724196390095,0.02293693959221052,0.030426933060609385,0.038917157954132996,0.044816761043587235,0.04785946955966621,0.05336356041625215,0.061394149733373135,
0.0050437683783366,0.011642507365357121,0.01734482484182864,0.021509761801001556,0.02617009126968473,0.029138154430573774,0.031122247020355258,0.03397743763720173,0.038170112897524706,
0.005279549996116008,0.008689154304445192,0.011581651736955205,0.01238082824496601,0.01390916880078071,0.015656311964765263,0.014561155750670423,0.016134976865956156,0.01622827848708436,
0.006054468804223267,0.012546633350725726,0.018413583950432463,0.022237367105072195,0.026528883482203443,0.03017629177882285,0.03041817572845509,0.03461200068457194,0.038063116804468965,
0.005727320192940656,0.011696526590178722,0.01716607876911881,0.021088720181360793,0.02559122641792327,0.029062068356495715,0.030539033516915115,0.03289784328935808,0.0371459163970721,
0.004750999380282242,0.012085930706710286,0.019472582845183776,0.0257063193805536,0.032408256059101345,0.036771593333836165,0.03923004674673223,0.04173473208403916,0.04623907701346699,
0.0074022962784218976,0.018002141571386018,0.027782493704786127,0.035401567768675986,0.0438460128864735,0.04960896570943065,0.05302738952759192,0.05645573789543748,0.06101186063929375,
0.006080543035204178,0.011002428711339399,0.014383206923017141,0.016961878317326477,0.02035302601105426,0.02181621970392137,0.023280060189075642,0.024934289637368934,0.02687465033912773,
0.0056099747868904514,0.013871287853862253,0.022082759036314844,0.02888794419203,0.03612881122112831,0.04106495501647,0.04433846452422743,0.04798137387328231,0.05283207592757018,
0.012117630865083509,0.03462015123594676,0.06087156017513379,0.08769318544963511,0.12536250999447593,0.15479937779996478,0.17322570816224572,0.2020924935777206,0.2420379580448187,
0.004854941692953974,0.013372297805381704,0.02176354562371447,0.028891601140513704,0.037060978272809304,0.042618604030604273,0.04519080033839327,0.04893617009844353,0.055082567734870275,
0.004878931169802714,0.013344491420539329,0.02242827849336272,0.029438875421540563,0.03738189035601017,0.04194562654167676,0.04396566584752323,0.04753735807083085,0.05081845016902374,
0.0036993272670556446,0.011494901792024432,0.02056371849657652,0.028108036716835805,0.03743234143557206,0.04363636523490658,0.04708072889282021,0.05206255845402996,0.058169585498551946,
0.0031772437533175656,0.009268662068595888,0.01611944778573669,0.02173179311021299,0.02868068909482331,0.032805449532228206,0.03585678329247921,0.03924879640794143,0.043742566531749454,
0.0053835469177739214,0.01379782114954827,0.02213581571536643,0.028170090050683896,0.035807463109103745,0.04056941000784371,0.04265156062533649,0.04699838683730325,0.051967766672570186,
0.004210333266592038,0.011631063275006143,0.01935875912421997,0.025799144307229092,0.03247896692977247,0.03678145476314754,0.03919452958477052,0.04184078417269434,0.045834662224766655,
0.004822370109696927,0.01268164833328254,0.020763412563065294,0.027116047200193318,0.03438389824014499,0.039367106842571255,0.04226621783861585,0.04655484413181606,0.05271817768992256,
0.006252890500576569,0.014743292835493863,0.022377819450632726,0.028567980293377523,0.035504213556766,0.03967838047451232,0.043171253868629196,0.047099296349308505,0.05269258784122652,
0.0048507300476257585,0.013934903954039493,0.023766142951682074,0.03126268278163871,0.03960811840686598,0.045141010015148295,0.04825182546218442,0.052681477231574333,0.058653591979634434,
0.00526783500695131,0.014068007326577996,0.02271385397929999,0.029798316042401875,0.03768355949550719,0.04303079270497477,0.045673195214652886,0.04911427257542005,0.05499266698136556,
0.005738705986958371,0.014675215635619113,0.024059606765173932,0.03186228335339259,0.04103024484812859,0.046989028954705254,0.05093223733626458,0.055899273059472086,0.062326320164190825,
0.006414020824214978,0.016714630091922103,0.026872371793372256,0.03489676052174418,0.044210541350175506,0.050731893681767566,0.052936922366101896,0.05793483359501828,0.06255402913445644,
0.0054351004545271555,0.014028836470717655,0.0226776865670733,0.029253991906930427,0.03701656868896344,0.04149637528283002,0.0447798858360117,0.049095596942002225,0.05441177509803881,
0.005425964587960173,0.014321410569953322,0.023825295597820696,0.031258023215255386,0.040021004476682095,0.04520059888365293,0.04862460511142964,0.05339954189384163,0.058522869255787244,
0.005343450661447705,0.013879522568999663,0.022933885819311585,0.029970999662239397,0.037958696540388547,0.04267852159076163,0.046201184587104274,0.05057525706189025,0.05793089971061071,
0.004929518873045598,0.013512201337656753,0.022984500207077384,0.030905825256605342,0.04023086090232642,0.04622823055450719,0.04950736363374384,0.05380277444036537,0.060022774990874765,
0.003930185330752124,0.011538920647304019,0.018459465374550895,0.02446576537715116,0.0315737335238907,0.03692827072771146,0.040130283552221736,0.04309755255968459,0.04770156385530945,
0.005561439423091409,0.014707971151144708,0.024161082976851947,0.031806376920852746,0.04045255742131493,0.047126873768275096,0.05010463421766517,0.05332593428640982,0.06006818109521305,
0.0050857276060362645,0.01371859035822857,0.02244052588620216,0.029582363199375464,0.03863196501649301,0.04464689791537741,0.04813943259149086,0.05265238685743246,0.057824842340943754,
0.003743478381272606,0.011629687546196534,0.02024820690985331,0.028465499860573885,0.03784838570461826,0.04556302781500906,0.04873486890375745,0.05441841425092577,0.060284432167347225,
0.005917995382190435,0.011928518493273053,0.017179786984409424,0.02068703405885743,0.025270476946953845,0.028329869423491253,0.02967850374575721,0.03263395024019986,0.036725754324347895,
0.0043006030202059195,0.012553834318408168,0.021107771649061014,0.027870169271770443,0.03615978493527294,0.041601289951053416,0.044493206081996924,0.048006168807387894,0.05298844616170853,
0.005397863644307944,0.013496985369068657,0.020908969940785397,0.027596484394640356,0.03539688849269052,0.04071036552480277,0.04500532616268534,0.04716353558336025,0.05167049928505304,
0.005224049484363543,0.013331702192319163,0.021207543602558773,0.02734545840535658,0.03423523012006812,0.03834823881885007,0.04127112783525447,0.04461351044189618,0.04957188064538975,
0.005059479662442471,0.01488260608364335,0.025403943700653922,0.03397237645061323,0.04342936673723999,0.04911009215656686,0.05200977769800027,0.05584618666462647,0.059555126283824096,
0.011041113678506586,0.023308870163257257,0.03559062249360766,0.0449623161515888,0.056484428057788284,0.06491981383773095,0.06916650569899943,0.0767022374329478,0.08592799858810177,
0.005288206139231536,0.014583194125022571,0.02408209492429277,0.03185083803028807,0.040728227514387004,0.04608320841899081,0.0489802884681296,0.052383048384431495,0.056440433467734856,
0.006136562866739181,0.012587614845701594,0.0196271095676936,0.024465422446986497,0.029152729012286386,0.033169293096940604,0.03563025579286006,0.03878211562625377,0.042851017276237975,
0.00605964016963834,0.017064143349303954,0.02826264590214457,0.037615284757056874,0.0478738977291519,0.05485140649853218,0.05816916668737119,0.06406070584419153,0.07164173236466091,
0.004715783973371523,0.012698705516168998,0.02074046781489585,0.027416945839142105,0.03517852419003778,0.04115901701992944,0.044206171833630056,0.04704541205068638,0.051834232738737114,
0.004229283718837459,0.012728899482140382,0.021624148233097384,0.029300880897480255,0.037898159739327635,0.04290829404457185,0.04588229560063675,0.0492391040598979,0.0536312860780698,
0.006639395356110612,0.01802695331208803,0.029260704585939178,0.03815601618848507,0.04839523180654579,0.05511416642822906,0.05925847737923456,0.06491265455128835,0.07253129848775224,
0.005197552958678027,0.014528888116422665,0.023873027920364723,0.03142330083083767,0.039641190338168035,0.04519393749888551,0.04790468744562986,0.05126869290797849,0.05700932786666411,
0.004782039622545875,0.012459539467570186,0.02020726929905203,0.02662790549249589,0.0335056554367621,0.03860149445710937,0.04070747787017225,0.04391019252992803,0.0476715899005616,
0.0059252857979356826,0.011185102267287384,0.016014242770117915,0.019377909698986565,0.02273072612770906,0.025515786194185104,0.026521637840412147,0.02882477640645934,0.032700365300511236,
0.009074255801965532,0.017980259051440847,0.025651899655997703,0.03198462746851507,0.03938722101810785,0.04624904755472067,0.050882409073335466,0.05744964738330462,0.06696473875311357,
0.0038328823309980594,0.011807805077340248,0.020152305505676052,0.02791910253476969,0.03803969879613998,0.04525728519476363,0.049552509909742255,0.05523020189985675,0.06289846273611023,
0.004157444899462443,0.010026713014428807,0.015694733315691312,0.020300624788539334,0.025156890514951066,0.027635402882498702,0.030342146645723222,0.0332647954830668,0.036796822481657714,
0.004008261669416031,0.011001619662789907,0.01833786326486986,0.024364955081308686,0.03169357955496329,0.03669530219163655,0.03932074193375315,0.04272169963349984,0.046635940348567315,
0.0056379939034552065,0.014135816191501267,0.022328312822425006,0.030484973660363835,0.039887260330599195,0.0446161770449205,0.04780853190603194,0.053938185341589645,0.060194237573383,
0.004780175804257269,0.011985530601704247,0.01963179885338412,0.026383278885210366,0.03428891896238216,0.039114257919787405,0.042206115525145096,0.04599278727456466,0.0502101764101755,
0.0043130502428039156,0.012373940925763138,0.021613696712616558,0.029922910520693843,0.04064170121455978,0.04898881222137339,0.05415472983326568,0.06045095799734335,0.06999832486307042,
0.004725387399290115,0.012878109709103367,0.02087740387481872,0.02733015689866141,0.035025425243006544,0.039702972476974734,0.043214970495778805,0.04784841273398757,0.05446864747829912,
0.004311845369895192,0.012215601317518953,0.02067664081445637,0.02835248761912916,0.03719440007284691,0.04312943932079735,0.046410711774865186,0.05093645210394249,0.05552903870003962,
0.005393918499569831,0.01264557736534391,0.020159222986505757,0.025409038656071924,0.031667694902014376,0.0354782530100203,0.03815050898629313,0.041807683992421615,0.046763963787003704,
0.0052523736678658645,0.013209422948972533,0.021168933925661392,0.027596443825314794,0.03443995981403572,0.039052759548930734,0.042543249730508464,0.04637025619963591,0.05212346328979369,
0.004536233595050136,0.011873257178932815,0.019201541434902103,0.025557185001661643,0.03288670406458483,0.037689628485101184,0.04009354333002967,0.044231373865801414,0.048406235017926756,
0.00494162485564037,0.011535042941164789,0.01825813180863435,0.023346879742397415,0.02955465210451905,0.03344368472848605,0.03529207158676162,0.03961774377889329,0.04416053136118495,
0.005538888159310991,0.012949237732364114,0.02067203477784924,0.027285015636004616,0.034731838424369804,0.040703275031361424,0.04240538782821122,0.04759981773812427,0.05402361381653627,
0.00404506171330117,0.01243459434400489,0.020325465803980633,0.027485272302763306,0.035933284445388985,0.04252798080327825,0.04467116980217166,0.04970922956475769,0.05444844297674548,
0.005006165979759569,0.013259499204870682,0.02153939315454763,0.02811809270134079,0.03550604516368597,0.04068512775629515,0.04362029208662882,0.0472797955719347,0.053407163287055304,
0.004879570980784621,0.012781571266374357,0.020146886705492598,0.02710461686541372,0.03518892415772558,0.039633825766157045,0.04248827578782832,0.04621343396737151,0.050693930125740756,
0.0044464073055232554,0.011898252581248844,0.019686572495119195,0.025989557872521538,0.03339815010015203,0.03779355582766841,0.040434971867549414,0.043197088851179906,0.04680781917555913,
0.006034799383007205,0.015671501549475123,0.025590167606296666,0.03302559966506013,0.0415376720323555,0.04673589148148852,0.0486686081083917,0.0528302391337859,0.057484731336403534,
0.006181063703413281,0.015504769939458613,0.024094051393316506,0.030923170435103984,0.03853071755526785,0.043419356182645245,0.04653825009042508,0.04941811860611809,0.05350150287957842,
0.0048902238079113645,0.01343161360554695,0.02251315077109443,0.02947090815948351,0.0370876812592398,0.0419156137446143,0.04456559197347452,0.048780115520771085,0.05388307782686872,
0.004070363520732462,0.010617169501150105,0.018017066163049038,0.024345741624879572,0.0325493794490511,0.03837088903780383,0.04209700249232153,0.04620545953594816,0.05270803069545562,
0.0051528739788645585,0.012896188065230596,0.02072497279173296,0.026254679227051114,0.03284132082860402,0.03730390364357027,0.04019738600207292,0.043969518823353836,0.05089552596950382,
0.005720199480781406,0.015875919737343484,0.025988149782679496,0.033504875846461335,0.04167190533456789,0.04712037035293785,0.04953247107200582,0.05310585834260004,0.05856405742573289,
0.00290112334128576,0.009673153229156078,0.016108752678543045,0.022153115217804015,0.029481697199064207,0.03436202677878694,0.03675537648457358,0.04129752539309926,0.04610911931469011,
0.00608093370715356,0.01649887818905982,0.027236315296719205,0.035379451212033244,0.04401564381625832,0.049202435202171664,0.052423354011812855,0.05698345112507389,0.0640036424501878,
0.004671215818230478,0.011233570339395975,0.01876104033434173,0.02496293880497606,0.032454992297701775,0.0372585455473762,0.03932909156272401,0.043711432370728526,0.04897940373886858,
0.005460104015200512,0.01546717701766311,0.026393368854694458,0.035110919883120414,0.045647491224861475,0.052143821771667376,0.05598906073865559,0.06130773193515088,0.06934686142069252,
0.005212183180215707,0.014426499926091525,0.024577419472210104,0.03241194693851255,0.04210317298786614,0.04824712843856469,0.051305874546693865,0.054948413499265575,0.05936887261667175,
0.005038440538972399,0.013274864581390051,0.021637700373500456,0.02829823068609182,0.03539370248220254,0.04056992228112987,0.042799150177097414,0.047606310560196353,0.053696354110204944,
0.00447293659131098,0.011554859393015015,0.01907963411840802,0.02558057663259177,0.03283501823075964,0.03676933443829123,0.04028813476224978,0.04322855393293021,0.048218189456588616,
0.005311836841863034,0.013818468757309,0.022537083778545734,0.029264971321150583,0.037049623918554715,0.04190522595285621,0.04498671689979175,0.04935633171723303,0.05444924333820348,
0.005410355488844497,0.014261813740897772,0.02368526831396099,0.031126934504199063,0.03948912067928398,0.04571640439672289,0.04864098680439485,0.05210729853796505,0.0585492443974639,
0.004692626113920849,0.012341323662991694,0.02026344729093511,0.027090708440151427,0.034668562076544215,0.03950561823829723,0.04229689895487434,0.04533015684499079,0.04970361722854264,
0.00493775064082623,0.012940577703244303,0.020778350292140594,0.027046975660025875,0.034790519423983916,0.03953945511692247,0.04256476021782907,0.04571978561057806,0.04959805578667914,
0.004059233871022309,0.010556398736854674,0.01779313468350874,0.023576132116793595,0.03039235393143846,0.035742997254761814,0.03757256317665181,0.04131060194955428,0.04657364851646103,
0.0032217288582756694,0.009205550224147827,0.015508455221004741,0.02111451922931823,0.028666378388147628,0.03437827397816087,0.03642290944563575,0.04122282709353443,0.04604942428997689,
0.005337992300752489,0.01044825938487838,0.014906354737243513,0.017492300385069322,0.021106568037594652,0.02344284184092978,0.025038567063482564,0.02761690065673787,0.030849411072531613,
0.00571859888923909,0.013054519282024323,0.02050963751675611,0.02619630845662124,0.032830739074548684,0.037939969868120677,0.041281665388165585,0.04598379985411629,0.05185662382976108,
0.004439127964309215,0.013722969958402923,0.023782439895707316,0.03228456944251589,0.04248139113098806,0.04980465942620074,0.05383663623005849,0.05820236139909492,0.06437855747291905,
0.006004057895981306,0.01753344363644677,0.02945310847740708,0.041018233210427746,0.05674671481777968,0.06975912383203588,0.07878806625978885,0.09382032854134377,0.1184834212791858,
0.004743360017482256,0.01299406580655807,0.022000006442178983,0.029667470937971206,0.038286464084352635,0.04406628186533269,0.04783053868336659,0.05174868503407941,0.05854188996070444,
0.004011286444183137,0.010931501119534313,0.017694784717031186,0.02364128280441458,0.030162075654371446,0.03412950834274029,0.036616571439000996,0.03948234549120278,0.04284604996715333,
0.0049779194001049465,0.012011263578637492,0.01900315781211193,0.02434683714705491,0.029984336647936437,0.033709712008312326,0.035732972004391954,0.039080951110132565,0.04315804333616699,
0.006020234600187257,0.014793357965464065,0.02339379728168778,0.029682385484179043,0.036880904396838214,0.041999014505255346,0.04468889313020038,0.05006491291077184,0.05596580176038865,
0.004854217885443991,0.013069275600117843,0.02135980682953335,0.027490990727846814,0.034417035696191825,0.038946100322004656,0.041662549038096436,0.045464630669225826,0.05011288299079108,
0.0038994188007643172,0.011547659549716347,0.018750012410958982,0.025036472687720565,0.03234992754415156,0.03744645405092762,0.03998430687589217,0.04336164910721873,0.047363109214951925,
0.005264884655706806,0.010907767335135895,0.0159452634751856,0.019644054207316575,0.023894588971514388,0.027510521648840082,0.03017970192023921,0.03403987509968433,0.038955649903893864,
0.004871256466232263,0.013268588708745829,0.022066624835789184,0.029156980044925757,0.038085031422852134,0.044442445291124094,0.04741856471123996,0.05237502276431327,0.058629033912090504,
0.005208111137312053,0.010960946197227685,0.016903106528048734,0.021012239343255964,0.025309488568500217,0.028177002700892892,0.02930673381399596,0.03286900454122322,0.03575500640567787,
0.004807680321293514,0.012684592022867331,0.02021423331013123,0.025972804877871222,0.0323829155595381,0.03660339629141027,0.03944512689778265,0.04295949061405678,0.04888154245178713,
0.003642312591349044,0.009660227630222762,0.01570164334966778,0.02240454443463565,0.030224906837142292,0.035540698878643424,0.039143530580199044,0.043782791019367474,0.050377284254759375,
0.003370576920322797,0.009827640266213274,0.017389495186072693,0.023308492128282853,0.031020030773931676,0.036671171761936766,0.039944939815991884,0.04284068320450449,0.048006463233734385,
0.005556592472556688,0.012253820569581249,0.019405193710541054,0.02455937248714482,0.03131786668446553,0.03670131099366495,0.03875139683358108,0.042807057247480844,0.049580986289664515,
0.0055940024507269035,0.014273501694034947,0.022916413123186267,0.03004527670191471,0.037507223278968035,0.04228321648606708,0.04592007833656816,0.04933749827731484,0.05429852160578096,
0.0055527321934878875,0.014316606410270155,0.02300951858324281,0.030400896758120844,0.03839446192811102,0.04353278174913732,0.04592505103059805,0.0493815041721829,0.05477547410446532,
0.005670081956914886,0.015048586992679063,0.024943363404743738,0.033034769780544086,0.04336729978801802,0.04998419670921772,0.05494653079613261,0.05896180450087846,0.06721988252729355,
0.004878681224073269,0.013545815423757246,0.022428504459934842,0.029908111223922642,0.038579362274518754,0.0449724823505123,0.049569293804908994,0.054542173347981254,0.062416463106188966,
0.005764012119179132,0.015013471158686382,0.023858734131930973,0.03119264953601675,0.03927321970350075,0.044457344613782375,0.04661709255434407,0.05066844652293758,0.05411851884064353,
0.005409872961500873,0.01524513580920496,0.02559170686362489,0.03375511138456177,0.042841743830783756,0.04810335952544637,0.05104870932167218,0.055134306172770244,0.061501735337577246,
0.00593958717717801,0.011920276667300929,0.016959196777555464,0.0206271779721045,0.024452042822075807,0.027400297170916816,0.02858268252257622,0.03186524786082368,0.03569859894878535,
0.0039550806860209585,0.01077526942853314,0.018794955587179155,0.024688847805496024,0.03239170149309069,0.038822261187132855,0.0415269609801673,0.04593783010063265,0.05013825774763525,
0.004935718645329208,0.014082584354761398,0.023877978547730102,0.03152468352081958,0.04000688401324781,0.04587949457030752,0.048948809760081334,0.05380724290995779,0.05995011320721038,
0.0054412492747975974,0.01494576620031792,0.0245625268316621,0.0320316100775474,0.039980769349090124,0.04480495402513592,0.04728641805674839,0.050633609102973196,0.05575463107594294,
0.0054064137808122045,0.013769267466386815,0.023246867706134832,0.030281868146222326,0.03960139048708389,0.04628990736170506,0.049994045451641156,0.05488143828666122,0.061560903623908265,
0.005393957929274735,0.014706617755827192,0.02372077636698573,0.030888273594107837,0.03909618290786963,0.04431859127020043,0.04669096447372175,0.049826844249930176,0.053865758290336345,
0.0051441451185186724,0.0145006093010369,0.02404380173143678,0.03303925100136592,0.04259799483897056,0.04995760973830528,0.05449748825893333,0.05951367545115243,0.06664142829832544,
0.005075342718567122,0.01395007534058435,0.02224000074796663,0.029140926970759085,0.03667045541562474,0.0410036381466937,0.04352991713612443,0.046393930472944184,0.050034359813537314,
0.004857999404453194,0.012922765699026948,0.021373957071809394,0.02787428577388574,0.03509240339139908,0.04020023056361878,0.042929235225723346,0.048248525789729185,0.05422573967311458,
0.006193218795692132,0.015849494175898867,0.025883388410135977,0.0337168929457401,0.0433994963107175,0.04918319572396345,0.05258344951262623,0.05697174754361824,0.06178492513448664,
0.00495820077936027,0.013046570381962287,0.020627685484819466,0.02770133152620868,0.03571196689768962,0.04152436497821991,0.045021510777665696,0.048656081674602086,0.053594292333087,
0.005115254246486967,0.012053863071523964,0.018297084304761225,0.022915603740814076,0.027550017774579647,0.031058555111692317,0.033562455161736934,0.03709492665794966,0.04128078028666559,
0.0060534835716328115,0.01585485891218252,0.025524817967128976,0.033665420246214335,0.043307452002538945,0.05058729505540959,0.05511796616327326,0.061349437407482534,0.06894794278119759,
0.0037388830688365143,0.011084020368453983,0.01896702166474302,0.025673800455240425,0.033281099426523915,0.03810787986844897,0.0408604091873309,0.044032179837108075,0.048638989707726864,
0.0059360199368296085,0.015206780557335263,0.024522002024028357,0.03207080325989585,0.04075118964218084,0.046622434089105866,0.04920396199582076,0.05329428271865991,0.05841725928264493,
0.006039086168937332,0.014063584834729711,0.02145065152368542,0.02733953506204433,0.03386735996121806,0.038283445904145445,0.0413190580673426,0.045192808555552404,0.05028169128049653,
0.004342236017872326,0.012340674448352525,0.020680197890166906,0.027364366230278502,0.03517677291175547,0.0397621278339276,0.042459677068096814,0.04547229651439454,0.04997623152359489,
0.0062614615896552026,0.015338499074906297,0.024209830357287698,0.031230677949423004,0.03916257020680957,0.04416208422130377,0.048391800014098686,0.051993285679696875,0.05779491683896835,
0.005765116980301946,0.012810168861403048,0.019454982930849032,0.02473216726346191,0.03027656444122228,0.034000640123124065,0.03629320334080753,0.03927250871575528,0.04439692861796588,
0.005319486949227573,0.014336941236902307,0.02385060635931131,0.03165565604656073,0.040287167472001,0.04545502879620945,0.04876880140933978,0.05217691551969107,0.057314645187936115,
0.005353352991121497,0.011457381697707193,0.017003391824842454,0.020683555879182195,0.024621110832154836,0.02808584030765792,0.029564512203212736,0.032158924308970945,0.036477293918712156,
0.005031550123270053,0.014118464462445527,0.023608137804726766,0.030763125930836608,0.03884307455858558,0.04375674687183956,0.04624777507347346,0.04982340056156695,0.054976906700381994,
0.005044824328533148,0.0142827425163908,0.02365341655504327,0.03142473934231524,0.04020023145651895,0.04606625524271826,0.049483585981447406,0.05356919326764118,0.05985653129458714,
0.0059335419521136055,0.013921126956958428,0.022068120234550494,0.028589664787550536,0.03587723812484611,0.04091435569706007,0.04348757837023388,0.047447605435921955,0.05315639632125977,
0.004016794052920087,0.010569704825193364,0.017319663784522096,0.0232904414207999,0.031022748068417406,0.03592465887491948,0.038495072816442794,0.042463453250105906,0.04683903232458189,
0.005444045083399463,0.01360875546064796,0.022028274357988972,0.027913179030997878,0.03564570774130618,0.041143768682017044,0.0439368639388031,0.04767818345656935,0.052109145559097236,
0.005389321928727802,0.011705486221437434,0.017585436019251378,0.021775237409623675,0.026793330431650112,0.029938177738804257,0.03074804260634823,0.034173645139608515,0.03715171602237967,
0.005399563622606789,0.014386096730370907,0.023704937071761203,0.03135744428501796,0.04014653874213947,0.04605104236189919,0.04980219588306618,0.05358791199234326,0.06097992470496915,
0.004172617695936577,0.012836275914693402,0.021776433860267033,0.029042851396909018,0.038810186966513276,0.045245580356308615,0.0497761696755351,0.05449396674655946,0.06046190761031116,
0.005338704597131257,0.013567421334493174,0.022238392058111227,0.0290560177142014,0.036955383096313986,0.041937264386810016,0.045276600742367355,0.05046200078787573,0.05754987496498922,
0.004827420053089462,0.01262921875121212,0.020332639454615005,0.02611904157489403,0.03243437850859133,0.03656395732351744,0.03840144888624983,0.0417366034829998,0.04625733097872544,
0.0053409419898208235,0.014971675180907862,0.02517368196131436,0.03353790424442805,0.04236145907032264,0.04749376156220639,0.050722835313125374,0.05370282048955752,0.05828544868831643,
0.004410144809479559,0.009970415392688309,0.014710344432878436,0.017854774950907707,0.021149320486179724,0.023705202670164023,0.024766522295290812,0.02597643793062275,0.029869933312827137,
0.005501143894783116,0.014399157948706382,0.02303205865851154,0.02991726500631072,0.03791635375811921,0.04335238868862926,0.045004404198275706,0.05014914948373147,0.0554619931832691,
0.004443392567997877,0.013106849531397314,0.022314923910549074,0.02936788094968502,0.03806721281520142,0.04316306902771613,0.04624996656416516,0.05007984122100515,0.054781538402816736,
0.006740549538888444,0.0169098836919414,0.027307383974957446,0.03578304907701267,0.045320126610263536,0.05122870969324434,0.05421332568857932,0.058505841277649344,0.0637857434225759,
0.0038552103975416597,0.011122597679817912,0.01890460132076964,0.025906715214778015,0.034601614969054326,0.04075017638440635,0.043792889265839366,0.04890390913214187,0.05475408818402449,
0.005660592719313397,0.010518423790594865,0.014622356012982058,0.017175534097778784,0.01966104652594502,0.02154229585386938,0.02275772865797205,0.02373580514084554,0.024831146564784266,
0.004097693218103936,0.011951254295923457,0.020445434356860144,0.0272255286288363,0.035020412560217276,0.039505413510349634,0.04198380598793557,0.045507955275190554,0.050127868540256325,
0.005442231769463743,0.015104924375204219,0.02496082886235794,0.03260215999157579,0.0420907838075305,0.04723819324042466,0.049820304038504216,0.053479214216284106,0.05831500787962351,
0.00595617534270372,0.016686155283207542,0.02766090443898254,0.03682237139206946,0.04762380282194236,0.05431419954687041,0.058652276268592145,0.06397513320291022,0.07012795437809435,
0.0045869683073992825,0.013273679854125685,0.02269941224210233,0.030652322722481414,0.040068065523328665,0.04591312563449925,0.04923100187088252,0.05420928860693944,0.06087025582188408,
0.006090377448903062,0.010719119788919821,0.015759243380482207,0.01817786655904727,0.021144466137811756,0.022872062526148713,0.021013268213858707,0.02560064372271322,0.026744445647856493,
0.006996143348382171,0.015761568208283346,0.02386160321526831,0.03139623701018363,0.03978045592931202,0.04467042008061833,0.045383018782307424,0.05013223727334754,0.056189113083230116,
0.007443316564332075,0.016078533592824327,0.024320869509266464,0.030769774075291516,0.038288599664814585,0.0423235742859656,0.04620100900820141,0.04821600124716893,0.05153132920546221,
0.005780267898468309,0.014842624990137686,0.02418384837744131,0.03098586834918463,0.03922720369280664,0.044348638892567155,0.04738521126220397,0.051353429734302014,0.056448888026428876,
0.005131476297801659,0.010111177577790674,0.01445884465991133,0.01701265563591324,0.02000172262499156,0.024326315480444314,0.024342375906180495,0.027196431999459064,0.02837108135879021,
0.005195926953325456,0.01394234895258317,0.023021436439569117,0.030548243114897067,0.03990414693890364,0.04558894049103468,0.04831386723303799,0.05294875198479064,0.058747939370011465,
0.0043894384230841405,0.014124785307442848,0.02277749374337292,0.03007132981922417,0.03827877175485583,0.044887577224388554,0.045711557494371356,0.04955415266455269,0.054238639076586104,
0.006004144045388946,0.015010429722822533,0.024054204438042896,0.03145355514596444,0.03969670726955868,0.045833356236881215,0.04872362661687547,0.053063674578962765,0.05801495670688339,
