0.0124764,0.0294595,0.0375529,0.0486888,0.0600802,0.0620131,0.0632876,0.0655933,0.0655094,0.064568,0.0625468,0.060925,0.0489883,0.037172,0.0298501,0.0114452,
0.0177019,0.0303508,0.0350076,0.0400652,0.0694538,0.0857804,0.0953089,0.101634,0.101033,0.0940464,0.0844577,0.0689539,0.0414753,0.0359142,0.0308266,0.0162228,
0.0208288,0.028488,0.0308825,0.0352626,0.0470218,0.0516664,0.0548315,0.0575706,0.0575621,0.0550778,0.0516976,0.0471371,0.0359298,0.0320853,0.0301788,0.0232925,
0.0187677,0.0192276,0.0184623,0.0177296,0.0169347,0.0168074,0.0173548,0.0171487,0.0172619,0.0176243,0.0166455,0.0173102,0.018093,0.0195411,0.0200049,0.0197505,
0.0257892,0.0343369,0.0359897,0.040087,0.0460558,0.0463836,0.0480079,0.0492769,0.0491846,0.0474106,0.0458951,0.0445762,0.0383446,0.0342961,0.0326109,0.0239753,
0.0112128,0.0334627,0.0417191,0.0514204,0.0612334,0.0644737,0.0668198,0.0683709,0.0684092,0.0670608,0.0652678,0.0616842,0.0533408,0.0441705,0.0352679,0.0121348,
0.0227082,0.0314294,0.0348659,0.0405012,0.0533765,0.0590684,0.0632803,0.0670645,0.0669288,0.0631008,0.0586192,0.0528831,0.0399147,0.0341799,0.0306337,0.022212,
0.0221552,0.0303338,0.0328559,0.0371164,0.0454375,0.0485175,0.0510591,0.0530477,0.0528813,0.0507104,0.0479442,0.0446576,0.0364032,0.0324696,0.0293858,0.0210559,
0.0115262,0.0201598,0.0274363,0.0407701,0.0603503,0.0657855,0.0687238,0.0711692,0.071309,0.0693867,0.0665476,0.0615973,0.0421838,0.0284087,0.0205545,0.0116517,
0.021783,0.0280905,0.029424,0.0307017,0.0330029,0.0341852,0.0344438,0.0356417,0.0350951,0.0350381,0.0346413,0.0338386,0.0311164,0.0292248,0.0277246,0.0214675,
0.0174145,0.0307476,0.0349758,0.0419876,0.0529453,0.0559058,0.0579305,0.0595868,0.0591051,0.0576898,0.0561162,0.0532543,0.0421897,0.0351725,0.0306199,0.0172914,
0.0176439,0.0302159,0.0346882,0.0424765,0.0553506,0.0602881,0.0635766,0.0665076,0.0661634,0.0630493,0.0597032,0.0546049,0.0415109,0.0343677,0.0296778,0.0174246,
0.0151824,0.0184291,0.0214539,0.0291193,0.042179,0.048146,0.0522432,0.0555834,0.0560416,0.0532044,0.0497191,0.0443372,0.0303374,0.0220641,0.0188577,0.0148519,
0.0113352,0.0301799,0.0369967,0.04455,0.0522264,0.0557837,0.0584535,0.061162,0.061003,0.0590859,0.0564399,0.0531359,0.0458646,0.0379592,0.0310956,0.0125552,
0.0067035,0.0198283,0.029381,0.0465964,0.0630476,0.0672222,0.0702898,0.0719738,0.0718445,0.0706479,0.0680764,0.0639564,0.0460894,0.0288862,0.019259,0.0065964,
0.0001094,0.0060663,0.0140835,0.035003,0.0988785,0.0954657,0.0872768,0.0797142,0.0793664,0.0858957,0.092521,0.0948462,0.0398988,0.0129238,0.0052506,-0.0014535,
0.0009884,0.0113441,0.0224538,0.0585833,0.0929022,0.089261,0.0847072,0.0809694,0.0812081,0.0847057,0.0889647,0.0932289,0.0576042,0.0228083,0.0113274,0.0024132,
0.0148691,0.021488,0.0225148,0.0251057,0.0396425,0.0463803,0.0507066,0.0532763,0.0533951,0.0502474,0.046403,0.0394633,0.0250936,0.0228258,0.0213645,0.015165,
0.028213,0.0361681,0.0379504,0.0401659,0.0429485,0.0437651,0.0445458,0.0459082,0.0456458,0.0446748,0.0438757,0.042616,0.0396891,0.037733,0.035695,0.0286678,
0.0242319,0.0259345,0.0260971,0.0272127,0.030006,0.0315008,0.0324236,0.0338427,0.0339289,0.0326019,0.0310724,0.0297373,0.0277035,0.0267322,0.0262751,0.0241884,
0.0161257,0.0321224,0.0372845,0.0432122,0.0580572,0.0646046,0.069572,0.0739911,0.0737362,0.069202,0.0644548,0.0578679,0.0428534,0.037996,0.0341504,0.0167925,
0.0163292,0.0257876,0.0304693,0.0395879,0.0659428,0.0747206,0.0799965,0.0838746,0.0835952,0.0794027,0.0741499,0.0651015,0.0380471,0.028356,0.024204,0.0151756,
0.0252614,0.0225975,0.0205953,0.0176732,0.0152186,0.0154226,0.0157916,0.0163249,0.0166869,0.0156411,0.0153837,0.0152982,0.017635,0.020299,0.0223266,0.0255128,
0.0111527,0.0263968,0.0317265,0.0371422,0.0439104,0.0461452,0.0486182,0.0505009,0.0505543,0.0485093,0.0463368,0.0437487,0.036853,0.0319406,0.0261375,0.0123759,
0.0177363,0.030737,0.0345956,0.0430718,0.0625489,0.0692557,0.0732052,0.0766655,0.0768905,0.0740985,0.0698275,0.0635682,0.0439488,0.0355743,0.03142,0.0189345,
0.0156462,0.0296787,0.0361191,0.044043,0.0552236,0.0584407,0.0608639,0.0626973,0.0623759,0.0601179,0.0577053,0.0547647,0.0436047,0.035669,0.029681,0.01379,
0.0334716,0.041758,0.0431474,0.0441751,0.0452693,0.0466932,0.0479548,0.0479925,0.0486818,0.0475916,0.0466383,0.0451027,0.044368,0.0432678,0.0418854,0.0334125,
0.0102476,0.0299284,0.039439,0.0489189,0.0571391,0.0599492,0.0621712,0.0638863,0.0633218,0.0614045,0.0595394,0.0562708,0.0475591,0.0381748,0.0285741,0.0108632,
0.0221893,0.0298961,0.0341119,0.0433076,0.0625588,0.0684345,0.0719211,0.0748715,0.074852,0.0725407,0.0692354,0.0632633,0.0441257,0.0353971,0.0308311,0.023731,
0.0273006,0.0442052,0.0486992,0.0553722,0.0641046,0.0668676,0.0692163,0.0710675,0.0709955,0.0687939,0.0665559,0.0639548,0.0549202,0.0481456,0.0434371,0.0272419,
0.0162727,0.0231307,0.0264673,0.0357387,0.0598817,0.0682616,0.0731075,0.0767278,0.0768056,0.0728502,0.067824,0.0597643,0.035801,0.0267217,0.0228914,0.0172243,
0.0203769,0.0215257,0.0234426,0.0324589,0.0510011,0.057275,0.0612407,0.0641192,0.0638295,0.0610188,0.0572179,0.0510979,0.0317591,0.0225169,0.0202505,0.0189915,
0.0342532,0.052356,0.0563872,0.0589489,0.0588329,0.0594238,0.0601266,0.0615908,0.0611883,0.0605453,0.0594216,0.0583737,0.0578246,0.0554093,0.0515681,0.0347377,
0.0266502,0.0276918,0.0260935,0.0241662,0.024258,0.0253534,0.0259389,0.0270672,0.0268573,0.0258065,0.0257534,0.0246052,0.0241084,0.0251876,0.0263717,0.0243238,
0.0068303,0.0227954,0.0387943,0.0593175,0.0728454,0.0710689,0.0699309,0.0684634,0.0683661,0.0706221,0.071922,0.0731443,0.0581178,0.038462,0.0255526,0.0046826,
0.0126827,0.0311742,0.0391035,0.0476746,0.0555765,0.0588382,0.0615395,0.0642428,0.063955,0.0616412,0.0587412,0.0558322,0.0492673,0.0398032,0.0306455,0.0149831,
0.0234446,0.0326906,0.0364063,0.0418209,0.0521063,0.0566236,0.0598821,0.0624061,0.0623778,0.0595104,0.0559406,0.0512823,0.0415803,0.0367587,0.0334686,0.0244658,
0.0047466,0.0194345,0.0297831,0.046381,0.058108,0.0629478,0.0679711,0.0719291,0.0716923,0.0673961,0.062174,0.0569868,0.0466972,0.0299077,0.0192775,0.0041201,
0.0101912,0.027029,0.0346393,0.0432556,0.0602562,0.0690942,0.0756523,0.0807049,0.0804441,0.0753198,0.0693361,0.0607969,0.04466,0.0362255,0.0283327,0.0095222,
0.0207232,0.0193488,0.0201413,0.0234311,0.0514436,0.0635982,0.0706403,0.0760145,0.075967,0.0708305,0.0633632,0.0507597,0.0232457,0.0192743,0.0186258,0.0194603,
0.0177893,0.0238861,0.0274052,0.0343874,0.0630094,0.0735585,0.0797665,0.0848261,0.0853408,0.0808277,0.0746297,0.0639925,0.034288,0.0281121,0.0249805,0.0180033,
0.0161459,0.0324053,0.0379189,0.0416985,0.0403002,0.0401883,0.0405799,0.0413765,0.0415452,0.0406344,0.0399196,0.0396418,0.0406507,0.036657,0.0314539,0.0141449,
0.0050402,0.0036642,0.0111451,0.0334593,0.0933002,0.0960979,0.0951303,0.0956813,0.096325,0.0969743,0.0992047,0.0971529,0.0359235,0.0120263,0.0074082,0.0017692,
0.0220852,0.027518,0.0298246,0.0354811,0.0512663,0.0569149,0.0608217,0.0636107,0.0632835,0.0608128,0.0571359,0.0518199,0.0358275,0.0308404,0.0277272,0.0223079,
0.0193688,0.0283719,0.0312736,0.0365076,0.0476771,0.0521243,0.0552624,0.0577773,0.0578068,0.0551171,0.0520044,0.0478951,0.0368457,0.0314537,0.0284718,0.0193392,
0.0218714,0.0359996,0.0422804,0.0500945,0.0640122,0.0699396,0.0741756,0.0779024,0.0777883,0.0739877,0.0697825,0.0637221,0.0496168,0.041825,0.0362724,0.0224274,
0.0271879,0.0344526,0.0358072,0.0379939,0.0415321,0.0435315,0.0445977,0.0458425,0.0456083,0.0447571,0.0435209,0.0418093,0.0387901,0.0373768,0.0360303,0.0295007,
0.0203303,0.0319637,0.0363972,0.0448206,0.0660993,0.0741294,0.0799237,0.0848129,0.0848178,0.0801858,0.0742854,0.066083,0.0438907,0.0349556,0.030264,0.0198778,
0.0242194,0.0328475,0.0352108,0.0379073,0.0415461,0.0436993,0.0446597,0.0457768,0.0459627,0.0447778,0.0436236,0.041692,0.0377286,0.035265,0.0331316,0.024789,
0.0217591,0.034324,0.0385492,0.0479259,0.0706649,0.0791744,0.0836761,0.0870197,0.0865741,0.0835864,0.0795946,0.071825,0.0483596,0.0376923,0.0343251,0.0198117,
0.0331798,0.0435783,0.0463676,0.0494531,0.0544412,0.0557072,0.0569304,0.0588072,0.0583595,0.0575383,0.0561307,0.0539204,0.0503937,0.0475836,0.0447239,0.034658,
0.0174663,0.0282403,0.0330083,0.0415886,0.0564433,0.0617503,0.0649667,0.0678607,0.0675737,0.0644895,0.0605999,0.0554856,0.0406461,0.0322055,0.0268422,0.0172656,
0.0199661,0.0333917,0.0350837,0.0391079,0.0686402,0.0824131,0.0899106,0.0940914,0.0951967,0.0910942,0.0840174,0.0689127,0.0378477,0.0341302,0.0319567,0.0196776,
0.0079005,0.0266154,0.0338286,0.0400448,0.0518608,0.0583849,0.0634386,0.0671496,0.0671256,0.0631726,0.0582213,0.0516364,0.040268,0.0346923,0.0265419,0.0104024,
0.0028951,0.0225247,0.0373657,0.0651114,0.0849652,0.0833922,0.0825422,0.0836709,0.0836185,0.0821236,0.0826217,0.0836228,0.064511,0.0371396,0.022685,0.0058524,
0.0339731,0.0396644,0.0399856,0.0390634,0.0395625,0.0405797,0.0413379,0.0422365,0.0415829,0.0415255,0.0407031,0.0394041,0.0393296,0.0391215,0.0388831,0.0329726,
0.0270054,0.026785,0.0253845,0.0234505,0.0225686,0.0229231,0.0235891,0.0241102,0.0237015,0.0232543,0.0231039,0.0224323,0.0233928,0.0255988,0.0265805,0.0271726,
0.0255088,0.0253596,0.024899,0.0244524,0.0262735,0.0276712,0.0280761,0.0285393,0.0285635,0.0275831,0.0268274,0.0265251,0.0245034,0.0247834,0.0263979,0.0270776,
0.0237692,0.0325798,0.0362808,0.0435728,0.0574444,0.0594656,0.059631,0.0587449,0.0580014,0.0578311,0.0573612,0.0552696,0.0425376,0.0351888,0.0317555,0.0235984,
0.0296325,0.047745,0.0526301,0.0562613,0.0625309,0.066265,0.0687679,0.0700586,0.0699538,0.0679885,0.0658152,0.0617282,0.0538208,0.0495051,0.0441926,0.0260469,
0.020942,0.0308506,0.033811,0.0381605,0.0434024,0.0452999,0.0474978,0.0484199,0.0488899,0.0476628,0.0460025,0.0436898,0.0383981,0.0345699,0.0314805,0.0219753,
0.0270259,0.0406001,0.0440432,0.0503999,0.0672968,0.0744978,0.0786177,0.0826143,0.0821883,0.0785234,0.0734899,0.0668827,0.0516758,0.0452766,0.0420594,0.028372,
0.0193703,0.0383858,0.0430545,0.0496107,0.0740085,0.0831779,0.0880347,0.090989,0.0911608,0.088566,0.0843626,0.075432,0.0516897,0.0450481,0.0404323,0.0224027,
0.0157885,0.0166213,0.0183493,0.0264265,0.0567043,0.0669737,0.0730483,0.0776847,0.0771215,0.0732222,0.0685804,0.0589828,0.0278042,0.0194116,0.0183839,0.0163743,
0.0156916,0.0300826,0.0355838,0.0396465,0.0489716,0.0583352,0.0659136,0.0725924,0.0726429,0.0659974,0.0587971,0.0494922,0.0410175,0.0361327,0.0297939,0.0138504,
0.0159661,0.0312982,0.0407023,0.0549997,0.0638318,0.0641436,0.0647532,0.0656918,0.0653083,0.0643784,0.0635487,0.0632781,0.0547889,0.0408217,0.0312091,0.0156561,
-7.9e-06,0.009717,0.0180648,0.0426279,0.0599948,0.0613237,0.0631277,0.065021,0.064744,0.062631,0.060805,0.0595806,0.0426769,0.0194305,0.0105804,0.0030691,
0.022154,0.0300211,0.0350171,0.043325,0.053057,0.0552811,0.0566797,0.0577173,0.0580521,0.0566899,0.0555399,0.0537124,0.0441864,0.0357019,0.0313173,0.0235407,
0.032466,0.0477299,0.051411,0.0570363,0.0655743,0.0685771,0.0706643,0.0731717,0.0729815,0.0707175,0.0686606,0.065372,0.057196,0.0516827,0.0476808,0.0333303,
0.0227686,0.0326421,0.0371344,0.0441216,0.0755284,0.0903817,0.0998043,0.1067711,0.1066569,0.0994548,0.0905034,0.0763277,0.0461123,0.0398064,0.0340528,0.0224023,
0.018733,0.0390913,0.0483132,0.0600351,0.0854612,0.1015378,0.1135392,0.1233475,0.1235556,0.1138747,0.1023394,0.0861245,0.0599521,0.048682,0.0395329,0.0170405,
0.0217256,0.0276682,0.0315535,0.0378909,0.0498168,0.0541462,0.0569333,0.0595685,0.0600514,0.0577348,0.0551912,0.0509279,0.0393726,0.0326214,0.0285274,0.022185,
0.0220833,0.0274089,0.0286707,0.0299823,0.0325134,0.0340421,0.0355181,0.0364659,0.0363934,0.0353757,0.0340082,0.0326778,0.0295057,0.0283751,0.0272457,0.0229687,
0.020234,0.034411,0.0402071,0.0487321,0.0575707,0.0605944,0.0629796,0.0655265,0.0658139,0.0630253,0.0616631,0.0596612,0.0501665,0.0412299,0.0350797,0.0209532,
0.0213927,0.0342498,0.037724,0.0478863,0.0720862,0.08132,0.0871764,0.0924826,0.0928975,0.0880482,0.0819461,0.0733304,0.0484729,0.0386899,0.0332205,0.0224919,
0.0085755,0.02836,0.0393031,0.0516957,0.0594481,0.0602523,0.061206,0.0621316,0.062372,0.0615473,0.0613335,0.0609457,0.0532534,0.0400923,0.0290374,0.0082604,
0.0171976,0.0380765,0.0494115,0.0670885,0.0866716,0.0895382,0.0908198,0.0925153,0.0935649,0.0935483,0.0925111,0.0898704,0.0701425,0.0513294,0.0388469,0.0161625,
0.0122292,0.0239435,0.0311449,0.0438303,0.0598623,0.0664172,0.0704464,0.0731944,0.0726761,0.0691921,0.0642578,0.0565675,0.0399598,0.0282871,0.0218566,0.0116698,
0.0080449,0.0212198,0.0286524,0.0360674,0.0487443,0.0534886,0.0574851,0.0606877,0.060663,0.0574503,0.0537927,0.0488685,0.0352646,0.0274242,0.0198148,0.0064716,
0.0034751,0.0180196,0.0343557,0.0674445,0.0935726,0.0932134,0.0932682,0.0944927,0.0936399,0.0924759,0.0922369,0.0926815,0.067137,0.033414,0.018408,0.0047766,
0.0235789,0.0227893,0.0228034,0.0230876,0.0230701,0.0234649,0.0240361,0.0245159,0.0245203,0.0240042,0.0232988,0.0226861,0.0227272,0.0226153,0.0228624,0.0238191,
0.021923,0.0332457,0.0384751,0.0470591,0.0633259,0.0699128,0.0746695,0.0783649,0.0783294,0.0745825,0.0701705,0.0636576,0.0470337,0.0383073,0.0330153,0.0223999,
0.0145938,0.0339911,0.0408824,0.0502096,0.0692807,0.0775909,0.0830275,0.0873774,0.0874365,0.08313,0.0777133,0.0699237,0.0495085,0.0407636,0.0332397,0.0149324,
0.0057723,0.0220248,0.0324471,0.050624,0.0751835,0.0826549,0.088341,0.0937132,0.0931343,0.0866594,0.0806283,0.0730566,0.0492258,0.0315756,0.021115,0.0067012,
0.0179654,0.0228714,0.0282771,0.0387156,0.0524728,0.0545411,0.0557515,0.0568829,0.0567126,0.0561898,0.0549835,0.0527387,0.0384493,0.0274214,0.0219003,0.0173909,
0.0220183,0.0341334,0.0396972,0.0485962,0.0605066,0.0639606,0.0659799,0.0674585,0.0680257,0.0662114,0.0641684,0.0608128,0.0491588,0.0409403,0.0353412,0.0230334,
0.0196421,0.026451,0.0301183,0.038315,0.0563188,0.0624919,0.0664792,0.0696915,0.0697599,0.066215,0.0618775,0.0564081,0.0382423,0.030056,0.0259692,0.0194024,
0.0156673,0.0310865,0.0363139,0.0445274,0.060875,0.0656425,0.0682728,0.0698726,0.0699895,0.0686386,0.0662541,0.0618622,0.0454046,0.0371073,0.0315988,0.0164554,
0.0081665,0.0228753,0.0293997,0.0394812,0.0617186,0.0713559,0.0772628,0.0817726,0.0818705,0.077247,0.0714296,0.0618678,0.0386377,0.0304523,0.0241026,0.0089581,
0.0100329,0.0246684,0.0324033,0.0417402,0.0518436,0.0546233,0.0567949,0.0590169,0.0586692,0.0564202,0.0537273,0.0510081,0.0414109,0.0306146,0.0226621,0.0069102,
0.0157611,0.0387256,0.0458129,0.0547502,0.071738,0.0796374,0.0855948,0.0906963,0.0904882,0.0848514,0.0786404,0.0704334,0.0545847,0.0462929,0.0396758,0.0165433,
0.0185361,0.0259914,0.0289772,0.0334869,0.0665393,0.0836878,0.0937478,0.1002611,0.1004041,0.0936869,0.0840612,0.0669924,0.0349821,0.0304763,0.0290177,0.0184882,
0.0187661,0.0239464,0.0263838,0.0313319,0.0444233,0.0500339,0.0539011,0.0570824,0.057418,0.0542949,0.050547,0.0455742,0.0324473,0.027233,0.0245637,0.0191898,
0.0246541,0.0299326,0.0314668,0.0338561,0.0405439,0.0434136,0.0451373,0.0468316,0.0469419,0.0453324,0.0434293,0.0409862,0.0347507,0.0323269,0.030439,0.0248494,
0.0168768,0.035861,0.0404575,0.0467239,0.0619176,0.0672124,0.0701627,0.0715691,0.0717183,0.0696996,0.0670753,0.0620061,0.0470377,0.0396833,0.0349427,0.0156427,
0.021847,0.0279564,0.0305854,0.0347284,0.0415536,0.0437045,0.0455929,0.0473045,0.0476552,0.046617,0.045059,0.0426579,0.0358481,0.0315087,0.0283093,0.0217439,
0.0226245,0.0363832,0.0424428,0.0499507,0.0628277,0.0672133,0.0711411,0.0748467,0.0748447,0.0715625,0.068304,0.0636547,0.0513985,0.0435112,0.0383784,0.0230095,
0.0194806,0.033279,0.0379941,0.0456826,0.0654828,0.0730974,0.0780458,0.081651,0.081761,0.0778095,0.0727412,0.0651794,0.045528,0.0383074,0.0337743,0.0194009,
0.0176852,0.0362455,0.0428326,0.0508117,0.0608323,0.0644296,0.0663125,0.0683454,0.0681427,0.066326,0.0638018,0.0602629,0.0502483,0.0421548,0.0358549,0.0181865,
0.0215398,0.0321498,0.035094,0.0391827,0.0448241,0.0463591,0.0479977,0.0490157,0.0490485,0.047421,0.045938,0.0438964,0.0373297,0.0336998,0.0304521,0.019744,
0.0063831,0.0208145,0.0333137,0.0527707,0.0628948,0.0702257,0.0786479,0.0877678,0.0879445,0.0793412,0.0715066,0.0650574,0.0558359,0.0343285,0.0209702,0.0058127,
0.0214003,0.0456186,0.0533702,0.0635777,0.0737072,0.0773613,0.0800092,0.0827156,0.0824221,0.0799372,0.0767113,0.0723422,0.0622417,0.0529944,0.0444368,0.0227938,
0.0237897,0.0318566,0.0334285,0.0339731,0.0346922,0.0348087,0.0359637,0.0367999,0.0364843,0.0355435,0.0350336,0.0347612,0.0341097,0.0338782,0.0324279,0.0249568,
0.0234437,0.0373201,0.0413269,0.0483979,0.0616107,0.066725,0.0707137,0.0738982,0.0740219,0.0700168,0.0660962,0.0606908,0.0480313,0.0407871,0.036219,0.0236747,
0.0237811,0.0281435,0.0293354,0.0300258,0.0314099,0.0318091,0.0331007,0.0335604,0.0333599,0.0331838,0.0322785,0.0312692,0.0300789,0.0289926,0.0279857,0.0240871,
0.020358,0.033007,0.0363911,0.0405451,0.0460248,0.0473662,0.0479887,0.0493083,0.0494471,0.0484092,0.0473584,0.0460553,0.0409896,0.0371545,0.0336624,0.0221969,
0.0311805,0.0553618,0.0625603,0.074116,0.1001231,0.1120551,0.1205476,0.1277021,0.1276199,0.1203672,0.1123029,0.0996322,0.0726551,0.0606193,0.05319,0.0311592,
0.0281785,0.0243443,0.0274243,0.0467649,0.0797047,0.0804404,0.0801281,0.080569,0.0811135,0.0815361,0.0827185,0.0827593,0.0466701,0.0305812,0.0247674,0.0195765,
0.019466,0.0268208,0.0284596,0.0303053,0.0317172,0.0320315,0.0328405,0.0331418,0.0332971,0.0328438,0.0319504,0.0313767,0.0299006,0.0281233,0.0260906,0.0193607,
0.0185892,0.0204134,0.0246158,0.0356048,0.0625891,0.0718309,0.0790148,0.0842667,0.0850782,0.0796022,0.0727638,0.0628942,0.0348868,0.023603,0.0192613,0.0170533,
0.0274839,0.0464171,0.0513902,0.0558338,0.0595232,0.0609937,0.0628062,0.0642894,0.0640724,0.062867,0.0610361,0.0592173,0.0549671,0.0503558,0.0458679,0.0282283,
0.025976,0.022843,0.0217696,0.0200406,0.0173521,0.0172987,0.0183904,0.0185059,0.018219,0.0179907,0.017647,0.0172047,0.0202057,0.021372,0.0223749,0.0258158,
0.0141949,0.041643,0.0534966,0.0654617,0.0742624,0.0785243,0.0817758,0.0839815,0.0835599,0.0811398,0.0783407,0.074319,0.066268,0.054553,0.0428117,0.0134892,
0.025274,0.0364424,0.0392485,0.0469435,0.0650321,0.0692615,0.0713269,0.0721968,0.0723149,0.0714238,0.0698266,0.0655991,0.0460921,0.0385572,0.03565,0.0245342,
0.0227546,0.0315884,0.0385821,0.0532929,0.0793457,0.0854466,0.0887728,0.0909902,0.0910119,0.0884031,0.0849613,0.0780865,0.051384,0.0365661,0.0300811,0.0207461,
0.0239863,0.0326736,0.0365523,0.0424704,0.0545417,0.0581295,0.0606024,0.0623177,0.0622384,0.0603563,0.0579465,0.0544056,0.0438471,0.0375912,0.0342934,0.024601,
0.0232648,0.0326766,0.0372553,0.0459863,0.0612587,0.067103,0.0709402,0.0741155,0.0739858,0.0705735,0.0665518,0.0608478,0.0450378,0.0363143,0.0317353,0.0223409,
0.0219457,0.036018,0.0408306,0.0470314,0.0560745,0.0594871,0.062516,0.0643949,0.064106,0.0621707,0.0589055,0.0552936,0.0462136,0.0410835,0.0365004,0.0222699,
0.0232002,0.0249939,0.0265418,0.0308322,0.0420277,0.0461491,0.0484817,0.0503758,0.0500823,0.0478456,0.0450672,0.0415144,0.0309746,0.026772,0.0252551,0.0234101,
0.0264858,0.0360178,0.0376376,0.0387823,0.0407889,0.0415888,0.0425715,0.0434702,0.0431772,0.0423619,0.0411921,0.040219,0.0377953,0.0362218,0.0344018,0.0256291,
0.0198634,0.0336996,0.0379023,0.0418945,0.0485218,0.0507725,0.0529087,0.0541473,0.0543256,0.0530623,0.0510481,0.0488269,0.0435921,0.0401083,0.0356798,0.0208809,
0.0256125,0.0322286,0.0337504,0.03554,0.0387241,0.040082,0.0411617,0.0415427,0.041831,0.0408858,0.039709,0.0381364,0.0350061,0.0331311,0.0318051,0.0253977,
0.0220257,0.0340699,0.0407473,0.0534682,0.0760148,0.0812311,0.083564,0.0853566,0.085386,0.0837087,0.0809282,0.075801,0.0515371,0.0381759,0.0318685,0.0209923,
0.024083,0.0421218,0.0457176,0.0462914,0.0437151,0.0438559,0.0446499,0.04585,0.0458919,0.0444928,0.0434167,0.0431169,0.0459795,0.0457147,0.0426662,0.0247856,
0.0212204,0.0313697,0.0373053,0.0478341,0.0676149,0.0739607,0.077639,0.080897,0.0805384,0.0777572,0.074123,0.0675005,0.0472899,0.0371796,0.0322894,0.0217113,
0.0204176,0.0380105,0.0456201,0.0569154,0.0703832,0.0752019,0.0796418,0.0831078,0.0839223,0.0809095,0.0772369,0.0725814,0.0564466,0.0448437,0.0371554,0.0194884,
0.0238876,0.0307539,0.0339849,0.0442709,0.0643664,0.0710863,0.0754332,0.0792675,0.078928,0.075079,0.0704769,0.0643169,0.0440827,0.0346791,0.0293385,0.0244649,
0.0018048,0.0104342,0.0249203,0.0536715,0.0845072,0.0844389,0.0860178,0.0886378,0.0883248,0.0864597,0.0849875,0.0853616,0.0553758,0.0234573,0.010971,0.0028388,
0.0169376,0.0307179,0.0355726,0.0414687,0.0541025,0.0601327,0.0634534,0.0660185,0.065955,0.0626184,0.0588261,0.0532709,0.0410616,0.0358599,0.0308824,0.017017,
0.0234697,0.0319193,0.0346896,0.0386152,0.0453906,0.0475476,0.0491409,0.0503316,0.0504064,0.0491533,0.0477515,0.0454284,0.039239,0.0351169,0.0323641,0.023987,
0.0164954,0.0358437,0.0435193,0.0532186,0.0591971,0.061023,0.0633239,0.0648977,0.0651261,0.0629694,0.0609891,0.0587802,0.0522905,0.042865,0.0356245,0.0174574,
0.0235744,0.0286602,0.0308587,0.0353461,0.0429226,0.0460137,0.0484981,0.050442,0.0506777,0.0487964,0.0467591,0.0438164,0.0356427,0.0302365,0.0274865,0.0222696,
0.0172889,0.0211552,0.0255273,0.0346632,0.0475207,0.0513875,0.0537128,0.0555511,0.0553995,0.0533276,0.0505919,0.0469299,0.0344333,0.0259482,0.0214992,0.0174113,
0.0225539,0.0354599,0.042618,0.0538212,0.0659281,0.0687018,0.0707397,0.0722502,0.0721986,0.0706562,0.0688777,0.0665023,0.0548933,0.0435239,0.0367827,0.0240967,
0.0212841,0.0330446,0.0358286,0.0384361,0.0427055,0.0443051,0.0459983,0.0471289,0.0465545,0.0452856,0.0443697,0.0423231,0.0373419,0.0350834,0.0324846,0.0214112,
0.0175234,0.0290495,0.0336499,0.0400924,0.0513559,0.0560032,0.0597914,0.0624787,0.0627735,0.0603763,0.0575494,0.053337,0.0422553,0.0359429,0.0307172,0.0173091,
0.0099941,0.0333103,0.0493187,0.0779857,0.097567,0.09358,0.0931059,0.093885,0.0937687,0.092372,0.0923512,0.0955763,0.0759871,0.0463274,0.0307488,0.0086066,
0.0166452,0.0322877,0.0388547,0.0462153,0.0589271,0.0690382,0.0769211,0.0833399,0.0834135,0.0770416,0.0689586,0.0582395,0.0459685,0.0386212,0.0323397,0.0178617,
0.0078668,0.0275737,0.0375255,0.0514082,0.078158,0.0885985,0.0949376,0.1000999,0.1002153,0.0952049,0.0888131,0.07865,0.0525816,0.0378266,0.0273326,0.0081692,
0.0229869,0.0305945,0.0339101,0.0384709,0.0441882,0.0456106,0.0468996,0.0477579,0.0478406,0.0470261,0.0457618,0.0442488,0.0385604,0.0339103,0.030556,0.0222604,
0.0185333,0.0381134,0.0454923,0.0535014,0.0539467,0.0527467,0.0519948,0.0516995,0.0513865,0.0512192,0.0512426,0.0514708,0.0509123,0.0431024,0.0359633,0.0184445,
0.0244212,0.0241454,0.0244827,0.0251287,0.0260701,0.0268219,0.0272171,0.0279959,0.0280157,0.0273813,0.0267818,0.0261628,0.0248844,0.0247734,0.0243184,0.0243514,
0.0131601,0.0299219,0.0340014,0.0360992,0.0528359,0.0621604,0.0672121,0.0697048,0.0695885,0.0667514,0.0619438,0.0525008,0.0356662,0.0338857,0.0298953,0.0127689,
0.0198434,0.0310256,0.033943,0.0365926,0.0392036,0.0404842,0.04121,0.0423231,0.0420684,0.0414405,0.0406611,0.0399046,0.0378032,0.0347762,0.0318671,0.020433,
0.0229964,0.0366723,0.0397409,0.0454694,0.0589064,0.0638125,0.0670961,0.0698072,0.0696539,0.067072,0.0636777,0.0588138,0.0456485,0.0399739,0.0374683,0.0221287,
0.0247442,0.0352847,0.0389175,0.0447942,0.0586561,0.064892,0.0696107,0.0737523,0.0738368,0.0700931,0.0654256,0.059133,0.0443919,0.0379011,0.0339566,0.0244152,
0.0324777,0.04325,0.0446337,0.0451248,0.0445158,0.0448812,0.0454012,0.0459066,0.0459157,0.0454648,0.0447512,0.0443227,0.0447829,0.0441957,0.0425748,0.0311743,
0.0190321,0.0314175,0.03773,0.0484296,0.0648434,0.069494,0.0729791,0.0757425,0.075608,0.07273,0.0693693,0.0644253,0.047097,0.0373074,0.0311001,0.0180122,
0.0370767,0.0340382,0.0380827,0.0463079,0.0697365,0.0800777,0.0875246,0.0943769,0.0941721,0.087268,0.0795468,0.0691039,0.0455629,0.0371449,0.0330259,0.0343934,
0.0161752,0.0324085,0.0360478,0.0385415,0.0495087,0.0581854,0.0644227,0.0693245,0.0692395,0.0640699,0.0578353,0.0491227,0.0372218,0.0349571,0.0311683,0.0156372,
0.024162,0.0206677,0.0199317,0.0207255,0.0235198,0.0250452,0.0275002,0.029228,0.0297699,0.0280115,0.02577,0.023423,0.0203983,0.0199785,0.0202187,0.0233262,
0.018597,0.022916,0.0246547,0.0318948,0.0619261,0.0764508,0.0863423,0.09427,0.0943893,0.0865863,0.0770311,0.0628613,0.0324873,0.0252627,0.0236744,0.0190191,
0.0158243,0.0258802,0.0312646,0.0400786,0.062331,0.0712727,0.0766687,0.0805293,0.080709,0.0764588,0.0710718,0.0616736,0.0382771,0.0300816,0.0247553,0.0155267,
0.000719,0.006899,0.0133555,0.0376299,0.0744107,0.074041,0.0724828,0.0728328,0.0729136,0.0726936,0.0740683,0.0742064,0.0372963,0.0133694,0.0061236,0.0003444,
0.0102891,0.0272993,0.0358201,0.0489746,0.0590294,0.057221,0.0558871,0.0552663,0.0553647,0.0564434,0.0576825,0.059012,0.0489767,0.0358663,0.0274677,0.0107103,
0.0234437,0.0326025,0.0343961,0.0356556,0.0379819,0.0389791,0.0397302,0.0406234,0.0405214,0.0396416,0.0386338,0.0376004,0.0351921,0.0335237,0.0317369,0.0233425,
0.0207838,0.0286155,0.0302927,0.0335241,0.0426645,0.0454215,0.0467327,0.0481286,0.0480855,0.0468013,0.0449339,0.041944,0.0333447,0.0303391,0.0291284,0.0222343,
0.0289349,0.042982,0.0472143,0.0562273,0.0704818,0.075074,0.0785179,0.0812315,0.0811446,0.0782905,0.0754627,0.0707954,0.0570313,0.0495432,0.0454044,0.0299413,
0.0210002,0.0308254,0.0357865,0.0427832,0.0611576,0.069114,0.0747072,0.0794088,0.0795289,0.0747854,0.0691838,0.0614843,0.0443954,0.0365266,0.0322426,0.0217597,
0.0175884,0.0273932,0.0320026,0.0425135,0.069793,0.0792874,0.0855307,0.090156,0.0900453,0.0848515,0.0780126,0.0679208,0.0400573,0.0299583,0.0249967,0.0152744,
0.0169035,0.0300315,0.0346318,0.0409164,0.0522267,0.0569988,0.0604619,0.0642358,0.0641587,0.061004,0.0574222,0.0523754,0.0399691,0.0340706,0.02976,0.0162645,
0.0201371,0.0188826,0.0174821,0.0243379,0.0585942,0.0722411,0.0820477,0.0917985,0.0928128,0.0834939,0.0739357,0.0612589,0.0250477,0.0193063,0.0214542,0.0387869,
0.0214278,0.037271,0.0425689,0.0492011,0.0640413,0.0705603,0.0750874,0.0792283,0.079352,0.0754181,0.0705693,0.0640039,0.0489042,0.0419147,0.0368511,0.0218057,
0.0098257,0.0262112,0.0336657,0.0428197,0.0487261,0.0514967,0.0541038,0.0565641,0.0566378,0.0541026,0.0515814,0.0486476,0.0433778,0.0346711,0.0266228,0.0101182,
0.0274795,0.0219307,0.018737,0.014552,0.0116159,0.0112495,0.011712,0.0115677,0.0117636,0.0116731,0.011345,0.0112939,0.0151437,0.0191065,0.0222276,0.0281771,
0.0262096,0.0398341,0.045975,0.0550178,0.0695963,0.0741039,0.0772785,0.0802858,0.0805547,0.0775827,0.074499,0.0696972,0.0546962,0.0459226,0.0399987,0.0251279,
0.027886,0.035214,0.0344233,0.0320226,0.0303906,0.0313184,0.0321973,0.0325891,0.0324497,0.0318319,0.0312361,0.0307352,0.0321663,0.034116,0.0350423,0.0279761,
0.0035139,0.014156,0.0248669,0.0455449,0.0632155,0.0643413,0.0658776,0.0675176,0.0674142,0.0654436,0.0633804,0.0616734,0.0428659,0.0238195,0.0139401,0.0038695,
0.0185891,0.0325959,0.0381673,0.0485203,0.0685107,0.0741284,0.077735,0.0800808,0.079855,0.0777344,0.0742766,0.0676888,0.046553,0.037162,0.0313205,0.0176872,
0.0040579,0.0171313,0.0312736,0.0630091,0.0832014,0.0821424,0.0833584,0.0853524,0.0850774,0.0822017,0.0804195,0.0804016,0.0610114,0.0302422,0.0168,0.0046089,
0.0283019,0.0460218,0.0519954,0.0601326,0.0889431,0.1019307,0.1103005,0.116865,0.1170812,0.1094164,0.1002363,0.0876368,0.0602513,0.0518601,0.0473228,0.0318423,
0.0158716,0.026353,0.0317826,0.0430871,0.0635296,0.0702166,0.0744867,0.0777485,0.0777585,0.0741438,0.0698217,0.0628175,0.0421961,0.0312374,0.0262615,0.016242,
0.0047419,0.0144448,0.0255843,0.0500137,0.0708061,0.0681713,0.0667332,0.0664445,0.0667988,0.0675839,0.0694405,0.0724767,0.0506946,0.0253483,0.0139057,0.005231,
0.029852,0.0267785,0.0233701,0.0198849,0.0171966,0.0180552,0.0181795,0.0186652,0.0184671,0.0178159,0.0173603,0.0172126,0.0199789,0.0236656,0.0265702,0.0293393,
0.0250972,0.0305491,0.0323338,0.0355992,0.039615,0.0407787,0.0419288,0.0426788,0.0425928,0.0417847,0.0408296,0.0399054,0.0359567,0.032979,0.031227,0.0257305,
0.0251047,0.0387948,0.0461554,0.0575405,0.0697016,0.0727218,0.0750584,0.077377,0.0770378,0.0755017,0.07345,0.0699864,0.0559106,0.0457656,0.0383624,0.026546,
0.0215053,0.0248168,0.0269866,0.0331437,0.0509965,0.0567745,0.0600182,0.0623312,0.0624488,0.0602333,0.0571198,0.0515467,0.033828,0.0270473,0.0242558,0.021991,
0.0187014,0.0312237,0.0352568,0.0407381,0.0461243,0.0476562,0.0491489,0.050619,0.050362,0.0494093,0.0484247,0.0465713,0.041329,0.0363606,0.0316565,0.017652,
0.0130249,0.028734,0.0351531,0.0467794,0.0663821,0.0735152,0.0784892,0.0824749,0.0825065,0.0785132,0.0738766,0.0668656,0.0467533,0.0363442,0.0293903,0.012625,
0.0197789,0.0275878,0.0303613,0.0343806,0.0396754,0.0395836,0.0398015,0.0400557,0.040166,0.0393039,0.0387603,0.0382989,0.0325794,0.0290532,0.0266744,0.0193327,
0.0250341,0.0341865,0.0379653,0.0443002,0.0583544,0.0638033,0.0671437,0.0704209,0.0697432,0.0671024,0.0633779,0.0580814,0.0444882,0.0375017,0.0339521,0.0254846,
0.0172093,0.0353292,0.0408811,0.04573,0.0516025,0.0542709,0.0570988,0.0591054,0.0599742,0.0576637,0.0561208,0.0535218,0.0477862,0.0421619,0.0367944,0.0195056,
0.0007541,0.0057525,0.0116763,0.0344923,0.0771089,0.0801601,0.0781999,0.0751348,0.0752873,0.0781048,0.0797359,0.0760428,0.0345291,0.0134047,0.0052536,0.0020094,
0.0059623,0.0311465,0.0467391,0.0703904,0.0878453,0.0886306,0.08879,0.0896752,0.0888743,0.0862428,0.0848441,0.0833467,0.0665916,0.0429836,0.0292015,0.0075772,
0.020959,0.0260924,0.0290574,0.0358987,0.0509715,0.0554914,0.0584657,0.0607416,0.0606689,0.0583727,0.0553547,0.0507855,0.0362296,0.0297084,0.0269059,0.0219319,
0.0286064,0.0258196,0.023978,0.0225618,0.0233569,0.0243434,0.0249171,0.02552,0.0254144,0.0248035,0.0241631,0.0234117,0.0223364,0.0234729,0.0253444,0.0280267,
0.0225581,0.0138721,0.0115373,0.0097597,0.0084519,0.0085427,0.0093163,0.0087837,0.0091972,0.0086473,0.0089729,0.0083682,0.0093238,0.0115388,0.0140911,0.0232461,
0.0170377,0.0214451,0.029161,0.0463382,0.0760752,0.0858995,0.092423,0.0977069,0.0978484,0.0922326,0.0855507,0.0755295,0.0432239,0.0290498,0.0214653,0.0171043,
0.0175865,0.0164016,0.0199369,0.0322777,0.0555844,0.0625419,0.0664893,0.06943,0.0695873,0.0667853,0.0627597,0.0562294,0.0327158,0.0209745,0.0167131,0.0186023,
0.0224265,0.0285681,0.0319559,0.0381381,0.0497231,0.0535625,0.0557876,0.0572524,0.0572788,0.0556198,0.0532273,0.0497862,0.0378927,0.0313757,0.0278827,0.0224239,
0.0207588,0.0225576,0.0247852,0.0303033,0.0413789,0.0447997,0.0468292,0.0483928,0.0483899,0.0470445,0.0450833,0.0418909,0.0306217,0.0253887,0.0229022,0.0207273,
0.0127649,0.0413418,0.0551013,0.0712204,0.0832727,0.0872891,0.091736,0.0966592,0.0965957,0.0918306,0.0878096,0.08407,0.0734153,0.056355,0.0421425,0.0132519,
0.012232,0.0297214,0.0375562,0.0469248,0.0604458,0.0658327,0.0695789,0.0724471,0.0725905,0.0699946,0.066351,0.0607732,0.0474407,0.0379412,0.0305632,0.0129102,
0.0201919,0.033001,0.0392744,0.0489379,0.0708121,0.0794686,0.0853234,0.0902402,0.0904365,0.0857937,0.0798744,0.0711503,0.0491934,0.0391518,0.0340191,0.0211791,
0.003308,0.0172114,0.0321102,0.0573564,0.0652085,0.0694438,0.0742345,0.0793695,0.0795702,0.0745986,0.0698491,0.0654805,0.0568013,0.032162,0.0184719,0.0036133,
0.0213821,0.0284939,0.0309026,0.034759,0.0427084,0.0461314,0.0485804,0.0506713,0.0509089,0.0486524,0.0462802,0.0433079,0.0352409,0.0313385,0.0286752,0.0220363,
0.0283653,0.0380578,0.0391568,0.0395206,0.039347,0.0410022,0.0418068,0.0425022,0.0424178,0.0417571,0.0407864,0.0398436,0.0390537,0.038658,0.037551,0.0272682,
0.0154,0.0231453,0.0268248,0.0319372,0.0390307,0.0416113,0.0431409,0.0445506,0.0447641,0.0433491,0.0416455,0.0389412,0.032071,0.0268742,0.0232262,0.0159536,
0.0198052,0.0250296,0.0281511,0.0338332,0.0430326,0.0459012,0.0478247,0.0495852,0.0495851,0.0479538,0.0458733,0.0430629,0.0338396,0.0283988,0.0251712,0.0194492,
0.0155707,0.0223294,0.0231903,0.0269614,0.0467356,0.0590713,0.0682098,0.0759224,0.076031,0.0683686,0.0591609,0.0464697,0.0266231,0.0232177,0.0218644,0.0145692,
0.0205758,0.0270976,0.0302167,0.0344055,0.0420044,0.0445341,0.0464289,0.047835,0.0480972,0.046556,0.0446006,0.0420781,0.0344438,0.0303508,0.0274013,0.0208685,
0.0119255,0.0317249,0.0419231,0.0563971,0.0635092,0.0628893,0.0631954,0.0639519,0.0638896,0.0626467,0.062331,0.0624787,0.054823,0.0404474,0.0304582,0.0113416,
0.030248,0.040285,0.0450022,0.0549319,0.0772449,0.0842182,0.0887543,0.0923585,0.0918908,0.0880468,0.0836839,0.0769604,0.055465,0.0442796,0.0390013,0.0292876,
0.0238215,0.0329175,0.0377257,0.0472344,0.0681453,0.0759739,0.0812452,0.0854404,0.0854405,0.080881,0.0754128,0.0674817,0.0460231,0.0364085,0.0322768,0.0225427,
0.0083281,0.0288319,0.0390354,0.0533836,0.070229,0.0738697,0.0771582,0.079937,0.0795311,0.0762343,0.0729092,0.069341,0.0535252,0.0389053,0.0282424,0.0089792,
0.0152964,0.0290017,0.0327106,0.0391855,0.0605837,0.0666675,0.069638,0.0711441,0.0711448,0.0695186,0.0665885,0.0605637,0.0389921,0.0316347,0.0283457,0.0142118,
0.0165287,0.0276198,0.0327301,0.0410118,0.0587433,0.0659289,0.0708946,0.0750312,0.0753116,0.071357,0.0665624,0.0596404,0.0425139,0.0341264,0.0290547,0.0176795,
0.0236338,0.022548,0.0222798,0.0218345,0.0213264,0.0218458,0.0222345,0.0228374,0.0226714,0.0224148,0.0220071,0.0214075,0.0219451,0.0225284,0.0230065,0.024279,
0.0231632,0.0351902,0.0385903,0.0426679,0.0504164,0.05354,0.0558938,0.0575725,0.0574426,0.0554368,0.0531655,0.0500214,0.0426257,0.0382353,0.0346481,0.0218452,
0.0213301,0.0557279,0.0683148,0.0817988,0.0977179,0.1068271,0.1141068,0.120333,0.1204688,0.114292,0.1076059,0.0987313,0.0820155,0.0678974,0.0527483,0.0199314,
0.0206487,0.0345468,0.0390106,0.0445791,0.0522759,0.0555464,0.0579518,0.0599843,0.0603488,0.0586186,0.0565944,0.05323,0.0442889,0.039249,0.0348653,0.0217646,
0.021661,0.0235796,0.0251635,0.0325427,0.0374925,0.0278954,0.0216973,0.0201203,0.0214151,0.0239951,0.032096,0.0441129,0.0346391,0.0258545,0.0239027,0.021346,
0.0159137,0.0234085,0.0299812,0.0411619,0.0655163,0.0732203,0.078093,0.0818766,0.081806,0.0782802,0.0732717,0.0652145,0.0408558,0.0294183,0.02351,0.0152332,
0.0213902,0.0320846,0.0359641,0.0420096,0.0506673,0.0532077,0.0551817,0.056758,0.0567728,0.0551634,0.0533256,0.0507467,0.0421345,0.0358376,0.0316784,0.0210091,
0.0228393,0.0281236,0.0299075,0.033616,0.0424917,0.0458289,0.04833,0.0505303,0.0503992,0.0482415,0.0457481,0.042143,0.0334447,0.0297012,0.0278209,0.0229095,
0.0219182,0.0279896,0.0314621,0.0420728,0.0710723,0.0812916,0.0877062,0.0926629,0.0927356,0.0878395,0.0815778,0.0716679,0.0433229,0.0319362,0.0279423,0.0215314,
0.0206958,0.0145228,0.015916,0.0276221,0.0658558,0.0764212,0.082035,0.085999,0.0857977,0.081851,0.0759635,0.0650464,0.0255075,0.0152072,0.0141409,0.0213102,
0.0195616,0.0277824,0.0330893,0.0438143,0.0621763,0.0680741,0.0719386,0.0748724,0.0750274,0.0723783,0.0686846,0.0628102,0.0440434,0.0330598,0.0276174,0.0198339,
0.002133,0.0069971,0.0130927,0.0361036,0.0723693,0.0747348,0.0770372,0.0800283,0.0801424,0.0775951,0.0757929,0.0742756,0.0399949,0.0147256,0.0067644,0.002484,
0.0291856,0.0401778,0.0429131,0.0468814,0.0531423,0.0545979,0.0554323,0.0561338,0.0558163,0.054785,0.0541525,0.0528951,0.0457601,0.0421143,0.0394372,0.0279668,
0.0193793,0.0261144,0.0306435,0.0400292,0.0559249,0.060095,0.0624879,0.0642856,0.0644031,0.0626237,0.0601877,0.0560562,0.0402545,0.0311514,0.0264289,0.0200527,
0.021611,0.0353313,0.0394111,0.0456212,0.0628458,0.0699293,0.0747562,0.0786357,0.0785808,0.0746333,0.0696271,0.062399,0.04479,0.0386512,0.0348706,0.021615,
0.0216799,0.0314398,0.0320879,0.0402745,0.0694607,0.0783168,0.082714,0.0850574,0.0850479,0.0827247,0.0784036,0.0698348,0.0410394,0.0333573,0.0322491,0.0207998,
0.0214343,0.027007,0.0319022,0.0414852,0.0558716,0.0599589,0.0625516,0.0648345,0.064546,0.06238,0.0595487,0.0554914,0.041373,0.0324173,0.0276312,0.0213443,
0.0149337,0.031665,0.0392422,0.0490897,0.0619313,0.0659817,0.0690441,0.0718221,0.071919,0.0687622,0.0656388,0.061623,0.0490123,0.0385247,0.0311689,0.0141105,
0.0244956,0.0307222,0.0335635,0.0389801,0.047505,0.0498562,0.0515759,0.052861,0.0527858,0.0514432,0.0498618,0.0473696,0.0386233,0.0333352,0.0304417,0.0250551,
0.0187749,0.0327745,0.0365972,0.0438911,0.061934,0.0676256,0.0706552,0.0732002,0.0734335,0.0712745,0.068093,0.0624895,0.0448089,0.0377678,0.033767,0.0206469,
0.0062229,0.0296102,0.0412173,0.0554161,0.0636728,0.0662352,0.068535,0.0710715,0.070929,0.0690769,0.0670606,0.065524,0.0583913,0.0437206,0.0312957,0.0069744,
0.0121844,0.0303287,0.037097,0.043993,0.0542783,0.0592706,0.0629653,0.0664488,0.0664488,0.0631056,0.0594554,0.0546765,0.0445149,0.0381674,0.0310568,0.0113745,
0.0243353,0.0257661,0.0254378,0.0249128,0.0254866,0.0262045,0.0268706,0.0272297,0.0273225,0.0266992,0.0260583,0.025402,0.0246525,0.0250795,0.025244,0.0241219,
0.0235015,0.0270347,0.0278082,0.0309569,0.0414905,0.0400796,0.0364954,0.0329459,0.0329278,0.0357559,0.0385427,0.039469,0.0309248,0.0279325,0.0273093,0.0241014,
0.0172518,0.0444783,0.0532697,0.0630023,0.0791248,0.0845777,0.0873014,0.0890333,0.088877,0.0871791,0.0842103,0.0787558,0.0627019,0.0526737,0.0443336,0.0174457,
0.0183591,0.0211269,0.0231797,0.031861,0.0609361,0.0726096,0.0805914,0.0870656,0.0872893,0.0808427,0.0729079,0.0614085,0.0322915,0.0234066,0.0210464,0.0178391,
0.0191644,0.0353852,0.0419955,0.0516196,0.0671419,0.0744011,0.0804467,0.0857665,0.085765,0.0800144,0.0743875,0.0674556,0.0528611,0.0429342,0.0363095,0.0206943,
0.0262451,0.0354273,0.0380937,0.0417032,0.0473992,0.0492675,0.0502734,0.0514059,0.0514976,0.0504465,0.0489725,0.0470464,0.0415185,0.03769,0.0348625,0.0257796,
0.0083992,0.0201811,0.0311328,0.0508978,0.0631984,0.067047,0.0753416,0.085086,0.0850003,0.0745464,0.0659631,0.061194,0.0491645,0.0302366,0.0186685,0.0067388,
0.0233654,0.0355212,0.0394407,0.0441024,0.0482614,0.049593,0.050552,0.0515179,0.0515267,0.0502549,0.0490667,0.0472746,0.0426145,0.037883,0.0338283,0.0219649,
0.0157305,0.0269803,0.0308509,0.0354761,0.0424051,0.0455611,0.0481446,0.0504817,0.0505974,0.0485991,0.0462828,0.0428689,0.0346733,0.0299035,0.0259353,0.0145467,
0.0180251,0.0217508,0.0268394,0.0377099,0.0582272,0.0640243,0.0672913,0.0695261,0.0694622,0.067356,0.064199,0.0588741,0.038137,0.0269851,0.0222033,0.0176119,
0.0247555,0.0337356,0.0364608,0.0422032,0.0543358,0.0582531,0.0607543,0.0632157,0.0633845,0.0611969,0.0585845,0.0545854,0.0427489,0.0369517,0.0344577,0.0252734,
0.0181381,0.0294753,0.0364161,0.0463391,0.0655577,0.073283,0.0786405,0.0831524,0.0832069,0.0786181,0.07304,0.065355,0.0464777,0.0361802,0.0294566,0.018509,
0.0027409,0.0115936,0.0197081,0.0373913,0.0546243,0.0586013,0.0613843,0.0642274,0.0642414,0.061773,0.0588953,0.055303,0.0379935,0.0199627,0.011651,0.0031925,
0.0053066,0.0147934,0.0230103,0.0420793,0.0696281,0.0731216,0.0738136,0.0743401,0.0745315,0.0744992,0.0737572,0.0699972,0.0418963,0.0227932,0.0142589,0.0037641,
0.0092989,0.0346359,0.0499632,0.0742294,0.0877934,0.0853983,0.0838008,0.0836606,0.083674,0.0839398,0.0856476,0.088438,0.0746824,0.0499704,0.0325925,0.0089573,
0.0045553,0.0180311,0.0311776,0.0583876,0.0771981,0.0853361,0.0948552,0.1055306,0.1056592,0.0948742,0.0853185,0.0773369,0.0590999,0.0321787,0.0183815,0.0043653,
0.0193482,0.0337972,0.0381481,0.0435816,0.0509353,0.0537696,0.0557416,0.0573528,0.0573002,0.0554024,0.0535464,0.0507371,0.0436851,0.0383288,0.0339892,0.0196055,
0.0216974,0.0292674,0.0338453,0.0432758,0.0623283,0.0691003,0.0737092,0.0773948,0.0774701,0.0738278,0.06954,0.06281,0.0437439,0.0340944,0.0296425,0.0210239,
0.0198247,0.029749,0.0348444,0.0471001,0.0738846,0.0820996,0.0870846,0.0907977,0.0909192,0.0870469,0.0818711,0.0734702,0.0468009,0.0344155,0.029113,0.0198548,
0.0250046,0.0272724,0.0281298,0.02897,0.0295282,0.0305595,0.0311194,0.0318727,0.031878,0.0312926,0.0303792,0.0297163,0.0289117,0.0284377,0.0276338,0.0252062,
0.0189305,0.0308648,0.0368983,0.0487801,0.0782868,0.0898338,0.0978916,0.1043855,0.1047673,0.0982522,0.0904468,0.0789215,0.0500375,0.0385901,0.0326598,0.0209895,
0.0156823,0.0204912,0.0224928,0.0281115,0.0519577,0.0638546,0.0721687,0.0792688,0.0795057,0.0726843,0.0643454,0.0525805,0.0286325,0.022552,0.0204808,0.0157489,
0.0171175,0.0293216,0.0341981,0.0422558,0.0589686,0.0655681,0.0700772,0.07368,0.0738831,0.0702803,0.0658827,0.0594227,0.0425313,0.0343125,0.0286534,0.0157396,
0.0117946,0.02919,0.0359174,0.0440778,0.052137,0.055313,0.0580687,0.0605064,0.0605544,0.0581544,0.0555472,0.0524847,0.0443366,0.0358021,0.0288622,0.0126543,
0.0151967,0.0369915,0.0442776,0.0524228,0.0664499,0.0722606,0.075677,0.0783947,0.0781416,0.0753022,0.0715897,0.0655602,0.0509095,0.0430161,0.0365896,0.0153522,
0.0244719,0.0303605,0.0319344,0.0336059,0.0349874,0.0355229,0.0359919,0.0364745,0.0366057,0.0360827,0.0353985,0.0349358,0.0337606,0.0323391,0.0310952,0.0248289,
0.0261397,0.0306693,0.0328079,0.0367738,0.044111,0.0464768,0.0482606,0.0499102,0.0501237,0.0487456,0.0468909,0.0446375,0.0370511,0.0327443,0.0310448,0.0262986,
0.02291,0.0376632,0.0435433,0.0510339,0.0690207,0.0787088,0.0861537,0.0928918,0.0928834,0.0865424,0.0790854,0.069513,0.051173,0.0430782,0.0369831,0.0227818,
0.0148051,0.0270421,0.0324078,0.0445553,0.0724121,0.0811982,0.0863436,0.0899535,0.0898627,0.0863216,0.0813943,0.0726631,0.0441422,0.0334718,0.0278871,0.0162052,
0.013169,0.0253247,0.0336234,0.046873,0.0624188,0.0679018,0.0715528,0.0744931,0.0745162,0.0716194,0.0680182,0.0625521,0.0467361,0.0336836,0.0252974,0.0137332,
0.0271777,0.0253291,0.0240696,0.0225083,0.0226976,0.0233954,0.023868,0.0243724,0.0244475,0.0240328,0.0233959,0.0228375,0.0228614,0.0243307,0.0257637,0.0275554,
0.0232546,0.0353027,0.038761,0.0442374,0.0607201,0.0670266,0.070609,0.0731096,0.0730441,0.0702494,0.0668123,0.0605801,0.0430614,0.0379146,0.0347109,0.0226539,
0.024589,0.0389921,0.0445599,0.0532036,0.0670593,0.0716662,0.0750238,0.0775944,0.0774127,0.0744562,0.0712304,0.0665605,0.0525899,0.0439453,0.0382869,0.0245615,
0.0246709,0.0270058,0.0281973,0.0301946,0.0361462,0.0392138,0.041488,0.0436903,0.0435448,0.0414102,0.0390925,0.0361557,0.0302348,0.0282583,0.0271369,0.0243261,
0.024176,0.0428761,0.0482768,0.0547281,0.0609346,0.0640361,0.0666054,0.0687393,0.0690709,0.0670391,0.0646882,0.0614485,0.0542755,0.0479337,0.042143,0.0237854,
0.0199829,0.0341101,0.0372052,0.0412657,0.0490837,0.0523174,0.0546799,0.0567972,0.0568692,0.0546477,0.05238,0.0491198,0.0413954,0.0376413,0.03429,0.0210187,
0.023948,0.0305758,0.0327896,0.0358613,0.0395904,0.0409247,0.0419557,0.0430052,0.0428022,0.0418883,0.0408862,0.0395175,0.0353604,0.0323455,0.0301481,0.0232953,
0.0257967,0.0216897,0.0202969,0.0186355,0.0167901,0.0172897,0.0176064,0.0177233,0.0177504,0.0175959,0.017095,0.0166869,0.0189742,0.0206006,0.0219557,0.0257934,
0.025038,0.0333526,0.035203,0.0358238,0.0359332,0.0367302,0.0373123,0.0380048,0.0379482,0.0376391,0.0366124,0.0358253,0.0356671,0.034842,0.03327,0.0249432,
0.0288193,0.0326919,0.0328844,0.0332566,0.0339058,0.0345929,0.0355358,0.0362257,0.0362056,0.0354555,0.0345799,0.0337846,0.0330432,0.0323128,0.0319223,0.0277613,
0.0093935,0.0280107,0.0381259,0.0504965,0.065976,0.0718758,0.0761023,0.0797772,0.0798591,0.0763297,0.0722301,0.0666566,0.0516764,0.0391604,0.0286723,0.0091197,
0.0149267,0.0335045,0.0409101,0.0506922,0.0744327,0.0883942,0.0985001,0.1069788,0.1072162,0.0990181,0.0889703,0.0751808,0.0511597,0.040871,0.034066,0.0160027,
0.0246409,0.0282461,0.0273895,0.0254873,0.0242695,0.0248714,0.025586,0.0260521,0.0258363,0.0255022,0.0248451,0.0243016,0.0256393,0.0277093,0.0286315,0.0251356,
0.0160134,0.033611,0.0394618,0.0467044,0.0527769,0.0546064,0.056036,0.0571325,0.057274,0.0562623,0.0548957,0.0531917,0.04783,0.0408002,0.0347206,0.017342,
0.023187,0.0224896,0.0225267,0.0245561,0.0234934,0.0225398,0.0244294,0.0238645,0.0239328,0.0236802,0.0194548,0.0190541,0.023343,0.0234555,0.0233251,0.0238253,
0.0029713,0.0149537,0.0291194,0.0615719,0.0825234,0.0778041,0.0762357,0.0762341,0.0761389,0.076079,0.0781119,0.0836743,0.0630575,0.0295156,0.0149109,0.0040258,
0.0189482,0.0201143,0.0229442,0.0330205,0.0604272,0.0703281,0.0767386,0.0818178,0.082197,0.0775583,0.0714073,0.061415,0.0332211,0.0226712,0.0188345,0.0182326,
0.0188505,0.0314384,0.0371608,0.0470716,0.0642878,0.0696446,0.0734019,0.0764394,0.0765789,0.0735231,0.0699921,0.0644924,0.046765,0.0376881,0.0313222,0.0188487,
0.0067114,0.025731,0.0354634,0.0480169,0.0580619,0.0625584,0.0662433,0.0696983,0.0693947,0.0656992,0.0617519,0.0571347,0.04772,0.0357962,0.0261285,0.0070391,
0.0209827,0.0316601,0.0354573,0.0408468,0.0498225,0.0530071,0.055302,0.0570524,0.0570014,0.0550028,0.0527798,0.0496405,0.0403459,0.0350426,0.0312068,0.0202299,
0.0186651,0.0262668,0.0293135,0.0343316,0.0449124,0.0490586,0.0519383,0.0543847,0.0543943,0.0519528,0.0491406,0.044983,0.0340954,0.0291532,0.0260806,0.0191681,
0.0227788,0.0320998,0.0347195,0.0388819,0.0451939,0.0470542,0.0485281,0.0494874,0.0494174,0.0483772,0.0471402,0.0451926,0.0389429,0.0348017,0.0319544,0.0225296,
0.0249045,0.0314556,0.0347012,0.0408672,0.0515741,0.0539677,0.0553919,0.0566285,0.056513,0.0554678,0.0541108,0.0515477,0.0405212,0.0340527,0.0306266,0.0240882,
0.0211523,0.0329862,0.0377835,0.0465993,0.0646109,0.0708313,0.0748051,0.0777959,0.0774717,0.0739061,0.069801,0.0635093,0.0457447,0.0369665,0.0322998,0.019724,
0.0162996,0.0333847,0.0398593,0.0476652,0.0582144,0.0623816,0.0648186,0.0670412,0.0667718,0.0645363,0.0619356,0.0579456,0.0469255,0.0389969,0.0330805,0.0162636,
0.0232267,0.0376818,0.0433219,0.051468,0.0670472,0.0728208,0.076908,0.0806742,0.0807409,0.0769936,0.0730974,0.0672904,0.0519151,0.0436005,0.0378856,0.0235753,
0.0189656,0.0352737,0.0437415,0.0528508,0.072587,0.0854197,0.0955223,0.1038724,0.1035753,0.0949507,0.0848754,0.0723071,0.0529645,0.0431186,0.0340311,0.017599,
0.0239657,0.0398853,0.0458971,0.0573439,0.0774791,0.082728,0.0858841,0.0884976,0.0883627,0.0860105,0.0827589,0.0776732,0.0566602,0.0452984,0.0395299,0.0247163,
0.0152412,0.0329074,0.0400531,0.046811,0.0586785,0.0646254,0.0687661,0.072423,0.0724156,0.0689075,0.0645229,0.0586553,0.046784,0.0395286,0.0330538,0.0153219,
0.0210723,0.0280528,0.0309445,0.0372388,0.0521366,0.057174,0.0604062,0.0630846,0.0631186,0.0606626,0.0572976,0.0524035,0.0375957,0.0315379,0.0286093,0.0214683,
0.0201356,0.0312058,0.0366018,0.0464259,0.0603012,0.0641012,0.0667003,0.0691001,0.0690571,0.0667379,0.0641101,0.0602686,0.04686,0.0375884,0.0319934,0.020763,
0.0218096,0.030331,0.0337135,0.039282,0.0477266,0.0504743,0.0522503,0.054282,0.0541778,0.0522275,0.0503676,0.0474725,0.0391349,0.0335749,0.0303123,0.0222333,
0.0241894,0.046641,0.0558848,0.0664146,0.0944233,0.1023503,0.1065037,0.1092738,0.1093282,0.1065285,0.1024065,0.0940394,0.0663816,0.0551603,0.0470742,0.025412,
0.0105501,0.0361939,0.0526494,0.0763227,0.0856612,0.0870717,0.0894812,0.0908181,0.0909302,0.0890752,0.0862012,0.0835268,0.0733653,0.0508371,0.035125,0.0090933,
0.0104706,0.0324546,0.0464573,0.066221,0.0760652,0.0740781,0.0724292,0.0727172,0.07206,0.071013,0.0716424,0.072967,0.0622885,0.0435744,0.0311335,0.0088519,
0.0253229,0.0275892,0.0287359,0.0307614,0.0338064,0.0348854,0.0359177,0.0365244,0.0365752,0.0356796,0.0348681,0.0338224,0.0310695,0.0293237,0.0282593,0.025982,
0.0257907,0.0301539,0.0292551,0.031601,0.0642296,0.0768054,0.082535,0.0854604,0.0853128,0.0824494,0.0762759,0.0639218,0.032544,0.0292503,0.0309775,0.0258525,
0.0062432,0.0312348,0.0462853,0.0629829,0.0665652,0.076089,0.0849513,0.0915728,0.0916541,0.0850374,0.0760671,0.0662587,0.0603034,0.0439654,0.0298255,0.0071602,
0.0224322,0.026405,0.0294248,0.0355334,0.0457556,0.0490819,0.0515505,0.0534534,0.0532863,0.0510535,0.048333,0.0447517,0.0345544,0.0286535,0.0259115,0.0219821,
0.0161583,0.0211391,0.024457,0.0332508,0.0571779,0.0669938,0.0738711,0.0794853,0.0793525,0.073426,0.0663399,0.0565028,0.0321837,0.0240587,0.0207229,0.0155169,
0.0239202,0.022796,0.0218328,0.0212248,0.0228746,0.0246483,0.0262869,0.0280931,0.0279217,0.0262912,0.0243562,0.0227736,0.0211377,0.0221942,0.0231602,0.0241652,
0.0201911,0.0275739,0.0298678,0.0352612,0.0643504,0.0775527,0.0855783,0.0915349,0.0914594,0.08555,0.0773465,0.0642079,0.0355433,0.0294226,0.0274408,0.020912,
0.0234675,0.0333929,0.0360907,0.0398459,0.0455875,0.0473854,0.0489046,0.0502026,0.0500392,0.0488574,0.047501,0.0453794,0.0394994,0.035412,0.0325387,0.0232476,
0.0200504,0.0316335,0.0363574,0.0464516,0.0711822,0.0800817,0.0859117,0.090766,0.0913566,0.0870862,0.081497,0.0729871,0.0488999,0.0376974,0.0318936,0.0202597,
0.0035808,0.0186258,0.0338431,0.0637102,0.0784875,0.078755,0.0805739,0.0827592,0.0826255,0.0804462,0.0785009,0.0776245,0.0617816,0.0329651,0.0165304,0.0036156,
0.0212014,0.0220686,0.0237714,0.0321696,0.0598744,0.0682563,0.0724661,0.0748235,0.0749423,0.0726172,0.0683707,0.0599789,0.0321031,0.023579,0.021268,0.0201594,
0.0134123,0.0340116,0.0462201,0.0647649,0.0764523,0.0754418,0.0754518,0.0764014,0.0768394,0.0765156,0.0771346,0.0782787,0.0667944,0.0471245,0.0347149,0.0124219,
0.0187764,0.0314276,0.0352374,0.0426762,0.0636998,0.0715228,0.0766241,0.0804329,0.0805037,0.0766802,0.071615,0.0640024,0.0430275,0.0355213,0.031319,0.018579,
0.0209038,0.0297611,0.034533,0.0445655,0.0635567,0.0685,0.0713702,0.0732337,0.0733235,0.0711402,0.068381,0.0630999,0.0435297,0.0335412,0.0288821,0.0205069,
0.0239047,0.0288281,0.0289383,0.0282475,0.0289857,0.0300368,0.0311072,0.0319541,0.032067,0.0311417,0.0301202,0.0289922,0.0283585,0.0286552,0.028552,0.0244396,
0.0253757,0.020563,0.0198778,0.0200736,0.0208629,0.0211961,0.0215898,0.0216453,0.0219201,0.0214063,0.0214146,0.021187,0.0201809,0.0201277,0.0208889,0.0255929,
0.0227591,0.0359128,0.0402568,0.0467643,0.0617223,0.0682541,0.0729181,0.0774127,0.0773721,0.0729078,0.067897,0.0613435,0.0461327,0.0409015,0.0357441,0.0241945,
0.0127829,0.0336757,0.0410959,0.0490289,0.0512022,0.0502639,0.0500264,0.0502098,0.0502694,0.0500497,0.0501161,0.0511004,0.048658,0.0404554,0.0333593,0.0141383,
0.0194092,0.0126864,0.0133248,0.0216772,0.0507225,0.0604469,0.0656055,0.0686369,0.0685974,0.0654697,0.0600152,0.049929,0.0212431,0.0131331,0.0117835,0.0188611,
0.0148997,0.0397204,0.0490214,0.058522,0.0731128,0.0855362,0.0956945,0.1045677,0.1043455,0.0950452,0.0849282,0.0730193,0.0572859,0.0484111,0.0374917,0.0131722,
0.0103855,0.0253965,0.0319776,0.0413319,0.0522442,0.055925,0.0587361,0.0612272,0.061106,0.0584671,0.0554181,0.0518089,0.0411465,0.0319211,0.0250558,0.0106164,
0.021831,0.0326997,0.0375061,0.0445709,0.0549811,0.0597921,0.0627203,0.0655718,0.0654957,0.0630498,0.0602343,0.0563501,0.0448766,0.0374824,0.0328465,0.0219796,
0.0219186,0.0350877,0.0400801,0.0468445,0.0577491,0.0611333,0.0635113,0.0651875,0.0652288,0.0634182,0.0610617,0.0577247,0.0470542,0.0397447,0.0345366,0.0205124,
0.0147495,0.0230215,0.0278928,0.0365879,0.0550585,0.0625254,0.0678824,0.0724923,0.0724769,0.0682879,0.0628552,0.0554971,0.0366503,0.0280103,0.0232633,0.0147793,
0.0229233,0.0288419,0.0307206,0.0340586,0.0417119,0.0444274,0.046406,0.0479951,0.0479317,0.0461762,0.0442951,0.041494,0.0342477,0.0305545,0.0284857,0.0224992,
0.0233912,0.0293023,0.0329149,0.0397555,0.0507197,0.053681,0.056087,0.0579618,0.0579853,0.0562579,0.0542964,0.0511232,0.0403328,0.0332368,0.0293084,0.0229591,
0.0269232,0.0326182,0.0321703,0.0354838,0.066683,0.078903,0.086293,0.0919475,0.091856,0.0865205,0.0792467,0.0669765,0.036216,0.0326055,0.0334052,0.0268463,
0.023696,0.0336645,0.0351399,0.0365991,0.0384355,0.039746,0.0409861,0.0419121,0.0416912,0.0410296,0.039709,0.0387191,0.0364219,0.0356557,0.0336701,0.0233046,
0.0268791,0.0343455,0.0361875,0.038198,0.0424996,0.0442734,0.045719,0.0463722,0.0463466,0.0453098,0.0441431,0.0424797,0.0381049,0.0360151,0.0342289,0.0268198,
0.0183066,0.0376948,0.0448148,0.0537333,0.062798,0.0664604,0.0696062,0.0722566,0.0722056,0.0694348,0.0661006,0.0625188,0.0534144,0.044711,0.0373609,0.0162812,
0.0207518,0.0297061,0.0326245,0.0370924,0.0442766,0.0467901,0.0486848,0.0501102,0.0503167,0.0489362,0.0471758,0.0448471,0.0378893,0.0335309,0.0305322,0.0217524,
0.0114774,0.0339891,0.0437706,0.0550003,0.0661665,0.0695632,0.0721122,0.0741583,0.0740939,0.0718937,0.0693747,0.0654968,0.0537849,0.0430693,0.0333931,0.0107238,
0.0035954,0.0100486,0.0169061,0.0379819,0.0761687,0.0761148,0.0731691,0.0713944,0.071927,0.074449,0.0774189,0.0773526,0.0390377,0.0173919,0.0100967,0.0042746,
0.0116717,0.0313392,0.0411717,0.0547756,0.0663916,0.0686663,0.0705216,0.0722618,0.0722376,0.0704515,0.0686201,0.0663793,0.0543493,0.0403847,0.0307762,0.0125454,
0.0028885,0.0142835,0.0271901,0.0577059,0.098599,0.1022725,0.1022798,0.1014558,0.100579,0.1005372,0.0999791,0.0965271,0.0570701,0.0268609,0.0131356,0.0031069,
0.0218503,0.0293387,0.0326738,0.0389995,0.0531971,0.0585627,0.0623191,0.0654567,0.0653688,0.0621138,0.0582529,0.0528819,0.0385379,0.032015,0.0287646,0.0218977,
0.0161953,0.0348945,0.0398624,0.0457451,0.0540541,0.057303,0.0600871,0.0626785,0.0626771,0.0601354,0.0574149,0.0536838,0.0454663,0.0393046,0.0337214,0.0167394,
0.0184005,0.033024,0.0365811,0.0405964,0.0449693,0.0466912,0.0480618,0.0494216,0.0494318,0.0481414,0.0467721,0.0449139,0.0405322,0.0366144,0.0331041,0.018326,
0.0181416,0.0272228,0.0309975,0.0373956,0.0481934,0.0509969,0.0527604,0.0542326,0.0542369,0.053047,0.051492,0.0489891,0.0384371,0.0321536,0.0282775,0.0198006,
0.0235994,0.0263358,0.0264033,0.0306275,0.0454468,0.0506284,0.0530684,0.0545188,0.0546363,0.0530241,0.0505232,0.0453739,0.0309675,0.0267568,0.0271918,0.0246268,
0.023852,0.03031,0.0335867,0.038861,0.0535221,0.0590165,0.0629845,0.0662077,0.0660681,0.062926,0.0589889,0.0534757,0.0394636,0.0336325,0.0305857,0.0236303,
0.0253976,0.0363848,0.0401448,0.0452155,0.0543736,0.0581211,0.0612152,0.0636122,0.0632912,0.0605083,0.0575444,0.0535857,0.0441753,0.0388039,0.0357176,0.0244056,
0.0197147,0.0265183,0.0306478,0.0388537,0.0553635,0.0605696,0.0638907,0.0666386,0.0668608,0.064407,0.061445,0.0561736,0.0393627,0.0310845,0.0271616,0.0198644,
0.0042745,0.0153633,0.0261493,0.0476928,0.0721153,0.0779811,0.0837187,0.0896319,0.0896351,0.0839879,0.0782742,0.0724883,0.0480323,0.0263427,0.0153806,0.0030149,
0.0229195,0.0291289,0.0314827,0.0368163,0.0468961,0.0500561,0.0523553,0.0543652,0.0544198,0.052354,0.0502164,0.0467751,0.0368153,0.0313365,0.0288135,0.0226574,
0.0076802,0.0228265,0.0318871,0.0480228,0.0649708,0.0664769,0.0673128,0.0678112,0.0673569,0.0663631,0.0658015,0.0644197,0.0480194,0.0319002,0.0228616,0.0066148,
0.0180653,0.0304439,0.0373719,0.0500209,0.0692632,0.0746,0.0776142,0.0795906,0.0793701,0.077312,0.07417,0.0689121,0.0493782,0.0369315,0.0301322,0.0173573,
0.0210783,0.0327618,0.0371905,0.0453304,0.0604741,0.0651412,0.0680272,0.0700969,0.0702768,0.0682594,0.0655815,0.0612094,0.04569,0.0373783,0.0327921,0.0205802,
0.0032867,0.0167845,0.0301317,0.056636,0.074043,0.0758946,0.0787328,0.0817486,0.0818122,0.0790493,0.0762103,0.0736812,0.0557491,0.02946,0.0152004,0.0033754,
0.0019429,0.0069338,0.0146034,0.0401028,0.0817204,0.0848287,0.0855568,0.0874291,0.0878255,0.086529,0.0857071,0.0825556,0.0401316,0.014277,0.0066106,0.0006436,
0.0132174,0.0307673,0.0358062,0.040725,0.0482694,0.0518704,0.0542523,0.0562791,0.0561122,0.0542615,0.0517363,0.0482351,0.0412107,0.0366752,0.0310191,0.0137411,
0.0211531,0.030713,0.0343487,0.0384054,0.044207,0.0465456,0.0484641,0.0501448,0.0499416,0.0481981,0.0462578,0.0439722,0.0380753,0.0338481,0.0303998,0.0198763,
0.0273651,0.0266521,0.0256837,0.0244441,0.02514,0.0262098,0.0270588,0.0278655,0.0278641,0.0272149,0.0263467,0.0252868,0.0243698,0.0254094,0.0263819,0.0266996,
0.0258244,0.0303322,0.0320696,0.0359028,0.0418357,0.0437179,0.0451553,0.0464019,0.0465321,0.0452737,0.0439907,0.0421955,0.036527,0.032922,0.0309225,0.0266995,
0.0107533,0.0244549,0.0345114,0.0540388,0.0700424,0.0712873,0.0741391,0.0776831,0.0774693,0.074347,0.0719706,0.0708517,0.0561396,0.0351306,0.0243731,0.0114722,
0.0192486,0.0345193,0.0406935,0.050992,0.0673751,0.072054,0.0742926,0.0769073,0.0771559,0.0739537,0.0720336,0.0677106,0.0518284,0.0413935,0.0353224,0.0203251,
0.0226886,0.0308797,0.0333944,0.0388175,0.0545485,0.0604105,0.0640189,0.066627,0.066803,0.064183,0.0606719,0.0545405,0.0388741,0.0334225,0.0310271,0.0219445,
0.0043868,0.0162871,0.0279564,0.0477885,0.0584448,0.0572816,0.0573271,0.0581354,0.0581791,0.0570985,0.0568761,0.0576682,0.0464818,0.0270055,0.0153824,0.0030934,
0.0149651,0.0383354,0.0463015,0.0536654,0.0576844,0.0588397,0.060036,0.0610554,0.061273,0.0603913,0.0595405,0.0588934,0.0562647,0.0486539,0.0405142,0.0161234,
0.0234689,0.0326576,0.0361782,0.0415768,0.0499596,0.0526709,0.0545061,0.0560974,0.0560724,0.0546085,0.0526686,0.0499211,0.0418059,0.0363717,0.0328399,0.025176,
0.0146337,0.0349774,0.0426594,0.0513881,0.055476,0.055604,0.0561456,0.0570382,0.0571549,0.0569476,0.0568932,0.0571142,0.0534022,0.0440708,0.0361895,0.015309,
0.0064888,0.0252467,0.0353935,0.0496977,0.0615604,0.0631709,0.0646809,0.0661867,0.0659028,0.063764,0.0618332,0.0595714,0.0472858,0.0336043,0.0234493,0.0071418,
0.0215839,0.0282976,0.0296312,0.0297319,0.0300287,0.0302265,0.0303915,0.0308377,0.0307542,0.0302508,0.0302902,0.0300007,0.0296663,0.0294396,0.0279582,0.0212976,
0.0185498,0.0391396,0.0452861,0.0522462,0.0665763,0.0732732,0.0774413,0.0806817,0.0806392,0.0773085,0.072878,0.0660813,0.0529894,0.0465275,0.0403777,0.0193218,
0.0243065,0.0345063,0.0356792,0.0370706,0.0396967,0.0408963,0.0420161,0.0430276,0.0428423,0.0419473,0.0408523,0.0397362,0.0369436,0.0358334,0.0348188,0.0241206,
0.0226693,0.0302667,0.0327819,0.0377341,0.0482411,0.0512725,0.0530105,0.0541469,0.0541947,0.0528605,0.0511963,0.0480373,0.0376338,0.032355,0.0300991,0.0224205,
0.0194613,0.0261463,0.0290558,0.0363032,0.0558293,0.0637309,0.068879,0.0725212,0.0725401,0.0686512,0.0637131,0.0559302,0.0356907,0.0289295,0.0255877,0.0194171,
0.0142903,0.0222274,0.025446,0.031461,0.0430599,0.0470314,0.0496826,0.0521741,0.0521659,0.0497226,0.0469024,0.0429496,0.0310649,0.0255261,0.0222118,0.0134967,
0.0248293,0.0312414,0.0326935,0.0341713,0.0364583,0.037777,0.0389653,0.0393456,0.0395552,0.0383364,0.0372437,0.0361954,0.0334355,0.0320506,0.0307155,0.0242321,
0.0199295,0.0306034,0.0364851,0.0492927,0.0713779,0.0765938,0.0791685,0.0810716,0.0811626,0.0794335,0.0766766,0.0716162,0.0501162,0.0370034,0.0311999,0.0195426,
0.018015,0.0290166,0.0341856,0.0437212,0.0626519,0.0692473,0.0733914,0.076868,0.0770055,0.0737304,0.069288,0.062642,0.0435449,0.0343401,0.029345,0.0177543,
0.0280786,0.0401907,0.0445631,0.0496062,0.0579392,0.0609161,0.063191,0.0652496,0.065123,0.063391,0.0610385,0.0582137,0.0498902,0.0449284,0.0407501,0.0284606,
0.02476,0.0418036,0.0473482,0.0533646,0.0607297,0.0636753,0.0659911,0.068117,0.0679242,0.065714,0.063171,0.0599373,0.0517901,0.0458907,0.0408668,0.0253962,
0.0188654,0.0288241,0.031731,0.0412586,0.0775035,0.0894573,0.0955516,0.0997432,0.0996421,0.0955755,0.0892035,0.0773613,0.0415118,0.0323582,0.0292894,0.0188178,
0.0220527,0.0262328,0.0286864,0.0364541,0.061798,0.0700129,0.074896,0.0783888,0.0782542,0.0749263,0.0701224,0.062158,0.0383381,0.0296912,0.0269755,0.0222702,
0.0262889,0.0283667,0.0285914,0.0289469,0.0292305,0.02998,0.0305903,0.0311566,0.031139,0.0304609,0.0299785,0.0293881,0.0294028,0.0292425,0.0292536,0.0273797,
0.0077535,0.0330728,0.0462766,0.0592152,0.0622843,0.0666006,0.0694392,0.0710502,0.0709647,0.0693955,0.0663736,0.0616906,0.0591066,0.0471706,0.0338411,0.0086085,
0.0195722,0.0304708,0.0353816,0.0422551,0.0509735,0.0534347,0.0552845,0.0568225,0.0567855,0.0556354,0.0537245,0.0509203,0.042482,0.0357433,0.0309451,0.0200024,
0.0200682,0.0360241,0.0417411,0.0497673,0.0626,0.0668064,0.0694831,0.0718162,0.0716148,0.0692569,0.0664072,0.0618454,0.048568,0.0404335,0.0348067,0.0197219,
0.0083249,0.0308413,0.046302,0.0617271,0.0672286,0.0737797,0.0798197,0.085107,0.0852091,0.0802425,0.0742252,0.0682233,0.064671,0.0484674,0.0343269,0.0100169,
0.0105368,0.0319597,0.0444746,0.0633504,0.083958,0.0908788,0.0957168,0.0995589,0.0998588,0.0964119,0.0917364,0.08522,0.0643131,0.0449423,0.0320812,0.0098942,
0.0229284,0.0310767,0.0353637,0.0440745,0.0669061,0.0741675,0.078574,0.0816863,0.0817135,0.0779901,0.0734858,0.0659173,0.0426977,0.0342418,0.030725,0.0231776,
0.0154437,0.0328233,0.0392661,0.0472155,0.0645127,0.0717605,0.0769207,0.0811353,0.0813122,0.0768835,0.0717694,0.0642671,0.0468205,0.0392677,0.032928,0.014338,
0.023547,0.0296433,0.0318901,0.0354256,0.0412202,0.0431988,0.0447241,0.0460706,0.0459569,0.0445612,0.0429237,0.0408309,0.0349519,0.0311812,0.02879,0.022537,
0.0228601,0.0306103,0.0348453,0.045248,0.0763278,0.0874326,0.0946121,0.0999603,0.0999339,0.0943108,0.0868465,0.0749881,0.0435982,0.0346648,0.0309107,0.0216642,
0.013883,0.03184,0.0375346,0.0447394,0.0559124,0.0606702,0.0636892,0.0667039,0.0667178,0.0640077,0.0608147,0.0565999,0.0445194,0.0378409,0.0319225,0.0135415,
0.0229806,0.0312978,0.0336944,0.0361786,0.0377239,0.0382898,0.0386179,0.038976,0.0388046,0.0385145,0.038282,0.0378055,0.0362646,0.0336584,0.0313639,0.023172,
0.0276096,0.0358558,0.0387737,0.0442145,0.0558545,0.0604074,0.0634126,0.0659167,0.0659559,0.0635946,0.0604774,0.0559873,0.0435722,0.0386487,0.0354943,0.028046,
0.0067319,0.0214099,0.0302991,0.0428789,0.0535985,0.0554713,0.0572746,0.0591488,0.0591241,0.0570537,0.0551916,0.0532288,0.0425805,0.0299346,0.0211257,0.0060335,
0.018162,0.0360126,0.0431272,0.0522032,0.0674125,0.0734069,0.0778165,0.081775,0.0822105,0.0788302,0.0746231,0.0687417,0.0533459,0.0437889,0.0371733,0.0186261,
0.0260533,0.0355385,0.0375473,0.0395091,0.0420506,0.0430493,0.04414,0.0450517,0.0450331,0.0439901,0.0429582,0.0420024,0.039332,0.0373702,0.0354023,0.0260663,
0.0138113,0.0288364,0.0342344,0.0411802,0.0558244,0.0618631,0.0658478,0.0687667,0.0689045,0.0658981,0.0620096,0.0560915,0.0421765,0.0351106,0.0294958,0.0128404,
0.0159261,0.037257,0.0446241,0.052875,0.0586174,0.0602745,0.0619472,0.0630834,0.0632968,0.0621031,0.0608405,0.0593566,0.0543253,0.0462231,0.0387191,0.016555,
0.0227993,0.0313067,0.0333917,0.0358389,0.0394009,0.0409677,0.0421555,0.0430967,0.043171,0.041963,0.0409549,0.0392973,0.0358334,0.0333922,0.0311369,0.0225239,
0.0167994,0.0306714,0.0340512,0.0387249,0.0583117,0.0672576,0.0725976,0.0766683,0.0768597,0.0728848,0.0675269,0.0587443,0.0392829,0.0349786,0.0313627,0.0175912,
0.025866,0.0299238,0.032212,0.0356386,0.0404526,0.0420236,0.0430049,0.0440608,0.0440468,0.0429247,0.0417151,0.039936,0.0350655,0.0311998,0.029039,0.0253397,
0.0194829,0.0288888,0.0347658,0.0470342,0.0689374,0.0747525,0.0783269,0.0809728,0.0809607,0.0782056,0.0746619,0.0688069,0.0471847,0.0352554,0.0298793,0.0201087,
0.0113358,0.0389935,0.0528689,0.0726432,0.0888967,0.0924799,0.0963225,0.1001829,0.0999307,0.0957118,0.0918548,0.0878994,0.0715756,0.0522633,0.0368136,0.0122254,
0.0254132,0.0364163,0.0391586,0.0418453,0.0449968,0.0465339,0.0476464,0.0486523,0.0486831,0.0476661,0.0465676,0.0451764,0.0419296,0.0394063,0.0364693,0.0247639,
0.0179715,0.0212275,0.025121,0.0347961,0.0523328,0.0580745,0.061313,0.0641423,0.0641621,0.0615702,0.0580773,0.0527719,0.0345402,0.0257941,0.0216733,0.0174004,
0.0024524,0.0119255,0.0239241,0.0596734,0.0969235,0.0941692,0.0938587,0.096166,0.0957771,0.0931414,0.0932757,0.0959521,0.0575331,0.0232751,0.0121785,0.001603,
0.0276984,0.0308462,0.0314968,0.0324287,0.0339225,0.0349095,0.0354256,0.0360123,0.0362393,0.0355073,0.0346703,0.0337827,0.0320483,0.0312879,0.0308198,0.0272375,
0.0232852,0.035044,0.0408757,0.0518006,0.0680008,0.0719799,0.0743649,0.0761488,0.0762547,0.0744787,0.0720913,0.0677843,0.0518441,0.0409892,0.0349133,0.02273,
0.0255128,0.0400413,0.0446834,0.053531,0.0759798,0.0830805,0.0869275,0.0894719,0.0893234,0.0863532,0.0827339,0.0754758,0.0530064,0.0445926,0.0400402,0.0255261,
0.0241894,0.0325399,0.0363592,0.0426587,0.0546752,0.0593479,0.062702,0.0653969,0.0654842,0.0624643,0.0592111,0.0544628,0.0422337,0.0357906,0.0320236,0.023803,
0.015063,0.0296911,0.0340226,0.0400744,0.0477837,0.0508126,0.0527666,0.0546976,0.0547203,0.0528036,0.0505727,0.0478691,0.0402018,0.0343624,0.0297633,0.0163729,
0.0192848,0.024373,0.0282632,0.0382547,0.0697112,0.0817526,0.0898844,0.0970802,0.0966417,0.0892029,0.0809533,0.0688178,0.0384357,0.0281528,0.0246862,0.0193884,
0.0219998,0.0325635,0.035054,0.0360208,0.0361639,0.0368509,0.0377389,0.0386534,0.0386858,0.0377678,0.0367724,0.0360596,0.0352501,0.0341959,0.0321835,0.0193605,
0.0200593,0.0326686,0.0373574,0.0467455,0.0645093,0.069348,0.0719798,0.07396,0.0741002,0.071973,0.0694712,0.0647833,0.0463442,0.0373907,0.0320944,0.0198276,
0.0205821,0.027578,0.0313922,0.0386636,0.0556331,0.0624859,0.0672916,0.0714983,0.071688,0.0676534,0.0630136,0.056135,0.0384668,0.0316945,0.0277431,0.0202464,
0.0135134,0.0327053,0.0436854,0.0550128,0.0694025,0.0794418,0.0878217,0.0955227,0.0956456,0.0883764,0.0798268,0.069647,0.056221,0.0443113,0.0336323,0.0145145,
0.0217332,0.0293508,0.0323421,0.0358006,0.0432041,0.0470837,0.049697,0.0525661,0.0524777,0.0500554,0.0474112,0.0438089,0.0361106,0.0328559,0.0300673,0.0227077,
0.0234726,0.0225605,0.0216054,0.0209327,0.0213431,0.0218907,0.0224969,0.0229525,0.0229327,0.0222852,0.0217064,0.0214047,0.0213168,0.022162,0.0230457,0.0236501,
0.0135641,0.0297321,0.0380359,0.0494564,0.0574821,0.0595106,0.0613887,0.0628367,0.0628911,0.0615405,0.060094,0.0582187,0.0505822,0.0388338,0.0304073,0.0128992,
0.0066613,0.0227975,0.0333264,0.0520095,0.0690786,0.0742411,0.0793619,0.0847022,0.0849158,0.0799729,0.0746129,0.0689349,0.0507198,0.0329275,0.0219507,0.0084408,
0.0230463,0.0303193,0.0338689,0.0431118,0.0742105,0.0877662,0.0969437,0.1042114,0.103981,0.0968055,0.0875928,0.0741082,0.0423615,0.033074,0.0292745,0.0214588,
0.0184564,0.0253116,0.028057,0.0349257,0.0493149,0.0535095,0.0558579,0.0573499,0.0573542,0.0557293,0.0532587,0.0489694,0.0338872,0.0273714,0.0245038,0.0180465,
0.0300951,0.029982,0.0279921,0.0259142,0.025937,0.026106,0.0268145,0.0280124,0.0274332,0.0273134,0.0264181,0.0256502,0.0262233,0.0283071,0.0297492,0.0297343,
0.0435201,0.0532121,0.0536472,0.0515167,0.050794,0.0519598,0.05345,0.0543033,0.0541539,0.0528045,0.0519582,0.0510712,0.0516174,0.0534952,0.0531001,0.0435488,
0.0383214,0.0468585,0.0478451,0.0475477,0.0482579,0.0490992,0.0506642,0.0513905,0.051095,0.0504155,0.0494315,0.0480779,0.0469296,0.0460941,0.0452433,0.0362774,
0.0161921,0.0296125,0.0377793,0.0538761,0.0789846,0.0857259,0.0899436,0.0932974,0.0935239,0.0907406,0.0868199,0.0803827,0.054784,0.0393031,0.0311212,0.0168854,
0.0248851,0.0264392,0.0264845,0.026932,0.0276568,0.0283296,0.0289744,0.0295315,0.02967,0.0291728,0.0279854,0.0276603,0.0268921,0.0267436,0.0261162,0.0253422,
0.0215931,0.0343692,0.040308,0.0504889,0.0681593,0.0736692,0.0772213,0.0802305,0.0798523,0.0762666,0.0722541,0.0664258,0.0483997,0.0382434,0.032156,0.0203828,
0.0076077,0.0281587,0.0439118,0.0654399,0.0770774,0.076061,0.076037,0.0764438,0.076507,0.0763813,0.0762279,0.0775759,0.0657861,0.0434896,0.0289876,0.0078532,
0.0177051,0.0349897,0.0404552,0.0496275,0.0695157,0.0764663,0.0809871,0.0844129,0.0840835,0.0802632,0.0757655,0.0682815,0.0497293,0.0408897,0.0356998,0.0183452,
