0.0132884,0.0134469,0.0160374,0.0189187,0.0209709,0.0190567,0.0182898,0.013974,0.0082672,
0.0197558,0.022712,0.0277682,0.0289629,0.0294644,0.0338854,0.037235,0.0341541,0.0265214,
0.0109252,0.0114869,0.0138345,0.0150277,0.0148843,0.0148139,0.0136483,0.0117366,0.0079324,
0.0019121,0.0015062,0.0017383,0.0015746,0.0014218,0.001476,0.0013802,0.0014286,0.0014113,
0.0102055,0.0124227,0.012479,0.014838,0.0142553,0.0125627,0.009443,0.0064156,0.0042428,
0.0137506,0.0156942,0.0183861,0.0181015,0.017114,0.0185507,0.0156279,0.0132542,0.0072673,
0.0144724,0.0162813,0.0181753,0.0192568,0.0201945,0.0191941,0.0178382,0.0161767,0.0088822,
0.009905,0.010403,0.0117499,0.0108106,0.0108826,0.0120395,0.0092999,0.0063905,0.0040105,
0.0150522,0.0161418,0.0195064,0.0206655,0.0228548,0.0241636,0.025716,0.023988,0.0203276,
0.0055289,0.0074821,0.0065829,0.0068482,0.0065107,0.0057064,0.0047883,0.003738,0.0024066,
0.0105187,0.0109446,0.0121931,0.0128702,0.0127311,0.0124287,0.0109414,0.0084847,0.0064131,
0.0132665,0.0126033,0.0163227,0.0176324,0.0168901,0.0158182,0.0166685,0.0131536,0.0087871,
0.0096052,0.0107732,0.0116588,0.0121369,0.0136635,0.013289,0.0114644,0.0092116,0.007292,
0.0124349,0.0118846,0.014313,0.0151275,0.0161504,0.0163865,0.0154623,0.012877,0.0091,
0.0133601,0.0141782,0.0175443,0.0169899,0.0178734,0.017968,0.0201818,0.0154884,0.0108585,
0.016387,0.0198403,0.0199957,0.0226223,0.026011,0.0278121,0.0283781,0.0252365,0.0231338,
0.0150085,0.0183865,0.0204258,0.021762,0.0244511,0.0271314,0.0270207,0.025246,0.0216524,
0.0108575,0.010163,0.0117554,0.0094999,0.0107655,0.0092094,0.0065156,0.0042231,0.0046476,
0.0075773,0.0100716,0.0100175,0.0109375,0.0097011,0.0083333,0.0066984,0.0041883,0.0022169,
0.00734,0.0062793,0.0058754,0.0062281,0.0071353,0.0057295,0.0052576,0.0035168,0.0021704,
0.0132005,0.0168844,0.0163119,0.0165499,0.0198059,0.0185736,0.0190683,0.0150298,0.0096116,
0.0165301,0.0196279,0.0207848,0.0205336,0.0247155,0.0278331,0.0254538,0.0255714,0.0165789,
0.0015788,0.0020754,0.0017582,0.0016051,0.0014118,0.0015384,0.001621,0.0015271,0.0019485,
0.0078897,0.0094341,0.0098539,0.0088103,0.0087876,0.0074904,0.0060894,0.0054067,0.0073891,
0.013694,0.0168312,0.016592,0.0183467,0.0179954,0.0209669,0.0162569,0.0111463,0.0087628,
0.011573,0.0154234,0.0172476,0.0166221,0.0168551,0.0167504,0.0165755,0.0121053,0.0080272,
0.0070292,0.0082665,0.0093747,0.009854,0.0088033,0.0096278,0.0072072,0.0065273,0.0054874,
0.011257,0.0132631,0.0148324,0.0155068,0.0165569,0.0174495,0.0163897,0.0170184,0.010953,
0.0153378,0.019016,0.017931,0.0184926,0.0200375,0.0188554,0.0183107,0.0164748,0.0108387,
0.0178697,0.0194103,0.0202222,0.0215321,0.0231333,0.0238544,0.0177907,0.0173268,0.0080292,
0.0129134,0.0150747,0.0163328,0.0164801,0.0150936,0.0172415,0.0178127,0.0123781,0.0088129,
0.0100994,0.0125292,0.0135022,0.014135,0.0137579,0.014831,0.0128649,0.0117152,0.0080558,
0.0114816,0.0144048,0.0139474,0.0174001,0.0171559,0.0177037,0.0163374,0.0171413,0.0164655,
0.0037483,0.0036547,0.0035088,0.0030371,0.0028697,0.0024992,0.0025789,0.0023624,0.0022596,
0.0128385,0.0152423,0.0170539,0.0171119,0.0175428,0.018896,0.0179626,0.0147366,0.0090728,
0.0134819,0.0139378,0.0153985,0.0177555,0.0207882,0.021045,0.0192613,0.0168935,0.0126022,
0.0135887,0.0164774,0.017208,0.0206606,0.0189743,0.0207573,0.0171435,0.0132972,0.0100187,
0.0153024,0.0148714,0.0181395,0.0181588,0.0197341,0.0202118,0.0202034,0.0166629,0.0115932,
0.0152212,0.0176187,0.0197841,0.0199431,0.0196362,0.0229926,0.0220497,0.0218071,0.0152502,
0.0097909,0.0133852,0.0143284,0.0161582,0.0146275,0.0131399,0.0125126,0.0085586,0.0059901,
0.017727,0.0203836,0.0207309,0.0254627,0.0284083,0.0292298,0.0298329,0.0275987,0.0184794,
0.0065545,0.0090708,0.007968,0.0094884,0.0087558,0.0080819,0.0072839,0.0055221,0.0035792,
0.0182608,0.0201624,0.024349,0.0265562,0.027364,0.033021,0.0337325,0.0284967,0.0250967,
0.0109856,0.016117,0.0157089,0.0189461,0.0186262,0.0199396,0.0190842,0.0144855,0.0089529,
0.0122153,0.0143673,0.0161335,0.016658,0.0173749,0.0180021,0.0161346,0.0144816,0.0105996,
0.0150331,0.0190509,0.0196898,0.0253696,0.0278899,0.0268041,0.0259568,0.0262374,0.0193203,
0.0091371,0.0095873,0.0095014,0.0099501,0.0094353,0.0073428,0.0060238,0.0032004,0.0032037,
0.0193371,0.0194051,0.0217779,0.027034,0.0248689,0.0289153,0.0280864,0.0205243,0.0161108,
0.007334,0.0089957,0.0090243,0.010797,0.0096001,0.0101473,0.0068278,0.005027,0.0025587,
0.0187572,0.0209895,0.0203229,0.0249173,0.0250579,0.0292372,0.0298309,0.0276676,0.0205975,
0.0114074,0.0114241,0.0132261,0.0134427,0.0126301,0.0119897,0.009357,0.007132,0.0045173,
0.0105845,0.0109627,0.0136167,0.0159478,0.0145175,0.0150294,0.0137326,0.011393,0.0084464,
0.0212392,0.0215035,0.0236063,0.0287038,0.0315527,0.0359336,0.0347847,0.0316864,0.0291022,
0.0125141,0.0156219,0.0172449,0.0168063,0.0188029,0.019383,0.0191029,0.0140399,0.0066356,
0.0179567,0.0216612,0.0233922,0.0257397,0.0309332,0.0303944,0.0321387,0.0306537,0.0269741,
0.0070822,0.0076516,0.0077296,0.0080708,0.0062084,0.0055035,0.0036884,0.0032216,0.0019228,
0.0028472,0.0028812,0.0028669,0.0025666,0.0025137,0.0019473,0.0018195,0.0016626,0.001518,
0.0034817,0.0032943,0.0034884,0.0031656,0.0027113,0.0025613,0.0026389,0.003091,0.003248,
0.014049,0.0139601,0.0164433,0.0164403,0.0192013,0.0187155,0.0169865,0.0113073,0.0076876,
0.0172149,0.0176958,0.0194519,0.0206542,0.024372,0.0278242,0.0276284,0.0262624,0.019693,
0.0113534,0.0110356,0.0122938,0.0145252,0.0136211,0.0124812,0.012656,0.0094293,0.005716,
0.0150642,0.0191494,0.0211408,0.0229425,0.0248052,0.0251727,0.030418,0.0296503,0.024256,
0.0191934,0.0215193,0.0224188,0.0242535,0.0280158,0.0272869,0.0268703,0.0256289,0.0179283,
0.015674,0.0201939,0.0218373,0.0243597,0.0267309,0.0261528,0.0273499,0.0253094,0.021121,
0.0139111,0.0152085,0.0170963,0.0195733,0.0178149,0.0198721,0.0201347,0.0164349,0.0116294,
0.0130227,0.0142714,0.0162284,0.0169129,0.0185387,0.0211307,0.0199802,0.0190742,0.0146372,
0.0115936,0.0115155,0.0138652,0.0139769,0.0141913,0.0157959,0.0150732,0.0132467,0.0086557,
0.0111286,0.0115684,0.0144711,0.0144896,0.0144204,0.0137654,0.0131027,0.0096032,0.0062693,
0.0149339,0.0161961,0.0159049,0.0200001,0.0226126,0.0211613,0.0200184,0.0144445,0.0096005,
0.0215965,0.0274849,0.0289256,0.0311944,0.0348057,0.0377818,0.0390499,0.0403453,0.0382216,
0.0281851,0.0313526,0.0350173,0.0414143,0.043,0.0530951,0.0445984,0.0418284,0.0310358,
0.0122093,0.0166297,0.0165489,0.0176888,0.0186614,0.0180273,0.0153039,0.0095655,0.0055083,
0.0062512,0.0066585,0.0071814,0.0071892,0.0067362,0.0057657,0.0047002,0.0033339,0.0022865,
0.0133846,0.0186841,0.0205689,0.0214888,0.0252238,0.0237791,0.0207337,0.0192369,0.0131827,
0.0158546,0.020826,0.0218205,0.0248773,0.0280318,0.030032,0.0246115,0.0224959,0.0154007,
0.0125115,0.0132786,0.0130655,0.0137877,0.0146248,0.0138373,0.0113271,0.0083471,0.0047431,
0.0218293,0.0230981,0.0245208,0.0296746,0.0308345,0.0355779,0.0370028,0.0309308,0.0252257,
0.0161385,0.014896,0.0176133,0.0218368,0.0223973,0.0226585,0.0220581,0.019077,0.01361,
0.0099521,0.0117298,0.0129367,0.0120945,0.0127589,0.0121416,0.012161,0.0077328,0.0064379,
0.0166445,0.0207806,0.023035,0.0252254,0.0283656,0.0349946,0.0329769,0.0306985,0.0261505,
0.0029213,0.0034214,0.0031454,0.0031189,0.0029711,0.0021385,0.0013197,0.0011169,0.0010073,
0.0172054,0.0196418,0.0225971,0.0256819,0.0275137,0.0276228,0.0332363,0.031104,0.0227254,
0.0147248,0.0214034,0.018256,0.0227213,0.0231537,0.0260672,0.0249722,0.0234888,0.0198444,
0.0165495,0.0178051,0.0225467,0.0231341,0.0244637,0.027444,0.0301353,0.024792,0.0184278,
0.0112153,0.0129833,0.0128373,0.012363,0.0126749,0.012411,0.0091993,0.0072919,0.0037777,
0.0119237,0.0138346,0.0157843,0.0181739,0.0172681,0.0162165,0.0174821,0.0139441,0.0087691,
0.0141783,0.0165412,0.0170447,0.0179532,0.0180786,0.0203879,0.0176759,0.015034,0.0108081,
0.0126109,0.0127852,0.0163391,0.0164808,0.0187412,0.0186025,0.0166869,0.0144988,0.0105013,
0.0141218,0.0148731,0.0168114,0.0176326,0.0179388,0.0172285,0.0162804,0.0130071,0.0073635,
0.0098693,0.0133458,0.0127673,0.0131648,0.0129407,0.0136166,0.0116828,0.0098932,0.0046914,
0.0219739,0.0195938,0.0245578,0.0258754,0.0261901,0.0295011,0.0293776,0.028744,0.0212387,
0.0191371,0.0192486,0.0246787,0.0252656,0.0310154,0.0302784,0.0349094,0.036002,0.0263217,
0.0114262,0.0141449,0.0151985,0.0172252,0.0188733,0.0168347,0.0164149,0.01286,0.0082715,
0.0098768,0.0105047,0.0112594,0.0123467,0.0120688,0.0113397,0.0084633,0.0054091,0.0029909,
0.0132253,0.0155296,0.0170185,0.0171635,0.0184881,0.0166747,0.015312,0.011214,0.0070951,
0.0142751,0.0137239,0.0133015,0.0161601,0.0149331,0.0149838,0.0112289,0.0075781,0.0047544,
0.0152676,0.0180965,0.0210255,0.0196244,0.0227661,0.0257909,0.0233066,0.0197921,0.012271,
0.0149552,0.0170448,0.0190996,0.0189489,0.0225845,0.0205054,0.0228384,0.0164718,0.0148765,
0.0132566,0.0129202,0.0168827,0.0193559,0.0208199,0.0219186,0.0193681,0.0176563,0.0192854,
0.0095415,0.0102174,0.0104816,0.0124888,0.0114452,0.0097811,0.0087189,0.0058608,0.002461,
0.0143021,0.0165463,0.0177135,0.0219503,0.0210639,0.0226334,0.0241501,0.0210592,0.015409,
0.0163244,0.0198971,0.0224327,0.0236096,0.0255563,0.0298824,0.0344441,0.0310148,0.0277672,
0.0056421,0.0065435,0.006773,0.0067357,0.0059268,0.004845,0.0034591,0.0022875,0.0012818,
0.0151837,0.0196398,0.0203691,0.0223034,0.0227912,0.023779,0.0216888,0.0179573,0.0107767,
0.0046426,0.0050764,0.0052915,0.0047948,0.0051286,0.0038622,0.0035701,0.002426,0.0014381,
0.0075567,0.0077204,0.0096432,0.0096294,0.0089361,0.0076762,0.0059719,0.0043425,0.005491,
0.0235894,0.0286308,0.0335142,0.0365375,0.0423252,0.0457805,0.0498364,0.0497933,0.0496853,
0.0154738,0.0203571,0.0191997,0.0247571,0.0239361,0.0181364,0.0170368,0.0125152,0.0075044,
0.0050142,0.0057337,0.0056721,0.0058156,0.005806,0.0058428,0.0044521,0.003015,0.0021893,
0.0167772,0.0211302,0.0215311,0.0226693,0.0243534,0.0257659,0.0230693,0.0226368,0.0142213,
0.0141263,0.0120254,0.0159243,0.018021,0.0180903,0.0189026,0.0178946,0.0149799,0.0129993,
0.0020386,0.0019656,0.0017483,0.0017327,0.001733,0.0014686,0.0015411,0.0016073,0.0016627,
0.0174228,0.0202792,0.0222355,0.0231783,0.0270502,0.0292865,0.0315839,0.0268405,0.0219316,
0.0136204,0.0170814,0.0157027,0.0182432,0.0188019,0.0205227,0.017574,0.0150418,0.0088092,
0.0193194,0.0197749,0.0214395,0.0269878,0.0261326,0.0286851,0.0317714,0.0306097,0.024452,
0.018786,0.0200687,0.0198889,0.0235128,0.0251822,0.0231686,0.0251929,0.0228243,0.0165069,
0.0145338,0.0217183,0.0206674,0.0236207,0.0266415,0.025167,0.0290739,0.0238117,0.0205936,
0.0142561,0.0129226,0.0169751,0.019994,0.0230847,0.0173317,0.0177727,0.0156704,0.0096561,
0.0124593,0.0148826,0.0135595,0.0166519,0.015795,0.0140596,0.0124061,0.008639,0.0060525,
0.008422,0.0096702,0.0105564,0.0106819,0.0119971,0.0088724,0.0075857,0.0057694,0.0038063,
0.0109141,0.012407,0.0131873,0.013833,0.0140236,0.012234,0.0090139,0.0059376,0.0036061,
0.0069969,0.0067062,0.0066308,0.0072678,0.0056969,0.0054858,0.004997,0.0037968,0.0034778,
0.0157705,0.0172185,0.0197777,0.021083,0.0212428,0.0231603,0.0238609,0.0182407,0.0148563,
0.0072298,0.0079873,0.0106987,0.0097803,0.0093252,0.0080284,0.0063178,0.0046568,0.0022201,
0.0146823,0.0205491,0.0222392,0.0230762,0.0275979,0.0269297,0.0285107,0.023306,0.0185576,
0.0183198,0.0247583,0.0269462,0.0262144,0.0281812,0.0312725,0.0313717,0.0261121,0.0182263,
0.0153242,0.0158546,0.0174374,0.0176729,0.0209619,0.0208345,0.0203203,0.0170067,0.0116527,
0.0200722,0.0200629,0.0226459,0.02541,0.0277147,0.0292865,0.0309231,0.0297092,0.0218292,
0.015721,0.0181144,0.0179286,0.0202389,0.0218818,0.0197889,0.0210211,0.0181446,0.0123959,
0.008649,0.010159,0.0093975,0.0106975,0.0102068,0.0091099,0.0100513,0.0075791,0.0050701,
0.0117859,0.0138381,0.0157023,0.0195674,0.0180181,0.0194474,0.0196371,0.0158028,0.0103749,
0.0122116,0.0128495,0.0129232,0.0146722,0.0142904,0.0132894,0.011318,0.007978,0.0060343,
0.0113106,0.0123088,0.0142894,0.0144087,0.0145819,0.0142632,0.014488,0.0111374,0.0083284,
0.0167849,0.0167209,0.0159536,0.0196269,0.0218332,0.0230859,0.0202986,0.017827,0.0142666,
0.0082959,0.0082393,0.0091954,0.0091672,0.0081606,0.0055518,0.0033843,0.0036103,0.0060562,
0.0107409,0.0127408,0.0124585,0.0136127,0.0151632,0.0136891,0.0122012,0.0078744,0.0053789,
0.0209746,0.021279,0.0257625,0.029613,0.0312471,0.0330493,0.035476,0.0308856,0.0238722,
0.0152464,0.0199354,0.0202514,0.0212766,0.0236537,0.0248977,0.027515,0.0247346,0.018625,
0.0185557,0.0217136,0.0222923,0.0237542,0.0324842,0.0311249,0.0327016,0.0280792,0.022558,
0.0084903,0.008679,0.0112746,0.0125473,0.0118503,0.0105061,0.0089302,0.0061198,0.0045137,
0.0112379,0.012505,0.0134788,0.0149042,0.0155726,0.0145717,0.0145232,0.0108296,0.0093658,
0.0029451,0.0033917,0.0034886,0.0036181,0.0033053,0.0028067,0.0022599,0.0014843,0.0011927,
0.0135932,0.016523,0.0155234,0.0174036,0.0173823,0.0176519,0.0165115,0.0137453,0.0084602,
0.0093702,0.0094739,0.0106555,0.0112857,0.0110328,0.0100511,0.008909,0.006424,0.0036573,
0.0121773,0.0137571,0.0149914,0.0136084,0.0156881,0.0128226,0.014303,0.0109278,0.0066978,
0.0154149,0.0160072,0.0190402,0.0220707,0.0206783,0.0224293,0.0197401,0.0169304,0.0113088,
0.0072546,0.0095059,0.0095917,0.0099791,0.0108622,0.0101982,0.009533,0.0068866,0.0052713,
0.0155,0.0187381,0.0184151,0.0203701,0.0223596,0.0218876,0.0222597,0.0174608,0.0112792,
0.018235,0.0231804,0.0231604,0.0272326,0.0275186,0.0316987,0.0313445,0.0305295,0.0242639,
0.0121876,0.0141399,0.0146218,0.0183531,0.0174938,0.0190676,0.019426,0.0190576,0.0127243,
0.0148618,0.007806,0.0056905,0.00469,0.0021684,0.0019403,0.0015234,0.0012641,0.0012868,
0.0193093,0.022501,0.0251244,0.027502,0.0297018,0.0318748,0.0314313,0.0292319,0.0257152,
0.0159483,0.0165098,0.0174417,0.019557,0.0205241,0.0235879,0.0246843,0.022959,0.0185627,
0.0118116,0.0159157,0.0185107,0.0185162,0.0198859,0.021109,0.0211629,0.0201672,0.0156538,
0.0122181,0.013499,0.0142938,0.0155866,0.0150866,0.0159081,0.0138341,0.0125102,0.0072966,
0.0068741,0.0076853,0.0082531,0.0074527,0.0066058,0.0064633,0.0052563,0.0031298,0.0015078,
0.0109999,0.0106579,0.0106394,0.0101272,0.0085286,0.0069434,0.0042609,0.0036378,0.0059808,
0.0185452,0.0190871,0.020048,0.0225133,0.0249577,0.026599,0.0253395,0.019731,0.0157177,
0.0140096,0.0197953,0.0214915,0.022144,0.0216795,0.0250893,0.0229677,0.0220045,0.014655,
0.0146527,0.0198225,0.019338,0.023185,0.0244918,0.0264453,0.0271929,0.0249088,0.0158271,
0.0161443,0.0177042,0.0212475,0.0221902,0.0208304,0.0226448,0.0221545,0.0163892,0.0128128,
0.0170998,0.0206019,0.0230249,0.0237615,0.024521,0.0280121,0.0281053,0.0252129,0.0197042,
0.0166479,0.018398,0.0186869,0.0251976,0.0252845,0.0245998,0.0266275,0.0213706,0.01552,
0.0126813,0.0153443,0.0122885,0.0152719,0.0173081,0.0152992,0.0138778,0.0118908,0.0073551,
0.001225,0.00134,0.0012602,0.0011739,0.0010244,0.0011057,0.0011759,0.0012056,0.0013165,
0.0162118,0.0162193,0.0209453,0.0197704,0.0212101,0.0232181,0.0215499,0.0185768,0.0136992,
0.0044209,0.0043692,0.0043232,0.003968,0.0036857,0.0031668,0.003191,0.0039002,0.0043741,
0.010892,0.0130036,0.0137381,0.0157806,0.0184333,0.0184631,0.0180596,0.0159297,0.0131376,
0.0123905,0.0141743,0.0152863,0.018814,0.0161681,0.0171868,0.016757,0.0135466,0.0053267,
0.013469,0.0190896,0.0226373,0.0238614,0.0270155,0.0270264,0.0281796,0.0227313,0.0178343,
0.0276876,0.0280734,0.0300169,0.0322447,0.0392807,0.0455414,0.0438539,0.0435333,0.0410821,
0.0139303,0.0195019,0.0216316,0.0232772,0.0216978,0.0244705,0.0250572,0.0177533,0.0133075,
0.0129422,0.0163388,0.0172431,0.0186424,0.0211699,0.020392,0.0188992,0.0170477,0.0119927,
0.0024175,0.0022621,0.0023216,0.0023412,0.0020018,0.0022846,0.0021143,0.0023955,0.0023755,
0.0061815,0.0070318,0.0073058,0.0082269,0.007246,0.0072798,0.0056428,0.0049017,0.0026677,
0.0167771,0.0198212,0.0229595,0.0264631,0.0261643,0.0270606,0.0303079,0.028226,0.0183515,
0.0144072,0.0146691,0.0159747,0.01734,0.0171979,0.0159522,0.0153558,0.0106074,0.0054563,
0.008845,0.0106263,0.0108181,0.0129393,0.0101781,0.0098516,0.0077869,0.0066487,0.0057893,
0.0138691,0.018088,0.0187672,0.0218149,0.0191021,0.0237075,0.021681,0.0178829,0.0128184,
0.0083673,0.0070042,0.0073442,0.008356,0.0069854,0.0063278,0.0047717,0.0033148,0.0025108,
0.0158386,0.0189158,0.020339,0.0230116,0.0230581,0.0256324,0.0250727,0.0203534,0.0171235,
0.0124151,0.0144888,0.0146111,0.014648,0.0169006,0.0139102,0.012139,0.0092697,0.005721,
0.0143287,0.0149596,0.0185514,0.0188932,0.0217519,0.0207517,0.025245,0.0201353,0.0175102,
0.0189308,0.0198769,0.0210838,0.0254597,0.0268886,0.0282271,0.0297653,0.0301614,0.0200009,
0.0143205,0.0153644,0.0151693,0.0173641,0.019486,0.0180643,0.0166442,0.0126443,0.0084822,
0.003103,0.0036803,0.003641,0.0038829,0.003255,0.002897,0.0021768,0.0016545,0.001164,
0.0019285,0.0019447,0.0019211,0.0019914,0.0021439,0.0020812,0.0021509,0.0025778,0.0035231,
0.0165559,0.019689,0.0211869,0.025786,0.0271218,0.0276195,0.0313945,0.0304593,0.022379,
0.0113274,0.0124064,0.0145658,0.0145877,0.0155613,0.0156408,0.0139866,0.0125837,0.0092493,
0.0123248,0.0121419,0.0130015,0.0143246,0.0141778,0.0133015,0.0116944,0.009307,0.0055249,
0.0101967,0.0129423,0.0136489,0.0139413,0.0141498,0.0157893,0.013048,0.0107661,0.0062826,
0.0191781,0.0234761,0.0271779,0.0290334,0.033411,0.0344835,0.0364985,0.0367983,0.0306363,
0.0140354,0.0166896,0.0179486,0.0198916,0.0192803,0.0206966,0.0198394,0.0156844,0.0102453,
0.0177574,0.0210964,0.0234006,0.0264118,0.0280923,0.0317042,0.0335822,0.0311925,0.0232083,
0.014221,0.0172655,0.0182049,0.0201132,0.0213108,0.0224577,0.0236879,0.0216294,0.0171629,
0.0121279,0.0119598,0.0123943,0.0144547,0.0131179,0.0129236,0.0113347,0.0070099,0.0031776,
0.0043742,0.0050609,0.0043198,0.0038805,0.0031761,0.0028961,0.0041744,0.0061202,0.0063334,
0.0094203,0.0104126,0.0102777,0.0107455,0.0109112,0.0113472,0.0092899,0.0077615,0.005391,
0.0089417,0.0102906,0.011262,0.0120055,0.0124786,0.0119853,0.0109548,0.0083354,0.0044713,
0.0148869,0.0165024,0.016997,0.0183226,0.0195729,0.0195494,0.0164674,0.0148606,0.0104429,
0.0080608,0.00997,0.0099886,0.0104237,0.0102596,0.0095333,0.0079166,0.0052771,0.0037778,
0.0143918,0.0161506,0.0188169,0.0197319,0.0205835,0.0224505,0.0217247,0.0190973,0.0127397,
0.0208868,0.0236794,0.0253031,0.0296641,0.0353086,0.0333499,0.0391614,0.0353686,0.0324086,
0.0170468,0.0192391,0.0232626,0.0269311,0.031288,0.0319002,0.0332232,0.0292052,0.0265934,
0.014418,0.0176279,0.018278,0.0194556,0.0228039,0.0239294,0.0242035,0.0230962,0.0175609,
0.0137532,0.0136688,0.0159685,0.016149,0.0161248,0.0169031,0.0150321,0.0121206,0.0074182,
0.0129206,0.0143825,0.0149876,0.0167936,0.0178902,0.0175314,0.0155153,0.0124032,0.0091122,
0.0025739,0.0028746,0.0028846,0.0027332,0.0025152,0.0021135,0.0015339,0.0012957,0.001424,
0.0115871,0.0134532,0.0140249,0.0155929,0.0154623,0.0153027,0.0134811,0.0106529,0.0071485,
0.0238493,0.0278808,0.0335198,0.0349895,0.0370806,0.0417264,0.0508306,0.0470347,0.0419202,
0.0134472,0.0154484,0.0152835,0.0180881,0.0192438,0.0180357,0.0163299,0.0127429,0.0094825,
0.0092097,0.0066542,0.0050553,0.0039796,0.0037622,0.0034264,0.0027832,0.0022503,0.0027322,
0.0169668,0.0200673,0.0218637,0.0231956,0.0255756,0.0286288,0.0270841,0.0248959,0.0178603,
0.0089998,0.0105673,0.0101796,0.0103916,0.0096806,0.0091795,0.0071475,0.0053878,0.003328,
0.0102757,0.0113875,0.0130458,0.0141464,0.0141183,0.0138529,0.011842,0.0087892,0.0048186,
0.0194511,0.0235861,0.0233533,0.0280742,0.0318979,0.0331013,0.0353593,0.0346551,0.0289565,
0.0156733,0.0179223,0.0187824,0.022158,0.023389,0.0237984,0.024874,0.0217238,0.0177127,
0.0143531,0.0159473,0.0208789,0.0223567,0.025249,0.0280735,0.0279456,0.0269557,0.0268557,
0.0141447,0.0161686,0.0213694,0.021075,0.0241647,0.0267405,0.0265701,0.0265421,0.0207707,
0.0121886,0.0119573,0.0144869,0.0165274,0.01603,0.0144037,0.012808,0.0102541,0.0053544,
0.0127139,0.0150456,0.0156676,0.0173684,0.0175602,0.0172645,0.0163386,0.0159341,0.0112413,
0.0178842,0.019157,0.0208849,0.0218043,0.0237016,0.0245112,0.0234947,0.0210126,0.0155614,
0.0162069,0.016768,0.0166923,0.0202071,0.0205929,0.0226307,0.0204014,0.0162831,0.0111015,
0.0141781,0.0157326,0.0190344,0.0209364,0.0236501,0.0220357,0.0202145,0.0183915,0.011387,
0.0145091,0.0141348,0.0177853,0.0192822,0.019915,0.0201859,0.0187189,0.0137758,0.0099109,
0.0097456,0.0109462,0.013388,0.0134777,0.0135565,0.0137592,0.0129692,0.0098382,0.0060714,
0.0136115,0.0148102,0.0168045,0.0187289,0.0211043,0.0229842,0.0212093,0.017925,0.0125273,
0.0136627,0.0165231,0.017017,0.0184183,0.0196487,0.021208,0.0205312,0.0184838,0.0135842,
0.0134821,0.0123143,0.015217,0.0157888,0.0172527,0.017981,0.0172491,0.0140565,0.0081793,
0.0031661,0.0039898,0.0040581,0.0040249,0.0033952,0.0028822,0.0021561,0.0015652,0.0012066,
0.0065263,0.0073194,0.0066203,0.006259,0.0059754,0.0042489,0.0036034,0.0033661,0.0026323,
0.0162773,0.0176376,0.0205349,0.0241396,0.0244683,0.025182,0.023733,0.0196716,0.0125329,
0.0155157,0.0166319,0.0188316,0.0200754,0.0227004,0.0233918,0.0236099,0.0227667,0.0179162,
0.0165043,0.0220216,0.0238017,0.0257759,0.0297555,0.0299438,0.0301989,0.0303037,0.0231805,
0.0100091,0.0106495,0.0107515,0.0119595,0.0115619,0.0105745,0.0085917,0.0056061,0.0029121,
0.0170746,0.0208018,0.0198822,0.0241478,0.0235968,0.026152,0.0237315,0.022624,0.0168152,
0.010126,0.0108732,0.0118575,0.0111224,0.0120207,0.0105246,0.0079922,0.0060797,0.0026164,
0.0079612,0.0101498,0.0104044,0.0116569,0.0110348,0.0106818,0.0098914,0.0081265,0.0057534,
0.0137614,0.0144904,0.0174601,0.0196476,0.0214425,0.0215418,0.0197362,0.0153102,0.0094185,
0.0143972,0.0154809,0.0189366,0.0198636,0.0216327,0.0202211,0.0194787,0.0157012,0.010249,
0.0134251,0.0161633,0.0160878,0.0193791,0.0210228,0.0225273,0.0217603,0.0197018,0.0133182,
0.0116063,0.0128108,0.0130016,0.0136176,0.0136607,0.0141345,0.0126884,0.0103821,0.0056035,
0.0133832,0.0146504,0.0167008,0.0172997,0.0208644,0.0200084,0.0181438,0.0166507,0.0127312,
0.0184019,0.0177418,0.0227244,0.0266423,0.0277812,0.0298069,0.0290395,0.0280351,0.0253972,
0.0209169,0.0258278,0.0244526,0.0299771,0.0318273,0.0362829,0.0366087,0.0393294,0.0320153,
0.0144376,0.0147709,0.0148491,0.0140828,0.0144775,0.0125378,0.0106808,0.0062057,0.0034358,
0.0165988,0.0208245,0.0208252,0.0236955,0.0247991,0.0259498,0.0242087,0.0215059,0.0166484,
0.0176764,0.0221452,0.0211041,0.0265777,0.0291434,0.028999,0.0319045,0.0300971,0.0212999,
0.0044787,0.0047164,0.0046009,0.0041328,0.0036433,0.0027467,0.0022296,0.0015916,0.0013286,
0.0202502,0.0230207,0.0266888,0.0305275,0.0335101,0.0357925,0.0364523,0.0311672,0.0263318,
0.0134923,0.0154536,0.0169442,0.0179737,0.0179722,0.0202058,0.0192111,0.0167807,0.0109602,
0.0143233,0.0149248,0.0169013,0.0184609,0.0200554,0.0208682,0.0205621,0.0168981,0.0119122,
0.0118436,0.0137468,0.0145221,0.0154506,0.016403,0.0152599,0.015769,0.0130524,0.0090614,
0.0142619,0.0182865,0.0186478,0.0216011,0.0231147,0.0233431,0.0195065,0.0174384,0.0127297,
0.0051068,0.0061622,0.0063553,0.0067247,0.0070882,0.0063931,0.0055336,0.0043413,0.003811,
0.0091561,0.0114839,0.011999,0.0137698,0.0137642,0.0139517,0.0141079,0.0144346,0.0134859,
0.0177644,0.0223731,0.0248218,0.0276642,0.0297154,0.0321413,0.0353434,0.0326251,0.0286109,
0.0186455,0.0202587,0.02145,0.0237805,0.0282064,0.0302246,0.028867,0.0272723,0.0216766,
0.0141427,0.016204,0.0180756,0.0189208,0.0201773,0.0218635,0.0204764,0.0172923,0.0140691,
0.0027538,0.0030126,0.0031219,0.0027489,0.002434,0.0020787,0.0015083,0.0012382,0.0015226,
0.020011,0.0192134,0.0225464,0.0240903,0.0249813,0.0276715,0.0238664,0.0213904,0.0147706,
0.0181704,0.0189909,0.0209365,0.02172,0.0236755,0.0250729,0.022846,0.020896,0.015317,
0.0136924,0.0111335,0.0116674,0.0118585,0.0115068,0.0100077,0.0078849,0.0045087,0.0028901,
0.0161609,0.0187808,0.0197715,0.0255456,0.0261576,0.0283969,0.0261232,0.0247277,0.016487,
0.0116991,0.0146941,0.0144889,0.0158422,0.0169203,0.0166952,0.0143528,0.0113515,0.008717,
0.0059215,0.0065933,0.006983,0.007337,0.0066413,0.0061787,0.0053049,0.0044526,0.003596,
0.0017225,0.0017608,0.0016515,0.0014214,0.0013105,0.0011407,0.0011641,0.0014004,0.0018496,
0.0047978,0.0057639,0.0053026,0.0054576,0.0052804,0.004613,0.00359,0.0030138,0.0022524,
0.005179,0.0052532,0.0060657,0.0058194,0.0053025,0.0045492,0.0032052,0.002036,0.0014078,
0.0138325,0.0161195,0.0189963,0.0200134,0.0228125,0.0219354,0.0231017,0.0176014,0.0116185,
0.0196329,0.0248238,0.0271753,0.0302293,0.0325257,0.036079,0.0418109,0.0404714,0.0326445,
0.0032282,0.0030668,0.0031208,0.0030996,0.0030502,0.0026643,0.002156,0.001927,0.001598,
0.0124623,0.0131484,0.0129099,0.0139136,0.0138124,0.0125789,0.0093762,0.0065757,0.0046579,
0.0419796,0.0140021,0.0090518,0.0019721,0.0021642,0.001823,0.0020227,0.0022009,0.0026232,
0.0156651,0.0172472,0.0211553,0.0210201,0.0226045,0.0255641,0.0237811,0.0221887,0.0161482,
0.0146742,0.0177834,0.01769,0.0192305,0.0217329,0.020841,0.0214907,0.0172294,0.013581,
0.0157686,0.0188697,0.0190323,0.0220476,0.0236092,0.0264147,0.0239266,0.0219858,0.0150334,
0.013122,0.0149033,0.0152519,0.017145,0.0179432,0.0193223,0.0205383,0.0174646,0.0130923,
0.0118577,0.0119758,0.0127774,0.0140341,0.0149119,0.013457,0.0111035,0.008495,0.004176,
0.0107583,0.0122029,0.0128417,0.0148159,0.0130882,0.0140385,0.013374,0.0110804,0.0076168,
0.0099635,0.0107711,0.0124708,0.0125634,0.0119401,0.0116094,0.0095232,0.0077747,0.0050682,
0.0093946,0.0099876,0.0116075,0.0125893,0.0119569,0.0102064,0.0087165,0.005658,0.0028967,
0.0180257,0.0177873,0.0215843,0.0230736,0.0248974,0.0252924,0.0260621,0.0215945,0.0150137,
0.0139212,0.0143193,0.0167146,0.017765,0.019122,0.0180971,0.0160156,0.0135403,0.0092691,
0.0151767,0.017333,0.0202954,0.0205279,0.023248,0.0221724,0.0204965,0.0172681,0.0118265,
0.0208785,0.0224612,0.0272249,0.0291451,0.0348045,0.0370837,0.0374219,0.0368053,0.0311981,
0.0170945,0.0195295,0.0209676,0.0248093,0.0281867,0.0315994,0.0303323,0.028269,0.0225396,
0.0130969,0.0148815,0.0155631,0.0185197,0.0207288,0.0214235,0.0213597,0.0191878,0.016931,
0.0129121,0.0144938,0.0164758,0.0187632,0.0182125,0.0198705,0.0178479,0.0150687,0.0103717,
0.0161816,0.0169671,0.0194076,0.0202055,0.0230406,0.0242698,0.0218433,0.0187042,0.0135988,
0.0092361,0.010717,0.0108468,0.0106004,0.0100271,0.0076881,0.0053432,0.0053422,0.007788,
0.0213419,0.0226221,0.0270514,0.0294278,0.0336169,0.0409388,0.0384648,0.0426953,0.0379431,
0.0196163,0.0213073,0.0259822,0.0292687,0.0303658,0.0348701,0.0328654,0.0332134,0.0293183,
0.0151477,0.0178952,0.0207427,0.0224977,0.0229088,0.0256412,0.0262838,0.0250555,0.0213331,
0.0054062,0.0059822,0.0061588,0.006218,0.0064018,0.0051598,0.0039504,0.0028942,0.0017814,
0.0163634,0.0168454,0.0202063,0.0220056,0.0233031,0.0232729,0.0230821,0.0204459,0.0168525,
0.0173889,0.0196958,0.0228915,0.0264558,0.0283811,0.0318201,0.0311332,0.0297505,0.0256678,
0.0106595,0.0100843,0.0122359,0.0124421,0.012049,0.0109369,0.0097304,0.0067162,0.0042018,
0.0162943,0.0169241,0.0203392,0.0221778,0.0232676,0.0247603,0.0236021,0.0215673,0.0147287,
0.0082876,0.0043452,0.0041214,0.0036607,0.0031541,0.0023756,0.0017574,0.0011765,0.001411,
0.0198359,0.021638,0.0246737,0.0270637,0.0294417,0.0315466,0.0321717,0.0329887,0.0247192,
0.0075628,0.008313,0.008403,0.0083444,0.0082835,0.0071002,0.0055448,0.0034192,0.0034437,
0.0181693,0.0199157,0.0233536,0.026724,0.0263196,0.0299339,0.026752,0.0220468,0.0170491,
0.016678,0.0184366,0.0192718,0.0221742,0.0243064,0.0251315,0.0275726,0.026804,0.0215573,
0.0146007,0.0169756,0.0165295,0.0195815,0.0198557,0.0211804,0.0202586,0.0172197,0.012379,
0.0190532,0.0193127,0.0219746,0.0236278,0.0242807,0.0260952,0.0249692,0.0217038,0.0180319,
0.0154801,0.0187654,0.0184631,0.0208035,0.0220583,0.0251006,0.0213138,0.0184793,0.0156753,
0.0116374,0.0142042,0.0134684,0.01519,0.0149106,0.0157688,0.0145739,0.0113163,0.0065326,
0.0051928,0.0053663,0.0053662,0.0052835,0.0043112,0.0035891,0.0027211,0.0021426,0.0017425,
0.0045216,0.0028951,0.0025708,0.0026176,0.0032199,0.0036062,0.0043489,0.0046863,0.0047949,
0.0151566,0.0172039,0.0212694,0.0232862,0.0246323,0.0255033,0.0258585,0.0247394,0.0209848,
0.0077999,0.0091817,0.0094114,0.0106221,0.0099989,0.009393,0.0079662,0.005667,0.0038182,
0.0148127,0.0162933,0.0187908,0.0186356,0.0212845,0.0215952,0.0206787,0.017803,0.0117452,
0.0205207,0.0218996,0.0246258,0.0274651,0.0295848,0.0335332,0.0305968,0.0331022,0.0271301,
0.0125539,0.0121062,0.0141881,0.0153312,0.0159807,0.0169408,0.0155223,0.0136375,0.0091867,
0.0142514,0.0179222,0.018799,0.0220268,0.0224336,0.0228442,0.0226048,0.0195542,0.013574,
0.0120042,0.0149631,0.0151742,0.0167207,0.0173858,0.0182953,0.0161786,0.0134956,0.007787,
0.0135575,0.0141309,0.0179648,0.0193121,0.0200247,0.0211968,0.0203918,0.0159459,0.0116631,
0.0085057,0.0095569,0.0106969,0.0108348,0.0109214,0.0093781,0.0077748,0.0050661,0.0025432,
0.0122915,0.0136116,0.0157153,0.0161467,0.0175625,0.0161172,0.0148079,0.0110872,0.0079382,
0.0167055,0.019012,0.0214954,0.0248222,0.0248036,0.0299802,0.0317944,0.0317553,0.0236169,
0.0070941,0.00817,0.0081098,0.0079386,0.0077818,0.0063909,0.0047371,0.0032839,0.002039,
0.00914,0.0102721,0.0109074,0.0117403,0.0115472,0.0110912,0.0098166,0.0069737,0.0041544,
0.0133752,0.0157013,0.0182969,0.0194322,0.0198271,0.0178286,0.0150349,0.0124603,0.0062178,
0.0116977,0.0122197,0.0144703,0.0152556,0.0151641,0.0144804,0.0120611,0.0086279,0.0071863,
0.0150334,0.0142118,0.0195912,0.0198905,0.0205843,0.0225926,0.0236645,0.0175414,0.0126808,
0.0143788,0.0158433,0.0181891,0.0193031,0.0206435,0.0210022,0.0190781,0.0178586,0.0134484,
0.0150724,0.016979,0.0189598,0.0201167,0.0202818,0.0194226,0.0196364,0.0132907,0.007254,
0.0224101,0.0253847,0.0289082,0.0312087,0.0339782,0.0393822,0.0397797,0.0407282,0.0387528,
0.0136302,0.0151223,0.0178715,0.0187779,0.019283,0.01973,0.0181526,0.0143936,0.0094738,
0.0106094,0.0143883,0.0155496,0.0161445,0.016497,0.0166374,0.0163948,0.01454,0.0092039,
0.0090599,0.0098243,0.011214,0.0117745,0.0124447,0.0119729,0.0109293,0.0083216,0.0049206,
0.0119244,0.0128663,0.0153548,0.015356,0.0172642,0.0140316,0.0139095,0.0112395,0.0086948,
0.009026,0.009739,0.0103094,0.0102932,0.0100219,0.0084232,0.006498,0.0052125,0.0061808,
0.013824,0.0179991,0.0201322,0.0206741,0.0220792,0.0226486,0.0212131,0.0180281,0.0124725,
0.0129483,0.015169,0.0173024,0.0180285,0.0186621,0.0188678,0.0179045,0.0132454,0.0075146,
0.0162067,0.0160316,0.0186012,0.0203347,0.0225267,0.0219031,0.0198257,0.0181792,0.0117977,
0.0163295,0.0176304,0.0215956,0.0244366,0.0256698,0.0256539,0.0277891,0.0233745,0.0170968,
0.011055,0.0128474,0.0130854,0.0138859,0.0134974,0.0140931,0.0113962,0.0073385,0.0036655,
0.0149279,0.0156524,0.0172016,0.0185188,0.0196075,0.021654,0.0210192,0.0191482,0.0130184,
0.0142377,0.0175655,0.0183293,0.0201492,0.021672,0.0230518,0.0193851,0.0180906,0.0141979,
0.015865,0.0155658,0.0179592,0.0193799,0.0194508,0.0215276,0.0214402,0.017032,0.0119289,
0.0145257,0.0164099,0.0184594,0.0202173,0.0207401,0.0217118,0.0213047,0.0178508,0.0121025,
0.0142279,0.017032,0.019861,0.0218055,0.0247666,0.0234201,0.0214235,0.0192268,0.0144276,
0.0101444,0.0115396,0.0128554,0.0128628,0.0139117,0.0129857,0.0122433,0.00939,0.0059392,
0.0095741,0.0106315,0.01152,0.0121502,0.0123428,0.0127433,0.0112203,0.0085558,0.0053461,
0.004558,0.0048288,0.0048912,0.0048913,0.0046351,0.0041601,0.0033062,0.002794,0.0021935,
0.0086399,0.0108041,0.0110622,0.0126888,0.0124674,0.0111532,0.0090509,0.0060782,0.0042229,
0.0176937,0.0201773,0.0219125,0.0241972,0.026761,0.0278301,0.0261656,0.0218841,0.0161218,
0.0405659,0.0177246,0.0223463,0.0270964,0.0281424,0.0268431,0.0229371,0.0199293,0.016322,
0.0151456,0.0130759,0.0167784,0.0176984,0.0190386,0.0170883,0.0174142,0.0129782,0.0073578,
0.0101902,0.0108618,0.0119141,0.0121823,0.0129214,0.0120866,0.0115917,0.0088638,0.0064052,
0.0104811,0.0124246,0.0126044,0.0136615,0.015164,0.0148453,0.0123357,0.0098398,0.0058698,
0.0094584,0.0106629,0.0121383,0.0117671,0.0124855,0.0119523,0.0106175,0.008548,0.0046942,
0.0108429,0.0127789,0.0133482,0.0153227,0.0142998,0.0122647,0.0111854,0.0086285,0.0044894,
0.010756,0.0130267,0.0136085,0.0150278,0.0148715,0.0140044,0.0131536,0.009454,0.0054248,
0.0052035,0.0052851,0.0056088,0.0055222,0.0053431,0.0040152,0.0027321,0.0015977,0.0011682,
0.0170615,0.0177114,0.0214966,0.0222365,0.0247902,0.0258199,0.0246442,0.0226774,0.0132359,
0.0060568,0.0061483,0.006283,0.0068743,0.0057956,0.0048724,0.0043424,0.003433,0.0026083,
0.0096942,0.0119766,0.0118226,0.0129715,0.0132482,0.0117603,0.0104362,0.008745,0.0057425,
0.013483,0.013862,0.0162078,0.0171866,0.018587,0.0212523,0.022745,0.021484,0.0180078,
0.0088274,0.0098316,0.0103652,0.0112472,0.0109825,0.0111237,0.010277,0.0084379,0.0078665,
0.0069036,0.0079744,0.0081858,0.008453,0.0073595,0.0067966,0.0053571,0.0033601,0.0025076,
0.0159586,0.0167883,0.0193031,0.0200179,0.0222526,0.0215662,0.0200839,0.0154251,0.0103407,
0.0156275,0.0153178,0.0173804,0.0200258,0.0220119,0.0223341,0.021148,0.0190224,0.0146189,
0.0139993,0.0173062,0.0182136,0.0194715,0.0205637,0.0214174,0.0201811,0.016952,0.014219,
0.0178233,0.0190822,0.0200306,0.0228034,0.0237415,0.0250457,0.0241071,0.0219245,0.01576,
0.0181219,0.0196038,0.0201873,0.0235823,0.0265733,0.0270144,0.0278376,0.0251511,0.0193716,
0.0166902,0.0208023,0.0195567,0.0243876,0.0264165,0.0263736,0.0259838,0.0224511,0.0151127,
0.0045951,0.0052075,0.0058911,0.0060266,0.0055282,0.0047194,0.0033729,0.0026047,0.0018905,
0.0146213,0.0146944,0.0183979,0.0187839,0.0220905,0.0229643,0.0230128,0.0179297,0.0139974,
0.0136453,0.0137346,0.0152615,0.0174582,0.0170012,0.0160075,0.0147295,0.0102144,0.006899,
0.0142119,0.0139705,0.0179005,0.018741,0.0191205,0.0218309,0.0194559,0.0177104,0.011692,
0.017447,0.0206692,0.0212612,0.0241691,0.0257026,0.0317425,0.0328396,0.0305177,0.0254866,
0.0203675,0.0231983,0.0233569,0.0283918,0.0303912,0.0329356,0.030514,0.0328656,0.0240332,
0.0173473,0.0194503,0.0207351,0.0238572,0.0252685,0.0266951,0.0265815,0.0252587,0.0166983,
0.0141499,0.0156808,0.0189855,0.0206042,0.0209124,0.02366,0.0234777,0.0213873,0.0187946,
0.0088053,0.0103519,0.0108567,0.0107116,0.0115497,0.0096107,0.0091837,0.0058928,0.0031141,
0.0195556,0.0221152,0.0242679,0.0272424,0.0312655,0.0355548,0.0374505,0.0357791,0.0284949,
0.0130585,0.0154266,0.0155404,0.0151202,0.0158571,0.0147888,0.0129778,0.0084403,0.0042399,
0.0068813,0.0072353,0.0077256,0.008301,0.0085579,0.0069831,0.0061746,0.0048564,0.0027947,
0.0133091,0.01684,0.0186422,0.0209782,0.0215063,0.0243307,0.0236804,0.0228264,0.017294,
0.0096858,0.011139,0.0124683,0.013373,0.0146478,0.013361,0.0129841,0.0115812,0.0075521,
0.0156309,0.0182572,0.0219806,0.0225153,0.0241944,0.0263135,0.0249265,0.0223832,0.0139035,
0.0083919,0.0084439,0.0099177,0.0095768,0.0092063,0.0080992,0.0065148,0.0045606,0.0023301,
0.0141038,0.0151746,0.0173444,0.0187649,0.0213327,0.0204316,0.0205454,0.016616,0.0116621,
0.0123726,0.0138992,0.0145018,0.0151546,0.0145899,0.014556,0.0107342,0.0082531,0.0042825,
0.0070077,0.0079914,0.0085214,0.0085065,0.0090018,0.0076279,0.0061911,0.0041601,0.0027147,
0.0143805,0.0170642,0.0173512,0.0184231,0.0205741,0.0207603,0.0200669,0.0182022,0.0148245,
0.0053124,0.0061742,0.0065626,0.0063626,0.0053585,0.0042665,0.0037386,0.0048041,0.00603,
0.0168246,0.0185209,0.0208596,0.0249648,0.0271221,0.0279633,0.0280867,0.0256295,0.0212716,
0.0195073,0.0239429,0.0258005,0.0293003,0.034447,0.0369682,0.0410957,0.039904,0.034112,
0.0090264,0.0097409,0.0102281,0.0109506,0.0093217,0.0089022,0.0073532,0.0048822,0.0034516,
0.0107352,0.0120266,0.0127333,0.0146728,0.0150352,0.0150658,0.0134723,0.0103347,0.0061272,
0.0175765,0.0211513,0.0253575,0.0277303,0.0292684,0.0322657,0.0382654,0.0364399,0.0330684,
0.0047348,0.0055491,0.0060807,0.0053876,0.0047001,0.0035987,0.0027232,0.0020536,0.0016934,
0.0146195,0.0170356,0.0194415,0.0219339,0.0238315,0.0233954,0.0236315,0.0182974,0.0149255,
0.0162422,0.0179684,0.0208522,0.0236197,0.0277278,0.0294303,0.031454,0.0301763,0.0258256,
0.0131067,0.0142467,0.0181436,0.0192504,0.0225975,0.0222936,0.0199184,0.017248,0.0132658,
0.0093633,0.010391,0.0112581,0.0120471,0.011821,0.011098,0.0092093,0.0074569,0.0053249,
0.0206817,0.0232805,0.0242983,0.0288677,0.0313321,0.0324818,0.0359657,0.0325568,0.0249965,
0.0060558,0.0066555,0.006586,0.0067186,0.0073654,0.0066156,0.0058363,0.0044682,0.0026738,
0.0152686,0.0171671,0.0184702,0.0194459,0.0211197,0.0198116,0.0196537,0.016793,0.0105211,
0.0140094,0.0158082,0.0171214,0.0196289,0.0193331,0.021014,0.0203526,0.0178225,0.0114349,
0.0203333,0.021507,0.0243692,0.027963,0.0299467,0.0317364,0.0315976,0.0307528,0.0271704,
0.0112978,0.013753,0.0144011,0.0159466,0.015842,0.0174984,0.0160008,0.0111216,0.0063541,
0.0037136,0.0038645,0.0038819,0.0035374,0.0031129,0.0024716,0.0018513,0.0014625,0.0015247,
0.0117646,0.0130196,0.0141953,0.0157088,0.0162636,0.0174303,0.0162734,0.0134846,0.0097601,
0.0159139,0.0198269,0.020628,0.0233409,0.0235871,0.0246066,0.0259081,0.0227572,0.0181439,
0.0207984,0.0262064,0.0275131,0.0295634,0.0330955,0.0352235,0.0371815,0.0369115,0.030155,
0.0123928,0.0133585,0.0142697,0.0145391,0.0142347,0.0140257,0.0129207,0.0101022,0.0064254,
0.0025574,0.0027757,0.0030523,0.0026274,0.0022418,0.0017336,0.0013491,0.0016554,0.002442,
0.0093957,0.0104926,0.0106942,0.0112091,0.0115209,0.0111729,0.0083439,0.0072018,0.0028076,
0.0097316,0.0090198,0.0113519,0.0109543,0.0110421,0.007839,0.0060504,0.0034735,0.0037028,
0.0174933,0.0191912,0.0231657,0.0244875,0.0290077,0.0278083,0.0242964,0.024889,0.0174145,
0.0037931,0.0047432,0.0050629,0.0042205,0.004391,0.0036833,0.0025231,0.0018359,0.0016348,
0.0128122,0.0185304,0.0174269,0.0202792,0.022539,0.0225044,0.0185607,0.0136132,0.0083255,
0.0155637,0.0162296,0.0187447,0.0205742,0.020992,0.024004,0.0201757,0.0151468,0.0120385,
0.01618,0.0212782,0.0205544,0.0224558,0.0244666,0.0222896,0.0204801,0.0161223,0.0094574,
